0.750475
2.06164
0.36006
0.750508
2.06163
0.335101
0.750512
2.06167
0.310127
0.750507
2.06168
0.285122
0.750569
2.06168
0.260073
0.750597
2.06168
0.235074
0.750621
2.06167
0.210059
0.750637
2.06167
0.18515
0.750632
2.06164
0.185051
0.750718
2.06167
0.185158
0.750651
2.06169
0.185079
0.775691
2.06176
0.18504
0.775655
2.06159
0.185402
0.7757
2.06164
0.185141
0.750606
2.06167
0.210066
0.750669
2.06165
0.210191
0.750569
2.06167
0.21001
0.750632
2.08665
0.210178
0.750609
2.08666
0.210033
0.75071
2.08665
0.21014
0.775732
2.0617
0.210036
0.775702
2.06164
0.210312
0.775639
2.06169
0.210174
0.775546
2.06164
0.210108
0.775673
2.08667
0.210044
0.775694
2.08663
0.210282
0.750646
2.0616
0.235009
0.750668
2.06168
0.235137
0.750499
2.06161
0.234964
0.750648
2.08664
0.235164
0.750602
2.08661
0.234989
0.750677
2.0866
0.235118
0.750598
2.08666
0.235039
0.750786
2.03661
0.235128
0.750656
2.0366
0.235073
0.750657
2.03662
0.235151
0.750612
2.03661
0.234961
0.775686
2.06173
0.235012
0.775697
2.06166
0.235273
0.775646
2.06172
0.235136
0.775568
2.06163
0.234967
0.725641
2.06163
0.235298
0.725651
2.06158
0.234982
0.725613
2.0616
0.234935
0.77567
2.08671
0.23503
0.775708
2.08662
0.235278
0.775657
2.08667
0.235129
0.775677
2.08663
0.234917
0.725582
2.0866
0.2353
0.725625
2.08656
0.234942
0.725675
2.08665
0.234966
0.775754
2.03676
0.235006
0.775651
2.03668
0.235298
0.775695
2.03671
0.235097
0.775605
2.03661
0.234971
0.725628
2.03659
0.235241
0.72562
2.03661
0.234908
0.725655
2.03662
0.235025
0.750624
2.06158
0.260009
0.750653
2.06166
0.260133
0.750619
2.0616
0.259983
0.750597
2.08661
0.25996
0.750608
2.08663
0.259991
0.750662
2.08668
0.260097
0.750648
2.08665
0.260067
0.750763
2.03668
0.260064
0.750608
2.03657
0.260044
0.750647
2.03668
0.260077
0.750626
2.0366
0.260085
0.750775
2.0116
0.260122
0.750574
2.01148
0.259981
0.750619
2.01157
0.260108
0.750614
2.01161
0.260072
0.775708
2.0617
0.260011
0.77568
2.06172
0.260272
0.775635
2.06166
0.260112
0.775624
2.06161
0.260069
0.800697
2.06174
0.260069
0.800655
2.06164
0.26026
0.800649
2.06165
0.260083
0.725617
2.06155
0.260302
0.725648
2.06154
0.259974
0.725625
2.06163
0.260077
0.775697
2.08664
0.26001
0.775695
2.08663
0.260167
0.775634
2.08666
0.260121
0.775635
2.08661
0.260062
0.725599
2.0867
0.260294
0.725622
2.08657
0.259836
0.725676
2.08661
0.260067
0.775702
2.03659
0.260017
0.775702
2.03667
0.260323
0.775627
2.03665
0.260084
0.775607
2.03661
0.260041
0.800692
2.01166
0.260095
0.800681
2.01171
0.260234
0.800618
2.01159
0.260084
0.725599
2.03671
0.260268
0.725604
2.03654
0.259945
0.725616
2.0366
0.260076
0.750633
2.06171
0.285419
0.750616
2.06147
0.284896
0.750606
2.06163
0.285102
0.750617
2.06162
0.285107
0.75063
2.08661
0.284991
0.75063
2.08665
0.285448
0.750597
2.08655
0.284933
0.750597
2.08665
0.285088
0.750618
2.0866
0.285075
0.750732
2.03666
0.285082
0.750625
2.03674
0.285403
0.750593
2.03645
0.284929
0.750578
2.03659
0.285096
0.750606
2.03661
0.285077
0.750744
2.01157
0.285096
0.750589
2.01183
0.285448
0.750546
2.01155
0.285094
0.750575
2.01164
0.285099
0.750579
2.0116
0.285092
0.750635
1.9868
0.285395
0.750525
1.98655
0.284959
0.750583
1.98654
0.285093
0.750572
1.9866
0.285068
0.775693
2.06169
0.284984
0.775636
2.06164
0.285243
0.775629
2.06151
0.284961
0.775579
2.06165
0.285078
0.775572
2.06158
0.285074
0.800651
2.06166
0.285101
0.800585
2.06163
0.285078
0.800589
2.06159
0.285057
0.725535
2.06157
0.285228
0.725584
2.06156
0.28478
0.725591
2.06155
0.285093
0.725573
2.06158
0.285014
0.775685
2.08665
0.28497
0.775635
2.08663
0.285215
0.775579
2.08653
0.284939
0.775573
2.08663
0.285088
0.775599
2.08659
0.285072
0.725507
2.08661
0.285252
0.725568
2.08654
0.284822
0.725575
2.08662
0.285047
0.725589
2.08663
0.285105
0.775606
2.03652
0.28496
0.775609
2.03665
0.285257
0.775588
2.03652
0.284905
0.775594
2.03663
0.285044
0.775614
2.03661
0.285056
0.800619
2.01168
0.285071
0.800632
2.01169
0.285214
0.800554
2.01154
0.285044
0.800571
2.01158
0.285022
0.72553
2.03666
0.285248
0.72557
2.03645
0.284711
0.725587
2.03656
0.285002
0.725582
2.03661
0.285071
0.750576
2.06172
0.310293
0.750532
2.06144
0.309898
0.750572
2.06161
0.31003
0.750552
2.06161
0.310065
0.750567
2.08661
0.309969
0.750574
2.08665
0.310276
0.750517
2.08653
0.309867
0.750545
2.08663
0.310012
0.750542
2.08658
0.310024
0.750567
2.1117
0.309981
0.750575
2.11155
0.310259
0.750518
2.11161
0.309859
0.750542
2.11154
0.310012
0.750626
2.03667
0.310025
0.750575
2.03678
0.310308
0.750512
2.03645
0.309891
0.750528
2.03656
0.310044
0.750554
2.03663
0.310077
0.750643
2.01158
0.310027
0.75059
2.01178
0.310301
0.75053
2.01155
0.309932
0.750534
2.01163
0.310073
0.750555
2.01161
0.310029
0.750688
1.98655
0.310043
0.750579
1.98672
0.310268
0.750523
1.98655
0.310052
0.75054
1.98663
0.310025
0.750574
1.98659
0.310045
0.775609
2.06172
0.309996
0.775605
2.06166
0.310139
0.775476
2.06154
0.309904
0.775536
2.06158
0.310011
0.775542
2.0616
0.310006
0.800633
2.06167
0.310036
0.800555
2.06166
0.310109
0.80054
2.06163
0.309996
0.800547
2.0616
0.31001
0.825578
2.06168
0.310209
0.825519
2.06162
0.310039
0.725492
2.06157
0.310207
0.725559
2.0615
0.309752
0.725522
2.0616
0.310027
0.725549
2.06159
0.31007
0.775655
2.08661
0.31009
0.775571
2.08661
0.310145
0.775535
2.08653
0.309895
0.775539
2.08661
0.310035
0.775519
2.08655
0.310028
0.800578
2.11153
0.310027
0.800583
2.11154
0.310107
0.800531
2.11155
0.30999
0.72549
2.08663
0.310194
0.725524
2.0865
0.309797
0.725541
2.08662
0.309993
0.725534
2.0866
0.310035
0.775607
2.03662
0.310025
0.775603
2.03669
0.310122
0.7755
2.03644
0.309872
0.775516
2.03653
0.309993
0.775529
2.03659
0.30998
0.800574
2.01151
0.310056
0.800616
2.01174
0.310076
0.80054
2.01164
0.309991
0.800517
2.01156
0.31001
0.725405
2.03657
0.31019
0.725521
2.03652
0.309797
0.725524
2.03661
0.309995
0.725532
2.03657
0.310011
0.7505
2.06165
0.335347
0.750522
2.06152
0.334759
0.75053
2.06153
0.334994
0.750538
2.06158
0.335013
0.750539
2.08663
0.334925
0.750504
2.08661
0.335329
0.750519
2.0865
0.334882
0.750533
2.0866
0.334982
0.750507
2.08658
0.334995
0.750539
2.11152
0.334933
0.750493
2.11155
0.335299
0.750477
2.11167
0.334879
0.750505
2.11158
0.334954
0.750518
2.11158
0.334975
0.75064
2.03656
0.334986
0.750483
2.03665
0.335326
0.750535
2.03656
0.334793
0.75049
2.0366
0.335018
0.750514
2.03658
0.335036
0.750583
2.0116
0.334996
0.750488
2.01174
0.335324
0.750524
2.01146
0.334946
0.750489
2.01152
0.335055
0.750509
2.01162
0.33504
0.750615
1.98662
0.335031
0.750539
1.98674
0.335264
0.750487
1.98651
0.33491
0.75047
1.9865
0.334981
0.750485
1.98654
0.334985
0.750629
1.96161
0.334995
0.750524
1.96168
0.335209
0.750466
1.96144
0.334963
0.750463
1.96151
0.335011
0.75048
1.96152
0.335019
0.775522
2.06161
0.334997
0.775435
2.0616
0.33526
0.775479
2.06146
0.334891
0.775469
2.06158
0.335004
0.775503
2.06158
0.335021
0.800531
2.06164
0.335108
0.800479
2.06158
0.334979
0.800484
2.06156
0.335003
0.7254
2.0615
0.335198
0.725527
2.06151
0.334729
0.725462
2.06154
0.334964
0.725471
2.06155
0.334968
0.70043
2.06154
0.335154
0.70053
2.06155
0.334622
0.70049
2.06155
0.334963
0.775537
2.08656
0.335045
0.775498
2.08661
0.335182
0.775436
2.08651
0.334925
0.775521
2.08656
0.334962
0.775477
2.08653
0.334973
0.800515
2.1116
0.335103
0.800472
2.11152
0.334951
0.800488
2.11154
0.334954
0.725439
2.08654
0.335213
0.725472
2.0865
0.334702
0.72547
2.08657
0.334948
0.725483
2.08653
0.334961
0.700392
2.11152
0.33513
0.700521
2.11163
0.334602
0.700482
2.11154
0.334981
0.775549
2.03654
0.335014
0.775479
2.03662
0.335141
0.775493
2.0365
0.334861
0.775459
2.03657
0.334963
0.775468
2.03653
0.334975
0.800548
2.01157
0.335043
0.800446
2.01149
0.334954
0.800456
2.01153
0.334953
0.725438
2.03659
0.33513
0.7255
2.03641
0.334781
0.725453
2.0365
0.334938
0.725463
2.03651
0.334936
0.700365
2.01156
0.335056
0.700508
2.01143
0.334629
0.700475
2.01152
0.334983
0.750483
2.06156
0.36022
0.750462
2.06147
0.359907
0.750425
2.06153
0.36001
0.750467
2.06156
0.359992
0.750467
2.0866
0.359934
0.750478
2.08656
0.360211
0.750438
2.08648
0.359864
0.750445
2.08655
0.35996
0.750447
2.08654
0.359968
0.750463
2.11156
0.359933
0.750399
2.1115
0.360224
0.75042
2.11155
0.359846
0.750435
2.11148
0.359985
0.750435
2.11154
0.359981
0.750494
2.03653
0.360031
0.750465
2.03661
0.360205
0.750435
2.03646
0.35986
0.750427
2.03655
0.359938
0.750449
2.03656
0.359957
0.750593
2.01157
0.359955
0.750497
2.0116
0.360161
0.750482
2.01144
0.35989
0.75042
2.01147
0.35996
0.750453
2.01154
0.359979
0.750595
1.98661
0.35996
0.750453
1.98671
0.360173
0.750444
1.98639
0.359806
0.750412
1.98647
0.359963
0.750426
1.9865
0.359984
0.750594
1.96159
0.359957
0.750501
1.9617
0.360156
0.750458
1.96142
0.35985
0.750405
1.96147
0.359969
0.750428
1.96149
0.359975
0.775528
2.06158
0.359979
0.775447
2.06142
0.359873
0.775417
2.06153
0.359947
0.775429
2.06153
0.359953
0.725391
2.06146
0.360093
0.725453
2.06146
0.359726
0.725424
2.06146
0.359959
0.725436
2.06151
0.35996
0.700404
2.06148
0.360126
0.700489
2.06143
0.359584
0.700417
2.06146
0.359967
0.700428
2.06151
0.359987
0.725393
2.08651
0.360094
0.72549
2.08649
0.359654
0.725428
2.08653
0.359986
0.725439
2.08651
0.359981
0.700363
2.11146
0.360084
0.700483
2.11156
0.359535
0.700442
2.11151
0.359957
0.750393
2.06154
0.385294
0.750446
2.06138
0.384742
0.750396
2.06154
0.384963
0.750404
2.0615
0.384953
0.750427
2.0865
0.384941
0.750333
2.08652
0.385318
0.750408
2.08644
0.384736
0.750395
2.08649
0.384944
0.750391
2.08649
0.384953
0.750399
2.11153
0.384933
0.75032
2.11147
0.385311
0.750416
2.11152
0.384741
0.750391
2.11142
0.38492
0.750402
2.11151
0.384939
0.750428
2.13646
0.384935
0.75031
2.13646
0.385314
0.750378
2.13651
0.384806
0.750379
2.1365
0.384946
0.750489
2.0365
0.384973
0.750345
2.03655
0.385251
0.750409
2.03644
0.384812
0.750347
2.03651
0.384991
0.750344
2.03649
0.384995
0.75048
2.01155
0.384952
0.750339
2.01158
0.385208
0.750377
2.01146
0.384889
0.750332
2.01143
0.384967
0.750349
2.01149
0.384973
0.750493
1.98657
0.384931
0.750346
1.98668
0.385258
0.750317
1.98635
0.384915
0.750365
1.9864
0.384957
0.750365
1.98648
0.384972
0.75052
1.96151
0.384901
0.750327
1.96169
0.385131
0.750368
1.96142
0.384875
0.750315
1.96149
0.384984
0.750325
1.96147
0.385021
0.750548
1.93656
0.384879
0.750354
1.93659
0.385203
0.750336
1.9364
0.384878
0.750313
1.93648
0.384989
0.750306
1.93644
0.385008
