-0.999366
0.0336913
0.0115443
0.0327832
0.996906
-0.0714396
-0.0139154
-0.0710158
-0.997378
-0.999365
0.0337166
0.0115558
0.0328067
0.996901
-0.0715012
-0.0139308
-0.0710766
-0.997374
-0.999365
0.0336891
0.0115729
0.0327787
0.996905
-0.0714609
-0.0139446
-0.0710362
-0.997376
-0.999366
0.0336802
0.0115744
0.0327696
0.996905
-0.071461
-0.0139453
-0.0710364
-0.997376
-0.999366
0.0336709
0.011588
0.0327597
0.996907
-0.071441
-0.0139576
-0.0710161
-0.997378
-0.999366
0.0336722
0.0115765
0.0327615
0.996905
-0.0714611
-0.0139469
-0.0710365
-0.997376
-0.999366
0.0336831
0.0115765
0.0327723
0.996905
-0.0714611
-0.0139477
-0.0710363
-0.997376
-0.999365
0.033685
0.0115779
0.0327741
0.996905
-0.0714611
-0.0139492
-0.0710363
-0.997376
-0.993139
0.0359992
0.111261
0.0282402
0.997109
-0.0705432
-0.113479
-0.0669171
-0.991284
-0.991937
0.126706
0.00250597
0.126255
0.989731
-0.067027
-0.010973
-0.0661702
-0.997748
-0.997844
-0.0641951
0.0136838
-0.0649655
0.995681
-0.0663269
-0.00936687
-0.0670728
-0.997704
-0.999435
0.0314938
0.0116995
0.0306403
0.997276
-0.0670961
-0.0137808
-0.0666998
-0.997678
-0.995747
0.027348
-0.0879824
0.0330089
0.997433
-0.0635431
0.0860187
-0.066177
-0.994093
-0.992175
0.124825
0.00292548
0.124395
0.990234
-0.0629548
-0.0107552
-0.0620982
-0.998012
-0.993258
0.0316653
0.111519
0.0248285
0.997757
-0.0621705
-0.113238
-0.0589825
-0.991816
-0.9924
0.123012
0.00333428
0.122601
0.990692
-0.0591502
-0.0105794
-0.0582919
-0.998244
-0.997602
-0.0679383
0.0132263
-0.0685981
0.995939
-0.0583068
-0.00921134
-0.0590742
-0.998211
-0.999541
0.0278534
0.0118919
0.0271059
0.997892
-0.0589638
-0.0135092
-0.0586144
-0.998189
-0.993316
0.0296818
0.111545
0.0232534
0.998017
-0.0584965
-0.11306
-0.0555117
-0.992036
-0.992598
0.12139
0.00380907
0.120995
0.991107
-0.0553884
-0.0104988
-0.0545175
-0.998458
-0.999588
0.0260599
0.0120144
0.0253558
0.99814
-0.0554421
-0.0134368
-0.0551147
-0.99839
-0.995891
0.0226088
-0.0876929
0.0272778
0.998253
-0.0524146
0.0863546
-0.0545913
-0.994768
-0.992794
0.119763
0.00414711
0.119387
0.991483
-0.0520401
-0.0103443
-0.05117
-0.998636
-0.997377
-0.0712517
0.0127397
-0.0718161
0.996095
-0.0513612
-0.00903038
-0.0521414
-0.998599
-0.999626
0.0245366
0.0121166
0.0238778
0.998371
-0.0518143
-0.0133682
-0.0515055
-0.998583
-0.995926
0.0212055
-0.0876494
0.0255861
0.998463
-0.049161
0.0864722
-0.0512033
-0.994938
-0.993412
0.0246465
0.111915
0.0193559
0.998654
-0.0481171
-0.11295
-0.0456339
-0.992552
-0.993134
0.116886
0.0047944
0.116545
0.992124
-0.0459084
-0.0101227
-0.0450344
-0.998934
-0.997169
-0.0741869
0.0122736
-0.0746713
0.996176
-0.0453528
-0.00886204
-0.0461408
-0.998896
-0.999692
0.0215901
0.0121976
0.0210115
0.998733
-0.0457235
-0.0131693
-0.0454532
-0.99888
-0.993461
0.0230447
0.111822
0.0180581
0.998805
-0.0454038
-0.112735
-0.0430876
-0.99269
-0.993276
0.115662
0.0050071
0.115342
0.992388
-0.0431478
-0.00995957
-0.0422801
-0.999056
-0.99707
-0.075513
0.0122302
-0.075967
0.996212
-0.0423097
-0.00898896
-0.0431149
-0.99903
-0.999717
0.0203244
0.0123884
0.0197753
0.998882
-0.0429405
-0.0132473
-0.0426834
-0.999001
-0.993474
0.0216719
0.111984
0.0170025
0.998952
-0.0424858
-0.112788
-0.0403045
-0.992801
-0.993418
0.114424
0.00535009
0.114116
0.992641
-0.0405057
-0.00994552
-0.0396285
-0.999165
-0.996978
-0.0767586
0.0119361
-0.0771774
0.99622
-0.0398557
-0.0088317
-0.0406564
-0.999134
-0.999746
0.0189
0.0123159
0.0183886
0.999015
-0.0403847
-0.013067
-0.0401479
-0.999108
-0.996035
0.016438
-0.0874323
0.0198341
0.999076
-0.0381171
0.086725
-0.0397001
-0.995441
-0.993559
0.113177
0.005605
0.112885
0.992882
-0.0379777
-0.00986328
-0.0371003
-0.999263
-0.996889
-0.0779236
0.0118177
-0.0783142
0.996231
-0.0372951
-0.008867
-0.0381045
-0.999234
-0.999764
0.0178568
0.012406
0.017377
0.999135
-0.0377693
-0.0130697
-0.0375448
-0.999209
-0.99351
0.0191527
0.112119
0.0150489
0.999189
-0.0373345
-0.112743
-0.0354049
-0.992993
-0.996807
-0.0789874
0.0116655
-0.0793514
0.996232
-0.0349938
-0.00885752
-0.0358077
-0.999319
-0.999784
0.0166672
0.0124169
0.0162182
0.999241
-0.0354217
-0.0129979
-0.0352127
-0.999295
-0.996069
0.0145071
-0.0873862
0.0174952
0.999285
-0.0335263
0.0868374
-0.0349233
-0.99561
-0.993786
0.111139
0.00604593
0.110878
0.993272
-0.033432
-0.00972086
-0.0325539
-0.999423
-0.996725
-0.0800304
0.0115792
-0.0803703
0.996229
-0.0326898
-0.00891938
-0.0335134
-0.999398
-0.9998
0.0157475
0.0123562
0.0153284
0.999327
-0.033313
-0.0128725
-0.0331169
-0.999369
-0.993559
0.0168462
0.112058
0.0132178
0.999367
-0.0330434
-0.112544
-0.0313493
-0.993152
-0.996647
-0.0810217
0.0114049
-0.0813375
0.996215
-0.0306598
-0.0088776
-0.0314846
-0.999465
-0.999814
0.0146616
0.0125652
0.014264
0.999412
-0.0311708
-0.0130148
-0.0309857
-0.999435
-0.996097
0.012695
-0.087346
0.0153355
0.999443
-0.0296259
0.0869213
-0.0308498
-0.995737
-0.993996
0.109227
0.00638918
0.108994
0.993604
-0.0295287
-0.00957365
-0.028655
-0.999543
-0.996577
-0.0819167
0.0111759
-0.0822089
0.996198
-0.0288342
-0.0087714
-0.0296542
-0.999522
-0.999825
0.0138681
0.0125202
0.0134952
0.999477
-0.0293865
-0.0129212
-0.0292124
-0.99949
-0.993585
0.0147615
0.112121
0.011575
0.999512
-0.0290178
-0.112495
-0.0275338
-0.993271
-0.996509
-0.0827469
0.0110803
-0.0830197
0.996183
-0.0269761
-0.00880582
-0.0278018
-0.999575
-0.99358
0.013946
0.112267
0.010966
0.999572
-0.0271178
-0.112597
-0.0257126
-0.993308
-0.994169
0.107628
0.00667566
0.10742
0.99387
-0.0261237
-0.00944638
-0.0252542
-0.999636
-0.996442
-0.0835741
0.0108739
-0.0838278
0.996155
-0.0254587
-0.0087044
-0.0262797
-0.999617
-0.999848
0.0122084
0.0124367
0.0118846
0.999597
-0.0257874
-0.0127465
-0.0256356
-0.99959
-0.9936
0.0129969
0.112204
0.0101922
0.999622
-0.0255344
-0.112494
-0.0242274
-0.993357
-0.994247
0.106895
0.00684539
0.106699
0.993991
-0.024445
-0.00941729
-0.023574
-0.999678
-0.996382
-0.0842984
0.0108403
-0.0845349
0.996141
-0.0236118
-0.00880805
-0.0244428
-0.999662
-0.999856
0.0113782
0.0125699
0.0110718
0.999646
-0.024181
-0.0128406
-0.0240384
-0.999629
-0.993599
0.0123161
0.112293
0.00971319
0.999672
-0.0236978
-0.112548
-0.0224554
-0.993393
-0.994325
0.106157
0.00692049
0.105973
0.994102
-0.0230247
-0.0093239
-0.0221606
-0.999711
-0.996322
-0.0850248
0.0106225
-0.0852445
0.99611
-0.0223063
-0.00868456
-0.0231298
-0.999695
-0.999863
0.010727
0.0125726
0.0104384
0.999686
-0.0227981
-0.0128132
-0.0226638
-0.999661
-0.993611
0.0116316
0.112263
0.00917873
0.999708
-0.0223418
-0.11249
-0.0211686
-0.993427
-0.994383
0.105608
0.00701069
0.105434
0.994189
-0.0217023
-0.00926188
-0.0208412
-0.99974
-0.996266
-0.0856856
0.0105497
-0.0858911
0.996086
-0.0208715
-0.00872001
-0.0216997
-0.999727
-0.99987
0.00999407
0.0126147
0.00972517
0.999728
-0.0212008
-0.0128231
-0.0210754
-0.999696
-0.996144
0.0085537
-0.0873143
0.0103556
0.999742
-0.0202045
0.087119
-0.0210307
-0.995976
-0.994454
0.104923
0.00722387
0.104758
0.994291
-0.0202927
-0.00931179
-0.0194234
-0.999768
-0.996214
-0.0863057
0.0104842
-0.0864979
0.996061
-0.0195235
-0.00875796
-0.0203564
-0.999754
-0.999879
0.00926975
0.01253
0.00901762
0.999759
-0.0200309
-0.0127127
-0.0199154
-0.999721
-0.996148
0.00809975
-0.0873171
0.00979644
0.999771
-0.0190203
0.087143
-0.0198025
-0.995999
-0.994516
0.104336
0.00727212
0.104181
0.994374
-0.0191341
-0.00922757
-0.0182715
-0.99979
-0.999881
0.00893422
0.0125759
0.00869795
0.999787
-0.0187189
-0.0127405
-0.0186073
-0.999746
-0.993625
0.0095441
0.112327
0.00751856
0.999802
-0.0184423
-0.112481
-0.0174802
-0.9935
-0.996118
-0.0874251
0.0102921
-0.0875926
0.996009
-0.0171281
-0.00875361
-0.0179631
-0.9998
-0.999887
0.00825517
0.0125436
0.00803368
0.999813
-0.0176061
-0.0126865
-0.0175033
-0.999766
-0.996158
0.0071525
-0.0872802
0.00863872
0.999824
-0.0166624
0.0871456
-0.0173523
-0.996044
-0.994623
0.103291
0.00748623
0.103154
0.994522
-0.0168774
-0.00918852
-0.0160145
-0.99983
-0.996075
-0.0879158
0.0102222
-0.0880722
0.995986
-0.0160069
-0.00877386
-0.0168443
-0.99982
-0.999892
0.00769289
0.0125177
0.00748617
0.999836
-0.0164786
-0.0126424
-0.0163831
-0.999786
-0.993654
0.00835012
0.112173
0.00654693
0.999844
-0.0164338
-0.112293
-0.0155952
-0.993553
-0.996036
-0.0883804
0.0100969
-0.0885261
0.99596
-0.0150374
-0.00872709
-0.0158717
-0.999836
-0.999893
0.00733208
0.0126287
0.00713486
0.999853
-0.0155915
-0.0127412
-0.0154997
-0.999799
-0.996159
0.00627492
-0.0873356
0.00758612
0.999863
-0.0146895
0.0872314
-0.0152956
-0.996071
-0.994718
0.102365
0.0075955
0.102244
0.994647
-0.0149539
-0.0090856
-0.0140983
-0.999859
-0.995995
-0.0888449
0.0099946
-0.088981
0.995933
-0.0141137
-0.00870003
-0.0149465
-0.99985
-0.999897
0.00684493
0.0126178
0.00666108
0.999872
-0.0145554
-0.0127158
-0.0144698
-0.999814
-0.996164
0.00583177
-0.087309
0.00706197
0.99988
-0.0137879
0.0872181
-0.0143516
-0.996086
-0.994751
0.102031
0.007727
0.101916
0.994694
-0.0140039
-0.00911484
-0.0131429
-0.999872
-0.9999
0.00635223
0.0126161
0.00618032
0.999888
-0.0136181
-0.0127012
-0.0135388
-0.999828
-0.993649
0.00698435
0.112309
0.00551494
0.999895
-0.013389
-0.112391
-0.0126846
-0.993583
-0.995923
-0.0896687
0.00987845
-0.0897884
0.995883
-0.0124247
-0.00872368
-0.013261
-0.999874
-0.99617
0.00510593
-0.0872884
0.00618838
0.999907
-0.0121347
0.0872183
-0.0126284
-0.996109
-0.993661
0.00659418
0.112228
0.00519816
0.999905
-0.0127272
-0.112301
-0.0120632
-0.993601
-0.994837
0.101181
0.00782767
0.101079
0.9948
-0.0124986
-0.00905159
-0.0116429
-0.999891
-0.995888
-0.0900605
0.00983695
-0.0901722
0.995859
-0.0115754
-0.00875372
-0.0124149
-0.999885
-0.999905
0.00568228
0.0125619
0.00553211
0.999913
-0.0119577
-0.0126288
-0.011887
-0.99985
-0.99617
0.00483536
-0.087303
0.00585625
0.999917
-0.0114413
0.0872404
-0.0119088
-0.996116
-0.993671
0.00608553
0.112165
0.00476363
0.999916
-0.0120495
-0.112229
-0.0114389
-0.993617
-0.994872
0.100837
0.00790393
0.100741
0.994844
-0.0116766
-0.00904061
-0.0108205
-0.999901
-0.995861
-0.0903642
0.00974665
-0.0904685
0.99584
-0.0108544
-0.00872526
-0.0116913
-0.999894
-0.999907
0.00524856
0.012589
0.00510562
0.999922
-0.0113598
-0.0126476
-0.0112945
-0.999856
-0.996171
0.00445012
-0.0873099
0.00540933
0.999928
-0.0107527
0.0872558
-0.0111839
-0.996123
-0.99367
0.00586639
0.112182
0.00463658
0.999926
-0.0112204
-0.11224
-0.0106293
-0.993624
-0.994894
0.100614
0.00794057
0.100524
0.994874
-0.0109814
-0.00900475
-0.0101271
-0.999908
-0.995832
-0.0906832
0.00972105
-0.0907806
0.99582
-0.0100993
-0.00876458
-0.0109397
-0.999902
-0.999907
0.00505451
0.0126278
0.00492123
0.999932
-0.0105631
-0.0126803
-0.0105
-0.999864
-0.996175
0.00410431
-0.0872785
0.00499967
0.999937
-0.0100425
0.0872318
-0.0104404
-0.996133
-0.993654
0.00543372
0.11235
0.00429685
0.999937
-0.0103587
-0.1124
-0.00981018
-0.993615
-0.994931
0.100244
0.00801221
0.100159
0.994918
-0.0103359
-0.0090076
-0.00948103
-0.999914
-0.995806
-0.090977
0.00963259
-0.0910683
0.995799
-0.00950718
-0.00872719
-0.0103445
-0.999908
-0.996175
0.00388011
-0.0872994
0.00471937
0.999945
-0.0094093
0.087258
-0.0097853
-0.996138
-0.993679
0.00507478
0.112145
0.00398511
0.999943
-0.00993864
-0.112189
-0.0094289
-0.993642
-0.994946
0.100092
0.00805033
0.100012
0.994939
-0.00973624
-0.00898411
-0.0088819
-0.99992
-0.995782
-0.0912504
0.00959517
-0.0913358
0.995781
-0.00888071
-0.00874431
-0.00971963
-0.999915
-0.999911
0.0043409
0.012592
0.00422445
0.999948
-0.00925968
-0.0126315
-0.00920567
-0.999878
-0.996174
0.00377028
-0.0873094
0.00456073
0.99995
-0.00885578
0.0872717
-0.00922009
-0.996142
-0.993678
0.00478276
0.112165
0.00375806
0.999949
-0.00934533
-0.112204
-0.00886473
-0.993646
-0.994986
0.0996886
0.00810125
0.0996141
0.994984
-0.00913656
-0.00897142
-0.00828374
-0.999925
-0.995758
-0.0915228
0.00951448
-0.0916028
0.995761
-0.00834597
-0.0087103
-0.00918212
-0.99992
-0.999913
0.00410097
0.0125691
0.00399195
0.999954
-0.00868671
-0.0126041
-0.00863578
-0.999883
-0.995008
0.0994661
0.00812437
0.0993958
0.99501
-0.00863293
-0.00894252
-0.0077823
-0.99993
-0.995735
-0.0917659
0.00950325
-0.0918409
0.995743
-0.00777762
-0.00874908
-0.00861724
-0.999925
-0.999914
0.00394299
0.0125354
0.00384104
0.999959
-0.00814626
-0.012567
-0.00809741
-0.999888
-0.993681
0.00420727
0.112166
0.0033029
0.999961
-0.00824736
-0.112196
-0.00782477
-0.993655
-0.99502
0.0993394
0.00813491
0.0992732
0.995027
-0.00817603
-0.00890665
-0.00732774
-0.999933
-0.995716
-0.0919761
0.00944702
-0.0920463
0.995728
-0.00728277
-0.00873682
-0.00812113
-0.999929
-0.999914
0.00366213
0.0125646
0.00356785
0.999965
-0.00751766
-0.0125917
-0.00747218
-0.999893
-0.996174
0.00315186
-0.087338
0.00380452
0.999966
-0.00730738
0.087312
-0.0076117
-0.996152
-0.993685
0.00397638
0.112137
0.00313067
0.999965
-0.00771692
-0.112163
-0.00731713
-0.993663
-0.995051
0.0990287
0.00821797
0.0989669
0.995062
-0.00760871
-0.00893086
-0.00675774
-0.999937
-0.995696
-0.0921954
0.0094128
-0.0922606
0.995712
-0.0067532
-0.00874983
-0.00759256
-0.999933
-0.999916
0.00348114
0.0125026
0.00339249
0.999969
-0.00710477
-0.012527
-0.00706175
-0.999897
-0.99369
0.0037283
0.112102
0.00292432
0.999969
-0.00733543
-0.112126
-0.00696131
-0.99367
-0.995072
0.0988143
0.00819165
0.0987559
0.995085
-0.00725181
-0.00886797
-0.0064071
-0.99994
-0.995677
-0.0924029
0.00941654
-0.0924635
0.995697
-0.00621448
-0.00880178
-0.0070583
-0.999936
-0.999917
0.00332724
0.0124514
0.00324128
0.999971
-0.00691753
-0.0124741
-0.0068766
-0.999899
-0.996172
0.00280815
-0.0873682
0.0033846
0.999973
-0.00645054
0.0873478
-0.00672156
-0.996155
-0.993693
0.00352182
0.112078
0.00276635
0.999972
-0.00689533
-0.1121
-0.00654179
-0.993675
-0.995089
0.0986459
0.00821629
0.0985915
0.995105
-0.00678335
-0.00884522
-0.00593998
-0.999943
-0.995662
-0.0925713
0.00938509
-0.0926284
0.995684
-0.0058497
-0.00880307
-0.00669365
-0.999939
-0.999917
0.00302806
0.0125271
0.00294908
0.999976
-0.00631817
-0.0125459
-0.00628071
-0.999902
-0.996174
0.00261216
-0.087351
0.00314849
0.999977
-0.00600277
0.0873333
-0.00625483
-0.996159
-0.995096
0.0985705
0.00826317
0.0985194
0.995115
-0.00637798
-0.00885148
-0.00553261
-0.999946
-0.995647
-0.0927451
0.00928924
-0.092799
0.995669
-0.00554019
-0.00873519
-0.0063781
-0.999942
-0.999918
0.00284906
0.0125097
0.00277401
0.999978
-0.00601281
-0.0125266
-0.00597762
-0.999904
-0.993689
0.00324259
0.112124
0.00258859
0.999979
-0.00597797
-0.112141
-0.00565001
-0.993676
-0.995114
0.0983846
0.00828469
0.0983366
0.995135
-0.00602105
-0.00883676
-0.00517694
-0.999948
-0.995631
-0.0929147
0.00930173
-0.0929644
0.995657
-0.00505993
-0.00879119
-0.00590255
-0.999944
-0.996177
0.00226302
-0.0873315
0.00273405
0.999982
-0.00527444
0.087318
-0.00549304
-0.996165
-0.993694
0.00307321
0.112086
0.00244665
0.999981
-0.00572715
-0.112101
-0.00541679
-0.993682
-0.995134
0.0981742
0.00833265
0.0981285
0.995157
-0.00573412
-0.00885524
-0.00488855
-0.999949
-0.995615
-0.0930853
0.00921662
-0.0931322
0.995642
-0.00479632
-0.00872999
-0.00563366
-0.999946
-0.999918
0.00260455
0.0125119
0.00254064
0.999984
-0.00512067
-0.012525
-0.00508846
-0.999909
-0.996173
0.00218562
-0.0873728
0.00263324
0.999984
-0.00500812
0.0873604
-0.00521903
-0.996163
-0.99369
0.00280036
0.112126
0.00221524
0.999983
-0.00534272
-0.112139
-0.00506062
-0.99368
-0.995152
0.097988
0.00835799
0.0979453
0.995177
-0.00537417
-0.00884429
-0.00452949
-0.999951
-0.995603
-0.0932209
0.00918607
-0.0932653
0.995631
-0.00453214
-0.00872344
-0.00536895
-0.999948
-0.999919
0.00233552
0.0125032
0.0022751
0.999986
-0.00484431
-0.0125143
-0.00481547
-0.99991
-0.996175
0.00214621
-0.087356
0.00256544
0.999986
-0.00468711
0.0873447
-0.00489329
-0.996166
-0.993691
0.00257388
0.112126
0.00203109
0.999986
-0.00495482
-0.112138
-0.00469582
-0.993682
-0.995152
0.0979864
0.00839275
0.0979469
0.995179
-0.00499618
-0.00884184
-0.00414992
-0.999952
-0.999919
0.00223888
0.0125453
0.00218206
0.999987
-0.00454084
-0.0125553
-0.0045131
-0.999911
-0.996175
0.00181141
-0.0873602
0.00219979
0.999988
-0.00434966
0.0873513
-0.0045252
-0.996167
-0.99369
0.00258554
0.112132
0.00207808
0.999987
-0.00464221
-0.112143
-0.0043799
-0.993682
-0.995171
0.0978016
0.00838401
0.0977636
0.995198
-0.00483059
-0.00881618
-0.00398761
-0.999953
-0.995578
-0.09348
0.00924875
-0.0935179
0.995611
-0.003752
-0.00885742
-0.00460033
-0.99995
-0.99992
0.00220974
0.0124814
0.00215611
0.999988
-0.00430849
-0.0124908
-0.00428123
-0.999913
-0.996175
0.00169463
-0.0873606
0.00206401
0.999989
-0.00413812
0.0873527
-0.00430261
-0.996168
-0.993677
0.0023596
0.112249
0.00189898
0.999989
-0.00421031
-0.112258
-0.00397053
-0.993671
-0.995193
0.0975773
0.00838787
0.0975415
0.995221
-0.00458564
-0.00879524
-0.00374543
-0.999954
-0.995569
-0.093584
0.00919881
-0.0936197
0.995602
-0.00352316
-0.00882864
-0.00436873
-0.999951
-0.99992
0.00210627
0.012491
0.00205642
0.99999
-0.00400224
-0.0124993
-0.00397623
-0.999914
-0.996177
0.00168437
-0.0873443
0.00202618
0.999991
-0.00382484
0.087337
-0.00398719
-0.996171
-0.993672
0.00224245
0.1123
0.00182085
0.999991
-0.00385669
-0.112308
-0.0036278
-0.993667
-0.995202
0.0974798
0.00845233
0.0974467
0.995232
-0.00424902
-0.00882622
-0.00340498
-0.999955
-0.995557
-0.0937137
0.00921294
-0.0937471
0.995591
-0.00326143
-0.00886668
-0.00411062
-0.999952
-0.99992
0.00178481
0.0125062
0.0017376
0.999991
-0.00378516
-0.0125128
-0.00376312
-0.999915
-0.996176
0.00160977
-0.08735
0.00193204
0.999992
-0.00360499
0.0873435
-0.00375997
-0.996171
-0.993689
0.00206996
0.11215
0.00165066
0.999991
-0.00383146
-0.112157
-0.00362216
-0.993684
-0.995204
0.0974517
0.00847758
0.0974208
0.995235
-0.00398594
-0.00882563
-0.00314093
-0.999956
-0.995546
-0.0938386
0.00911292
-0.0938701
0.99558
-0.003096
-0.00878211
-0.00393764
-0.999954
-0.99992
0.00174446
0.012548
0.00170038
0.999992
-0.00352315
-0.012554
-0.00350153
-0.999915
-0.996176
0.00149963
-0.0873539
0.0018028
0.999993
-0.00339175
0.0873482
-0.00353626
-0.996172
-0.99522
0.0972833
0.00850673
0.0972544
0.995252
-0.00374983
-0.00883114
-0.00290459
-0.999957
-0.995536
-0.0939459
0.00906514
-0.0939755
0.99557
-0.00289589
-0.00875293
-0.00373487
-0.999955
-0.99992
0.00163802
0.012539
0.00159702
0.999993
-0.00327904
-0.0125443
-0.00325876
-0.999916
-0.995217
0.0973151
0.00848518
0.0972861
0.995249
-0.00377696
-0.00881242
-0.00293341
-0.999957
-0.99992
0.0017381
0.0125108
0.00169708
0.999993
-0.00328821
-0.0125164
-0.00326672
-0.999916
-0.993694
0.0018846
0.11211
0.00151239
0.999993
-0.00340497
-0.112115
-0.00321395
-0.99369
-0.995227
0.0972149
0.00848763
0.0971874
0.99526
-0.00359928
-0.0087973
-0.00275722
-0.999958
-0.995528
-0.0940373
0.00905239
-0.0940652
0.995562
-0.00270713
-0.00875765
-0.00354654
-0.999955
-0.99992
0.00161329
0.0125494
0.00157635
0.999994
-0.00295302
-0.0125541
-0.002933
-0.999917
-0.996173
0.00136564
-0.0873903
0.00163448
0.999994
-0.00300488
0.0873857
-0.00313622
-0.99617
-0.993691
0.00173345
0.112141
0.00138467
0.999994
-0.00318808
-0.112145
-0.00301269
-0.993687
-0.995239
0.0970898
0.00850149
0.097064
0.995272
-0.00339333
-0.00879076
-0.00255198
-0.999958
-0.995522
-0.0941002
0.00899892
-0.0941265
0.995557
-0.00254366
-0.00871957
-0.00337931
-0.999956
-0.99992
0.00156145
0.0125113
0.00152529
0.999995
-0.00289917
-0.0125157
-0.00287986
-0.999918
-0.996173
0.00131854
-0.0873945
0.00157432
0.999995
-0.00285795
0.0873903
-0.0029846
-0.99617
-0.99524
0.0970863
0.00850068
0.0970622
0.995273
-0.00321077
-0.00877222
-0.00237039
-0.999959
-0.999921
0.00137434
0.0124905
0.00134041
0.999995
-0.00272413
-0.0124942
-0.00270718
-0.999918
-0.993698
0.00158774
0.112076
0.00127543
0.999995
-0.00285821
-0.11208
-0.00269725
-0.993696
-0.995253
0.0969434
0.00851935
0.096921
0.995288
-0.00299636
-0.00876968
-0.00215643
-0.999959
-0.995503
-0.0942997
0.00899519
-0.094322
0.99554
-0.00208563
-0.0087584
-0.00292469
-0.999957
-0.999921
0.00134472
0.0125102
0.00131369
0.999996
-0.00248831
-0.0125135
-0.00247168
-0.999919
-0.996173
0.00104106
-0.087393
0.00126487
0.999996
-0.00250561
0.08739
-0.00260656
-0.996171
-0.993693
0.00160099
0.112128
0.00132426
0.999996
-0.00254243
-0.112131
-0.0023779
-0.993691
-0.995255
0.096927
0.00851229
0.0969055
0.995289
-0.00290161
-0.00875344
-0.00206296
-0.99996
-0.995496
-0.0943742
0.00897258
-0.0943951
0.995533
-0.0019324
-0.00875013
-0.00277067
-0.999958
-0.999921
0.00138624
0.0125065
0.00135728
0.999996
-0.0023236
-0.0125097
-0.00230644
-0.999919
-0.996174
0.000950619
-0.0873909
0.00115834
0.999997
-0.00232629
0.0873884
-0.00241862
-0.996171
-0.995273
0.0967448
0.00852536
0.0967247
0.995307
-0.0027397
-0.00875041
-0.00190214
-0.99996
-0.995492
-0.0944272
0.00891621
-0.0944472
0.995528
-0.00185416
-0.00870125
-0.00268791
-0.999959
-0.999922
0.00123627
0.012434
0.00120816
0.999997
-0.0022682
-0.0124367
-0.002253
-0.99992
-0.99369
0.00131309
0.112153
0.00106756
0.999997
-0.00224926
-0.112156
-0.00211534
-0.993688
-0.995276
0.096713
0.00854087
0.0966943
0.995311
-0.00256818
-0.0087492
-0.00173019
-0.99996
-0.995483
-0.094519
0.00889586
-0.094538
0.99552
-0.00173503
-0.00869201
-0.00256819
-0.999959
-0.996172
0.000914903
-0.0874064
0.00109673
0.999997
-0.00203229
0.0874043
-0.00212038
-0.996171
-0.993698
0.00123222
0.112086
0.000989688
0.999997
-0.00221945
-0.112088
-0.00209453
-0.993696
-0.995272
0.0967467
0.0085404
0.096729
0.995308
-0.00246199
-0.00873851
-0.00162425
-0.99996
-0.995479
-0.0945652
0.008934
-0.0945825
0.995516
-0.0015398
-0.00874833
-0.00237784
-0.999959
-0.999922
0.00100822
0.0124726
0.000983753
0.999998
-0.00196756
-0.0124746
-0.00195513
-0.99992
-0.996171
0.000897135
-0.0874188
0.00106927
0.999998
-0.00192231
0.0874169
-0.00200842
-0.99617
-0.993697
0.00119134
0.112096
0.000967524
0.999997
-0.00205105
-0.112098
-0.00192966
-0.993695
-0.995287
0.0965945
0.00856096
0.0965779
0.995323
-0.00232502
-0.0087455
-0.00148726
-0.999961
-0.995472
-0.0946372
0.00890112
-0.0946536
0.995509
-0.00143132
-0.00872569
-0.00226736
-0.999959
-0.999922
0.00105971
0.012468
0.0010369
0.999998
-0.00183588
-0.0124699
-0.00182281
-0.999921
-0.996172
0.000892369
-0.087413
0.00105532
0.999998
-0.00181796
0.0874112
-0.00190325
-0.996171
-0.993699
0.00093711
0.112079
0.000724929
0.999998
-0.00193387
-0.112081
-0.00184044
-0.993697
-0.995291
0.0965561
0.00854378
0.0965404
0.995327
-0.00222924
-0.00871909
-0.00139393
-0.999961
-0.995468
-0.0946837
0.00889395
-0.0946992
0.995505
-0.00134609
-0.00872652
-0.00218224
-0.99996
-0.999922
0.00100205
0.0124855
0.000980878
0.999998
-0.00170192
-0.0124872
-0.00168954
-0.999921
-0.996171
0.000767599
-0.0874271
0.00092028
0.999998
-0.00170608
0.0874256
-0.00178001
-0.996169
-0.99369
0.00101049
0.11216
0.000829426
0.999998
-0.00166097
-0.112162
-0.00155746
-0.993689
-0.995298
0.096484
0.00853381
0.0964692
0.995334
-0.00212964
-0.00869946
-0.00129638
-0.999961
-0.995463
-0.0947382
0.00888325
-0.0947525
0.9955
-0.00119269
-0.00873029
-0.00202899
-0.99996
-0.999922
0.000915823
0.012459
0.00089637
0.999998
-0.00156684
-0.0124604
-0.00155555
-0.999921
-0.996171
0.000623709
-0.0874233
0.000765072
0.999998
-0.00158349
0.0874221
-0.00164432
-0.99617
-0.993683
0.00109561
0.112216
0.000931343
0.999998
-0.00151621
-0.112217
-0.00140213
-0.993683
-0.995293
0.0965297
0.00858209
0.0965161
0.995329
-0.00198854
-0.00873396
-0.00115087
-0.999961
-0.995456
-0.094802
0.00895657
-0.0948145
0.995494
-0.000980404
-0.00882328
-0.00182516
-0.999959
-0.999922
0.000817167
0.0124697
0.000798809
0.999999
-0.00147709
-0.0124709
-0.00146702
-0.999921
-0.99617
0.000551255
-0.0874325
0.00068876
0.999999
-0.00154254
0.0874315
-0.00159686
-0.996169
-0.993683
0.000963173
0.112223
0.000806977
0.999999
-0.00143725
-0.112224
-0.00133761
-0.993682
-0.995295
0.0965046
0.00858869
0.0964916
0.995332
-0.00190845
-0.00873278
-0.00107073
-0.999961
-0.995455
-0.0948172
0.00887818
-0.0948299
0.995493
-0.00101916
-0.00874153
-0.00185645
-0.99996
-0.999922
0.000751082
0.0124686
0.000733594
0.999999
-0.00140705
-0.0124697
-0.00139779
-0.999921
-0.996172
0.000573824
-0.0874163
0.000704958
0.999999
-0.00146925
0.0874154
-0.00152525
-0.996171
-0.993681
0.000976479
0.112233
0.00082733
0.999999
-0.00137549
-0.112234
-0.00127394
-0.993681
-0.995302
0.0964413
0.00859884
0.0964292
0.995338
-0.00181111
-0.00873342
-0.000973424
-0.999961
-0.995453
-0.0948399
0.00886245
-0.0948519
0.995491
-0.000942263
-0.00873312
-0.0017786
-0.99996
-0.999922
0.000685197
0.0124724
0.000668476
0.999999
-0.00134477
-0.0124733
-0.00133633
-0.999921
-0.996172
0.000574244
-0.0874145
0.000697529
0.999999
-0.00137981
0.0874136
-0.0014355
-0.996171
-0.993695
0.000863734
0.112111
0.000709863
0.999999
-0.0014124
-0.112112
-0.00132391
-0.993695
-0.995316
0.096288
0.008618
0.0962765
0.995353
-0.00173665
-0.00874517
-0.00089881
-0.999961
-0.99544
-0.0949642
0.00895027
-0.094975
0.995479
-0.000790005
-0.00883478
-0.00163645
-0.99996
-0.999922
0.000617327
0.0124905
0.000601812
0.999999
-0.00124589
-0.0124913
-0.00123827
-0.999921
-0.995315
0.0962964
0.0086203
0.096285
0.995352
-0.00172454
-0.00874631
-0.000886453
-0.999961
-0.995441
-0.0949638
0.00887136
-0.0949754
0.995479
-0.000896292
-0.00874614
-0.00173477
-0.99996
-0.999922
0.000752687
0.0124509
0.000737109
0.999999
-0.00125567
-0.0124518
-0.0012464
-0.999922
-0.993694
0.000762395
0.112123
0.000620612
0.999999
-0.00129944
-0.112123
-0.00122166
-0.993694
-0.995315
0.0963008
0.00861861
0.09629
0.995352
-0.0016567
-0.00873809
-0.000819051
-0.999961
-0.995438
-0.0950007
0.00883576
-0.0950118
0.995476
-0.000848138
-0.00871521
-0.00168377
-0.999961
-0.999922
0.000663098
0.0124526
0.000648059
0.999999
-0.0012117
-0.0124534
-0.00120354
-0.999922
-0.993692
0.000673078
0.112138
0.00054197
0.999999
-0.00119964
-0.112139
-0.00113129
-0.993692
-0.995436
-0.095021
0.008854
-0.0950312
0.995474
-0.000736888
-0.0087439
-0.00157493
-0.999961
-0.999922
0.000596808
0.0124814
0.000583265
0.999999
-0.00108867
-0.0124821
-0.00108131
-0.999922
-0.996171
0.000441872
-0.0874253
0.000548022
0.999999
-0.00119018
0.0874247
-0.00123354
-0.99617
-0.993701
0.000659
0.112065
0.000518421
0.999999
-0.00128358
-0.112065
-0.0012174
-0.9937
-0.995328
0.0961638
0.00861507
0.0961534
0.995365
-0.00161269
-0.00873023
-0.000776791
-0.999962
-0.995433
-0.0950477
0.00884513
-0.0950575
0.995472
-0.000695755
-0.00873894
-0.00153337
-0.999961
-0.999922
0.00052558
0.012463
0.000512691
0.999999
-0.00103737
-0.0124635
-0.0010309
-0.999922
-0.995321
0.0962344
0.00862535
0.096224
0.995358
-0.00161172
-0.00874042
-0.000774215
-0.999961
-0.995435
-0.0950357
0.00884101
-0.0950454
0.995473
-0.000688797
-0.00873553
-0.00152595
-0.999961
-0.999922
0.000596971
0.0124571
0.000583749
0.999999
-0.00106499
-0.0124577
-0.00105764
-0.999922
-0.993697
0.000655015
0.112097
0.000533415
0.999999
-0.00111477
-0.112097
-0.00104795
-0.993697
-0.995331
0.0961338
0.00861603
0.0961242
0.995368
-0.00152265
-0.0087225
-0.000687328
-0.999962
-0.995432
-0.0950688
0.00882293
-0.0950778
0.99547
-0.000605324
-0.00872541
-0.00144142
-0.999961
-0.999923
0.000592876
0.012426
0.000580522
0.999999
-0.000997763
-0.0124266
-0.000990472
-0.999922
-0.993693
0.000491919
0.112134
0.000383795
0.999999
-0.000985826
-0.112135
-0.000936572
-0.993693
-0.995429
-0.0950947
0.00881546
-0.0951032
0.995467
-0.000549314
-0.00872327
-0.00138518
-0.999961
-0.999922
0.000566618
0.0124547
0.000555418
0.999999
-0.000902707
-0.0124552
-0.000895719
-0.999922
-0.996172
0.000401299
-0.0874178
0.000480843
0.999999
-0.000888868
0.0874174
-0.0009275
-0.996171
-0.993689
0.000618277
0.112171
0.000522473
0.999999
-0.00088348
-0.112172
-0.000819298
-0.993688
-0.995335
0.0960962
0.00861385
0.0960881
0.995372
-0.00134803
-0.00870352
-0.000514053
-0.999962
-0.995428
-0.0951041
0.00880803
-0.095112
0.995466
-0.000479821
-0.00872247
-0.00131538
-0.999961
-0.999922
0.000509085
0.0124593
0.000498955
1
-0.000816169
-0.0124597
-0.000809889
-0.999922
-0.995326
0.0961829
0.00861274
0.0961748
0.995364
-0.00134718
-0.00870238
-0.000512551
-0.999962
-0.995424
-0.0951467
0.00878829
-0.0951549
0.995462
-0.000521651
-0.00869877
-0.00135551
-0.999961
-0.999922
0.000484114
0.0124478
0.000473799
1
-0.000831573
-0.0124482
-0.000825611
-0.999922
-0.993693
0.000665929
0.11213
0.000567985
0.999999
-0.000905424
-0.112131
-0.000836026
-0.993693
-0.99533
0.0961452
0.00862376
0.0961373
0.995367
-0.00132017
-0.00871074
-0.000484942
-0.999962
-0.995425
-0.0951373
0.00879972
-0.0951447
0.995463
-0.000430737
-0.00871882
-0.00126601
-0.999961
-0.999923
0.000489845
0.0124335
0.000479821
1
-0.000809159
-0.0124339
-0.00080313
-0.999922
-0.993683
0.000634283
0.112219
0.000555003
1
-0.000737717
-0.112219
-0.000670775
-0.993683
-0.995422
-0.0951683
0.00883056
-0.0951751
0.995461
-0.000348242
-0.00875734
-0.0011871
-0.999961
-0.996169
0.000335446
-0.0874437
0.000408317
1
-0.00081546
0.0874434
-0.000848041
-0.996169
-0.993695
0.000522928
0.112119
0.000438622
1
-0.000776592
-0.11212
-0.000722518
-0.993694
-0.995341
0.0960298
0.00864309
0.0960227
0.995378
-0.00123646
-0.00872188
-0.000400767
-0.999962
-0.995416
-0.0952233
0.00887137
-0.0952288
0.995455
-0.000202707
-0.00881175
-0.00104659
-0.999961
-0.999922
0.000343301
0.0124539
0.000334635
1
-0.000697898
-0.0124541
-0.000693677
-0.999922
-0.996171
0.000354852
-0.0874282
0.000416867
1
-0.000691058
0.0874279
-0.000724857
-0.996171
-0.993695
0.000508489
0.112117
0.000432043
1
-0.000706132
-0.112118
-0.00065324
-0.993695
-0.995345
0.095983
0.00864887
0.0959762
0.995383
-0.00119955
-0.00872407
-0.000363877
-0.999962
-0.995415
-0.0952494
0.00878168
-0.0952555
0.995453
-0.000280467
-0.00871503
-0.00111568
-0.999961
-0.999922
0.00037163
0.0124485
0.000363578
1
-0.000649099
-0.0124487
-0.000644523
-0.999922
-0.99617
0.000352025
-0.0874315
0.000415875
1
-0.000712072
0.0874313
-0.000745706
-0.99617
-0.993699
0.000393059
0.112083
0.000312114
1
-0.000739731
-0.112084
-0.000700087
-0.993699
-0.995337
0.0960668
0.00865914
0.096061
0.995375
-0.00108035
-0.00872288
-0.000243505
-0.999962
-0.995413
-0.0952633
0.0088014
-0.0952687
0.995452
-0.000198996
-0.00874241
-0.00103658
-0.999961
-0.999923
0.00042103
0.0124422
0.000413475
1
-0.000609746
-0.0124424
-0.000604555
-0.999922
-0.996171
0.000275525
-0.0874264
0.000329478
1
-0.0006027
0.0874262
-0.000629197
-0.996171
-0.993695
0.000480597
0.112114
0.000407786
1
-0.000672368
-0.112115
-0.000622411
-0.993695
-0.995348
0.0959549
0.00864212
0.0959487
0.995386
-0.00113102
-0.00871077
-0.000296559
-0.999962
-0.995413
-0.0952676
0.00882792
-0.0952722
0.995451
-9.82563e-05
-0.0087784
-0.000938861
-0.999961
-0.999922
0.000341439
0.0124512
0.000334535
1
-0.000556633
-0.0124513
-0.000552425
-0.999922
-0.996169
0.000250776
-0.0874508
0.000311065
1
-0.000675775
0.0874506
-0.000700389
-0.996169
-0.993686
0.000471435
0.112199
0.000414095
1
-0.000534353
-0.112199
-0.000484518
-0.993686
-0.99534
0.0960354
0.00865232
0.0960299
0.995378
-0.00104772
-0.00871294
-0.000211959
-0.999962
-0.995412
-0.095266
0.00886652
-0.0952701
0.995451
-4.1734e-05
-0.00882221
-0.000886257
-0.999961
-0.999922
0.000268731
0.0124738
0.000262441
1
-0.000505904
-0.0124739
-0.000502591
-0.999922
-0.996171
0.000138972
-0.0874268
0.000190825
1
-0.00058474
0.0874267
-0.000599184
-0.996171
-0.993681
0.000539715
0.112243
0.000494851
1
-0.000427567
-0.112243
-0.000369322
-0.993681
-0.99534
0.0960366
0.00867171
0.0960317
0.995378
-0.000988896
-0.0087266
-0.000151528
-0.999962
-0.995413
-0.0952658
0.00881594
-0.0952702
0.995451
-7.84727e-05
-0.00876836
-0.000918009
-0.999961
-0.999922
0.000258677
0.0124786
0.000252523
1
-0.000494748
-0.0124788
-0.000491559
-0.999922
-0.996174
0.000124013
-0.0873963
0.000169848
1
-0.000517022
0.0873962
-0.000529888
-0.996174
-0.993679
0.000466924
0.112262
0.00042374
1
-0.000408531
-0.112262
-0.000358379
-0.993679
-0.995342
0.096019
0.00867408
0.0960143
0.99538
-0.000950733
-0.00872529
-0.000113469
-0.999962
-0.995411
-0.0952822
0.0088258
-0.0952867
0.99545
-8.3169e-05
-0.00877772
-0.000923768
-0.999961
-0.999922
0.000253302
0.0124841
0.000248038
1
-0.000423184
-0.0124842
-0.000420055
-0.999922
-0.99369
0.000438048
0.112162
0.000383819
1
-0.000505085
-0.112162
-0.000458848
-0.99369
-0.995353
0.0958984
0.00868107
0.0958933
0.995391
-0.0010011
-0.00873706
-0.00016399
-0.999962
-0.995404
-0.0953635
0.00878997
-0.0953681
0.995442
-0.000104186
-0.00873997
-0.00094199
-0.999961
-0.999922
0.000345276
0.0124577
0.000339359
1
-0.000477084
-0.0124579
-0.00047282
-0.999922
-0.993689
0.000372074
0.112169
0.000316323
1
-0.000514821
-0.11217
-0.00047609
-0.993689
-0.995347
0.0959642
0.00867957
0.0959591
0.995385
-0.00100293
-0.00873575
-0.000165382
-0.999962
-0.995405
-0.0953495
0.00880715
-0.0953536
0.995443
-4.59799e-05
-0.00876263
-0.000885562
-0.999961
-0.999923
0.000277006
0.0124462
0.000271137
1
-0.000473239
-0.0124463
-0.000469828
-0.999922
-0.993696
0.000373222
0.112104
0.000310387
1
-0.000577956
-0.112104
-0.000539518
-0.993696
-0.995349
0.095938
0.008677
0.0959326
0.995387
-0.00103384
-0.00873616
-0.000196624
-0.999962
-0.995403
-0.0953659
0.00880629
-0.0953702
0.995442
-7.70625e-05
-0.0087588
-0.000916566
-0.999961
-0.999922
0.00028063
0.0125109
0.000275763
1
-0.000390709
-0.012511
-0.000387229
-0.999922
-0.993693
0.000288438
0.112138
0.000237901
1
-0.000464044
-0.112138
-0.000434439
-0.993693
-0.995357
0.0958563
0.00870483
0.095852
0.995395
-0.000909693
-0.00875195
-7.10938e-05
-0.999962
-0.995401
-0.0953864
0.00880017
-0.0953905
0.99544
-5.11543e-05
-0.00875516
-0.000890371
-0.999961
-0.999922
0.000309759
0.0124595
0.00030424
1
-0.000444817
-0.0124596
-0.000440992
-0.999922
-0.993695
0.000204168
0.112119
0.000148728
1
-0.000502839
-0.112119
-0.000482993
-0.993695
-0.995402
-0.0953732
0.00884875
-0.0953764
0.995441
6.58837e-05
-0.00881469
-0.000778381
-0.999961
-0.996173
0.000170939
-0.0873999
0.000209757
1
-0.000434968
0.0873999
-0.000451637
-0.996173
-0.99369
0.000376225
0.112164
0.000329872
1
-0.000431817
-0.112164
-0.000392093
-0.99369
-0.99536
0.0958205
0.00871317
0.0958167
0.995399
-0.000850426
-0.00875457
-1.1613e-05
-0.999962
-0.995401
-0.0953919
0.00881136
-0.0953952
0.995439
4.72381e-05
-0.00877569
-0.000793541
-0.999961
-0.999922
0.000238323
0.0124998
0.000234213
1
-0.000330297
-0.0124998
-0.000327344
-0.999922
-0.996174
0.00019405
-0.0873965
0.000227148
1
-0.00036877
0.0873964
-0.000387211
-0.996174
-0.993693
0.000288214
0.112137
0.000243285
1
-0.00041435
-0.112137
-0.000384455
-0.993693
-0.995356
0.0958639
0.00871861
0.0958601
0.995394
-0.00085233
-0.00876016
-1.2605e-05
-0.999962
-0.995399
-0.0954086
0.00878933
-0.0954121
0.995438
2.71572e-05
-0.00875183
-0.000811576
-0.999961
-0.999922
0.000188292
0.0124956
0.000184547
1
-0.000300824
-0.0124957
-0.000298494
-0.999922
-0.996174
0.000190321
-0.0873964
0.000227056
1
-0.000410386
0.0873963
-0.000428659
-0.996174
-0.993695
0.000214261
0.112118
0.000164929
1
-0.000449274
-0.112118
-0.00042795
-0.993695
-0.99535
0.0959287
0.00870669
0.0959252
0.995388
-0.000813188
-0.00874455
2.57842e-05
-0.999962
-0.995398
-0.0954216
0.00879982
-0.0954243
0.995437
0.000108659
-0.00877003
-0.000731558
-0.999961
-0.999922
0.000257406
0.0124659
0.000253273
1
-0.00033314
-0.012466
-0.000329957
-0.999922
-0.996175
0.000198091
-0.0873862
0.000227713
1
-0.000329013
0.0873861
-0.000347654
-0.996174
-0.993695
0.000198671
0.11212
0.000150844
1
-0.000435055
-0.11212
-0.000415399
-0.993695
-0.995358
0.0958466
0.00872352
0.0958437
0.995396
-0.000754094
-0.00875563
8.55004e-05
-0.999962
-0.999922
0.000250902
0.012475
0.000248148
1
-0.00022228
-0.0124751
-0.000219167
-0.999922
-0.996173
0.000177859
-0.0874031
0.000204965
1
-0.000301153
0.087403
-0.000317915
-0.996173
-0.993682
0.000289926
0.112231
0.000270772
1
-0.000185908
-0.112231
-0.000154344
-0.993682
-0.99536
0.0958273
0.00870101
0.0958246
0.995398
-0.000724538
-0.0087304
0.000112595
-0.999962
-0.995398
-0.0954243
0.00876146
-0.0954268
0.995436
0.000133991
-0.00873427
-0.000702705
-0.999962
-0.999922
0.000163062
0.0124764
0.000160206
1
-0.00022991
-0.0124764
-0.000227893
-0.999922
-0.996172
9.78336e-05
-0.0874103
0.000124247
1
-0.000296735
0.0874103
-0.000306459
-0.996172
-0.993681
0.00026361
0.112237
0.000252172
1
-0.000116106
-0.112237
-8.70692e-05
-0.993681
-0.995355
0.0958809
0.00868728
0.095878
0.995393
-0.000742262
-0.00871842
9.41052e-05
-0.999962
-0.995398
-0.09542
0.00879479
-0.095422
0.995437
0.000193632
-0.00877314
-0.000646476
-0.999961
-0.999922
0.000123199
0.0124814
0.000120752
1
-0.000196791
-0.0124815
-0.000195269
-0.999922
-0.99617
-3.11715e-05
-0.0874385
-4.56281e-06
1
-0.000304513
0.0874385
-0.000302948
-0.99617
-0.99368
0.000378615
0.112248
0.000364008
1
-0.000150628
-0.112248
-0.000108817
-0.99368
-0.995353
0.0959043
0.00869476
0.0959014
0.995391
-0.000743573
-0.00872599
9.37221e-05
-0.999962
-0.995398
-0.0954167
0.00881148
-0.0954184
0.995437
0.000232623
-0.00879347
-0.000609224
-0.999961
-0.999922
0.000175589
0.0124954
0.000173279
1
-0.000185941
-0.0124954
-0.000183762
-0.999922
-0.996176
9.75781e-06
-0.0873641
3.12581e-05
1
-0.000244731
0.0873641
-0.000246527
-0.996176
-0.993676
0.000284154
0.112283
0.000276159
1
-8.67624e-05
-0.112284
-5.52058e-05
-0.993676
-0.995359
0.0958394
0.00872695
0.0958374
0.995397
-0.000648307
-0.00874891
0.00019107
-0.999962
-0.9954
-0.0953931
0.00885318
-0.0953943
0.99544
0.000286405
-0.00884013
-0.000559455
-0.999961
-0.999922
0.000103819
0.0125123
0.000101875
1
-0.000155964
-0.0125123
-0.000154678
-0.999922
-0.996174
8.36727e-05
-0.0873888
0.000111007
1
-0.000307924
0.0873887
-0.000316447
-0.996174
-0.993675
0.000301605
0.112291
0.000298461
1
-4.48077e-05
-0.112291
-1.101e-05
-0.993675
-0.99536
0.0958292
0.00872732
0.0958272
0.995398
-0.000653714
-0.0087498
0.000185634
-0.999962
-0.995402
-0.0953823
0.00881229
-0.0953838
0.995441
0.000249266
-0.00879588
-0.00059243
-0.999961
