0.998626
0.0261749
0.0454052
0.0231666
-0.99758
0.0655604
0.0470113
-0.0644184
-0.996815
0.998631
0.0259985
0.0453809
0.0231144
-0.997748
0.0629605
0.0469156
-0.0618253
-0.996984
0.998614
0.0260496
0.04573
0.0232187
-0.997844
0.0613796
0.0472303
-0.0602328
-0.997066
0.998587
0.0262994
0.0461847
0.0233343
-0.997702
0.0636057
0.0477514
-0.0624381
-0.996906
0.998554
0.0265755
0.0467192
0.0236509
-0.997791
0.0620759
0.0482657
-0.0608812
-0.996977
0.998521
0.0264232
0.0475138
0.0235306
-0.997894
0.0604416
0.0490108
-0.0592342
-0.99704
0.998533
0.0261796
0.0473985
0.0231342
-0.997701
0.0636963
0.0489571
-0.0625063
-0.996843
0.998474
0.0265497
0.0484296
0.0235154
-0.997788
0.0621821
0.0499733
-0.0609484
-0.996889
0.998568
0.0295087
0.0446116
0.0221331
-0.987254
0.157609
0.0486938
-0.156396
-0.986493
0.992226
0.118425
0.0382449
0.116338
-0.991804
0.0528293
0.0441877
-0.0479693
-0.997871
0.996239
-0.0697137
0.0514544
-0.0729527
-0.995279
0.0640131
0.0467489
-0.0675261
-0.996622
0.998746
0.0224243
0.0447594
0.0197146
-0.997998
0.0600872
0.0460173
-0.0591294
-0.997189
0.99892
0.0187158
0.0425258
0.0202144
-0.99918
-0.0350871
0.0418343
0.0359088
-0.998479
0.992547
0.116502
0.0357342
0.114587
-0.992071
0.0516226
0.041465
-0.0471432
-0.998027
0.999073
0.0244163
0.0354408
0.0186721
-0.987863
0.154204
0.0387758
-0.153399
-0.987403
0.992953
0.114373
0.0310364
0.112593
-0.99217
0.05406
0.0369763
-0.0501845
-0.998055
0.996314
-0.0743953
0.0427071
-0.0769823
-0.995071
0.0625165
0.0378457
-0.0655737
-0.99713
0.999175
0.0187269
0.0360226
0.0164768
-0.997954
0.0617775
0.0371058
-0.061133
-0.99744
0.999255
0.0210931
0.0323099
0.0159424
-0.988236
0.152105
0.0351381
-0.151477
-0.987836
0.993371
0.111765
0.0268769
0.110159
-0.992377
0.0552454
0.0328465
-0.0519184
-0.998111
0.999336
0.0164735
0.032509
0.0145778
-0.998227
0.0577118
0.0334021
-0.0571995
-0.997804
0.999446
0.0129009
0.0306812
0.0139533
-0.999313
-0.0343371
0.0302171
0.0347462
-0.998939
0.993594
0.110605
0.0231828
0.109333
-0.992728
0.0503675
0.0285851
-0.0475101
-0.998462
0.996332
-0.0778876
0.0354431
-0.0799818
-0.99486
0.0621024
0.0304239
-0.0647094
-0.99744
0.999418
0.0151239
0.0305847
0.0132729
-0.99812
0.0598423
0.0314322
-0.0594015
-0.997739
0.999476
0.0118816
0.0300976
0.0127899
-0.999463
-0.0301662
0.029723
0.0305354
-0.999092
0.999644
0.0163432
0.0210811
0.0129528
-0.988299
0.151975
0.0233181
-0.151648
-0.988159
0.994167
0.106467
0.0172345
0.105374
-0.992899
0.0552105
0.0229902
-0.0530723
-0.998326
0.996218
-0.0817843
0.0293454
-0.0834771
-0.994576
0.0620442
0.024112
-0.0642593
-0.997642
0.999601
0.0111859
0.0259359
0.00947331
-0.997825
0.0652386
0.0266093
-0.0649668
-0.997533
0.999666
0.0135951
0.0219979
0.0100395
-0.987965
0.154348
0.0238315
-0.154076
-0.987772
0.994367
0.104933
0.0149532
0.10396
-0.993039
0.0553734
0.0206596
-0.053507
-0.998354
0.996095
-0.0829155
0.030324
-0.0847409
-0.994287
0.0649061
0.0247691
-0.0672223
-0.997431
0.999713
0.0121802
0.0206437
0.0108736
-0.998
0.0622655
0.0213608
-0.0620231
-0.997846
0.999766
0.0128882
0.0173673
0.0100419
-0.987861
0.155013
0.0191544
-0.154802
-0.98776
0.994588
0.103141
0.0125458
0.102394
-0.99348
0.0501311
0.0176346
-0.0485751
-0.998664
0.996007
-0.0855411
0.0255618
-0.0870057
-0.994209
0.0630818
0.0200176
-0.0650539
-0.997681
0.99978
0.00778455
0.0194541
0.00658084
-0.998104
0.06119
0.0198936
-0.0610485
-0.997937
0.999853
0.00569296
0.0161906
0.0062102
-0.999466
-0.0320783
0.0159993
0.0321741
-0.999354
0.99468
0.102583
0.00935594
0.101991
-0.993518
0.0501902
0.014444
-0.048969
-0.998696
0.996039
-0.0858572
0.0231253
-0.0871027
-0.994409
0.0596987
0.0178705
-0.0614765
-0.997949
0.999824
0.00912136
0.0164178
0.00801699
-0.997779
0.0661193
0.0169845
-0.0659761
-0.997677
0.999871
0.00981588
0.0127137
0.00770773
-0.987668
0.156374
0.0140918
-0.156256
-0.987616
0.995907
-0.087705
0.0218447
-0.0889673
-0.993861
0.0657596
0.0159432
-0.0674339
-0.997596
0.999902
0.00529567
0.0129861
0.00452124
-0.99825
0.0589562
0.0132756
-0.0588917
-0.998176
0.999906
0.00305297
0.0133889
0.00344205
-0.99957
-0.0291335
0.0132942
0.0291768
-0.999486
0.994967
0.0999683
0.00681216
0.0994614
-0.993587
0.0537803
0.0121448
-0.0528321
-0.99853
0.995893
-0.0882081
0.0204106
-0.0893025
-0.994135
0.0609898
0.0149112
-0.062562
-0.99793
0.999899
0.00371483
0.013743
0.00280098
-0.99782
0.0659277
0.0139579
-0.0658825
-0.99773
0.999923
0.00707897
0.0101726
0.00542879
-0.988063
0.153953
0.011141
-0.153886
-0.988026
0.995739
-0.0896971
0.0213947
-0.0909267
-0.993676
0.0658778
0.0153504
-0.0675424
-0.997598
0.999944
0.00538453
0.00913896
0.00483048
-0.998211
0.0596005
0.00944353
-0.059553
-0.99818
0.999955
0.00211698
0.00919631
0.0024615
-0.999289
-0.0376145
0.00911014
0.0376355
-0.99925
0.995233
0.0975084
0.00191789
0.0972932
-0.994013
0.0497126
0.00675381
-0.049289
-0.998762
0.995703
-0.0914732
0.0144306
-0.0921821
-0.99392
0.0602093
0.00883528
-0.0612808
-0.998081
0.999953
0.00396671
0.00881335
0.00341845
-0.998109
0.0613754
0.00904014
-0.0613424
-0.998076
0.999979
0.00433451
0.00482129
0.00352654
-0.987669
0.156514
0.00544025
-0.156494
-0.987664
0.995617
-0.0927009
0.0123474
-0.0933067
-0.993559
0.0643031
0.0063069
-0.0651734
-0.997854
0.999988
0.00381928
0.00316105
0.00328649
-0.988047
0.154117
0.00371188
-0.154105
-0.988047
0.995407
0.0957282
-0.00123451
0.0956672
-0.994117
0.050777
0.00363354
-0.0506618
-0.998709
0.995575
-0.0933027
0.0112039
-0.0938121
-0.993755
0.0604212
0.00549649
-0.0612049
-0.99811
0.999977
0.000133487
0.00671804
-0.000303308
-0.997887
0.0649752
0.00671251
-0.0649758
-0.997864
0.999988
0.00296984
0.00398125
0.00233086
-0.988401
0.151852
0.00438604
-0.151841
-0.988395
0.995446
0.0952917
-0.00251798
0.0952913
-0.994045
0.0528501
0.00253319
-0.0528494
-0.998599
0.995582
-0.0932549
0.0109909
-0.0937629
-0.993621
0.0626499
0.00507844
-0.0634036
-0.997975
0.999997
0.00137933
0.00223603
0.00124033
-0.998136
0.0610169
0.00231603
-0.0610139
-0.998134
0.999998
0.00203789
0.000596341
0.00192093
-0.987929
0.154892
0.000904796
-0.154891
-0.987931
0.995537
0.094262
-0.00462003
0.094375
-0.994239
0.0508207
0.000197055
-0.0510299
-0.998697
0.995434
-0.0951515
0.00757721
-0.0954409
-0.99342
0.0633011
0.00150416
-0.0637352
-0.997966
0.999997
0.00123079
0.00214913
0.00110237
-0.998271
0.0587646
0.00221775
-0.0587621
-0.99827
0.999998
0.00142683
0.00137971
0.00119365
-0.987709
0.156301
0.00158577
-0.156299
-0.987708
0.99557
0.0939504
-0.00376409
0.094019
-0.994218
0.0518704
0.00113091
-0.0519945
-0.998647
0.995386
-0.0957592
0.00604584
-0.0959498
-0.993492
0.0613764
0.000129139
-0.0616733
-0.998096
0.999996
-0.00288146
0.000167149
-0.0028863
-0.998197
0.0599591
-5.92202e-06
-0.0599593
-0.998201
0.999988
-0.00417641
-0.00237614
-0.00424545
-0.999546
-0.0298344
-0.00225046
0.0298442
-0.999552
0.995648
0.0928872
-0.0075685
0.0931573
-0.994269
0.0524458
-0.00265359
-0.0529226
-0.998595
0.995349
-0.0961
0.00675303
-0.0963346
-0.993372
0.0627039
0.000682423
-0.0630628
-0.998009
0.999995
-0.00307047
-0.000889749
-0.00301421
-0.99834
0.0575187
-0.00106488
-0.0575157
-0.998344
0.999977
-0.0041222
-0.00545314
-0.00432516
-0.999278
-0.0377458
-0.00529361
0.0377685
-0.999272
0.995667
0.0925934
-0.00856986
0.0928985
-0.994532
0.0477165
-0.00410476
-0.0483059
-0.998824
0.999999
-0.00158181
-0.00065555
-0.00153593
-0.99789
0.0649029
-0.000756831
-0.0649018
-0.997891
0.999993
-0.00143494
-0.00355317
-0.00086832
-0.987975
0.154614
-0.0037323
-0.15461
-0.987969
0.995204
-0.0976559
0.00561807
-0.0978136
-0.993012
0.0660211
-0.000868538
-0.066254
-0.997802
0.999991
-0.00426237
-0.000407798
-0.00423138
-0.998294
0.0582416
-0.000655349
-0.0582393
-0.998302
0.999982
-0.00533311
-0.00285462
-0.00541135
-0.999589
-0.0281406
-0.00270337
0.0281556
-0.9996
0.995804
0.091134
-0.00828403
0.0914442
-0.994431
0.0523877
-0.0034636
-0.0529254
-0.998592
0.995236
-0.0972982
0.00626929
-0.0974992
-0.993428
0.0599624
0.000393847
-0.060288
-0.998181
0.999987
-0.00504478
-0.00010229
-0.00502685
-0.99778
0.0664037
-0.000437055
-0.0664024
-0.997793
0.999981
-0.00326485
-0.00518109
-0.0024285
-0.98808
0.15392
-0.00562185
-0.153905
-0.98807
0.995157
-0.0981438
0.00551883
-0.0982917
-0.992836
0.0679377
-0.00118837
-0.0681512
-0.997674
0.999978
-0.0030122
-0.00587765
-0.00265192
-0.998173
0.0603705
-0.00604876
-0.0603536
-0.998159
0.999954
-0.00568716
-0.0076868
-0.00598487
-0.99921
-0.0392782
-0.00745735
0.0393224
-0.999199
0.995858
0.0902649
-0.0109425
0.0906981
-0.994655
0.0493489
-0.00642958
-0.050137
-0.998722
0.995048
-0.0993926
-0.00104787
-0.099149
-0.993244
0.0602903
-0.0070332
-0.0598878
-0.99818
0.999983
-0.0029409
-0.00495099
-0.00263238
-0.998122
0.0612085
-0.0051217
-0.0611944
-0.998113
0.999954
-0.00440389
-0.0085582
-0.00476304
-0.999089
-0.0424085
-0.00836364
0.0424473
-0.999064
0.995883
0.0900213
-0.0106315
0.0904411
-0.994663
0.0496506
-0.00610519
-0.0504077
-0.99871
0.999976
-0.00412347
-0.00561407
-0.00376605
-0.998053
0.0622512
-0.00585983
-0.0622285
-0.998045
0.999954
-0.00404248
-0.00865277
-0.00264926
-0.987855
0.155355
-0.0091757
-0.155325
-0.987821
0.99492
-0.100664
0.000203503
-0.100457
-0.992742
0.0661186
-0.00645373
-0.0658032
-0.997812
0.99994
-0.00824917
-0.00719595
-0.00843699
-0.999614
-0.026474
-0.00697478
0.0265332
-0.999624
0.999951
-0.00568972
-0.00815223
-0.00438754
-0.98842
0.151678
-0.00892084
-0.151635
-0.988396
0.996016
0.0879609
-0.0146398
0.0886503
-0.99448
0.0561295
-0.0096218
-0.0572037
-0.998316
0.994937
-0.100483
-0.00186849
-0.100173
-0.993025
0.0621835
-0.00810384
-0.0616815
-0.998063
0.999957
-0.0072199
-0.00577186
-0.00682546
-0.997819
0.0656608
-0.00623333
-0.0656186
-0.997825
0.999948
-0.00876036
-0.00526707
-0.00886188
-0.999769
-0.0195695
-0.00509442
0.0196152
-0.999795
0.99996
-0.00524417
-0.00725526
-0.0040944
-0.988635
0.150282
-0.00796091
-0.150246
-0.988617
0.995998
0.0886101
-0.0116334
0.0891306
-0.994405
0.0566998
-0.00654418
-0.0575098
-0.998324
0.994947
-0.100395
0.000677405
-0.10022
-0.99277
0.0660527
-0.00595884
-0.0657869
-0.997816
0.999949
-0.00513875
-0.00863998
-0.00460637
-0.998155
0.0605477
-0.00893517
-0.0605049
-0.998128
0.999926
-0.00711716
-0.0098646
-0.00743634
-0.999437
-0.0327054
-0.00962628
0.0327764
-0.999416
0.999927
-0.0044008
-0.0112354
-0.00264377
-0.988399
0.151857
-0.0117733
-0.151816
-0.988339
0.995999
0.0880994
-0.0149639
0.0887372
-0.994834
0.0493077
-0.0105426
-0.0504383
-0.998672
0.994779
-0.101985
-0.003823
-0.101546
-0.99285
0.0627463
-0.0101948
-0.0620305
-0.998022
0.99993
-0.00580813
-0.0102952
-0.00516198
-0.99808
0.0617152
-0.0106339
-0.0616578
-0.998041
0.999932
-0.00714045
-0.0091671
-0.00744711
-0.999399
-0.0338658
-0.00891977
0.0339318
-0.999384
0.999932
-0.00568403
-0.010141
-0.00403807
-0.987826
0.155511
-0.0109015
-0.15546
-0.987782
0.996102
0.0868967
-0.0151869
0.0875317
-0.995009
0.0479044
-0.0109484
-0.049047
-0.998736
0.994721
-0.102513
-0.00460402
-0.102033
-0.992851
0.0619402
-0.0109208
-0.0611434
-0.998069
0.999909
-0.00947857
-0.00964106
-0.0098389
-0.999228
-0.0380404
-0.00927305
0.0381318
-0.99923
0.999927
-0.0056918
-0.0106629
-0.00394635
-0.987577
0.157088
-0.0114246
-0.157035
-0.987527
0.996208
0.0866943
-0.00726323
0.0869273
-0.995289
0.0429396
-0.00350639
-0.0434082
-0.999051
0.994702
-0.102792
-0.00152398
-0.102475
-0.992597
0.0651873
-0.00821343
-0.0646858
-0.997872
0.999901
-0.00981278
-0.0101274
-0.00918093
-0.998117
0.0606555
-0.0107035
-0.0605565
-0.998107
0.999847
-0.00984907
-0.0144459
-0.0103008
-0.999449
-0.0315397
-0.0141273
0.0316836
-0.999398
0.999931
-0.00737979
-0.00912475
-0.00589123
-0.98812
0.15357
-0.0101497
-0.153506
-0.988096
0.996113
0.0865096
-0.0165907
0.0872797
-0.994756
0.0533118
-0.0118917
-0.0545526
-0.99844
0.994769
-0.102068
-0.00410562
-0.101612
-0.992846
0.0627034
-0.0104763
-0.0619582
-0.998024
0.999885
-0.00924069
-0.011982
-0.00855984
-0.998412
0.0556798
-0.0124775
-0.0555709
-0.998377
0.996047
0.0865204
-0.0201062
0.0874475
-0.994861
0.0510264
-0.0155881
-0.0525829
-0.998495
0.994786
-0.101841
-0.00534683
-0.101348
-0.993083
0.0592814
-0.0113471
-0.0584304
-0.998227
0.999918
-0.00743326
-0.0103906
-0.00676028
-0.997967
0.0633666
-0.0108405
-0.0632912
-0.997936
0.999892
-0.00752796
-0.0126166
-0.0055023
-0.98813
0.15352
-0.0136225
-0.153434
-0.988065
0.996192
0.0857178
-0.0159502
0.0865046
-0.99457
0.0578624
-0.0109038
-0.0590218
-0.998197
0.994646
-0.103195
-0.00547633
-0.102602
-0.99248
0.0667507
-0.0123235
-0.0658314
-0.997755
0.999909
-0.00980712
-0.00926755
-0.00921814
-0.998059
0.061589
-0.00985357
-0.061498
-0.998059
0.999871
-0.0106023
-0.0121039
-0.0109088
-0.999614
-0.0255443
-0.0118284
0.025673
-0.9996
0.999925
-0.00773868
-0.00947853
-0.00623951
-0.988806
0.149076
-0.0105261
-0.149005
-0.98878
0.996153
0.0862656
-0.0154394
0.0869345
-0.99497
0.0497674
-0.0110685
-0.0509181
-0.998641
0.994771
-0.102093
-0.00274879
-0.10174
-0.992965
0.0605771
-0.00891393
-0.0599806
-0.99816
0.999914
-0.0102915
-0.00808717
-0.00974262
-0.997824
0.0652085
-0.00874067
-0.0651241
-0.997839
0.999894
-0.00866462
-0.0116757
-0.00677551
-0.988188
0.153094
-0.0128643
-0.152999
-0.988143
0.996213
0.0858241
-0.013953
0.0864823
-0.994641
0.0566643
-0.00901501
-0.0576564
-0.998296
0.994724
-0.102585
-0.00090611
-0.102292
-0.992478
0.067255
-0.00779862
-0.0668075
-0.997735
0.999878
-0.00729666
-0.0137789
-0.00644312
-0.998117
0.0610051
-0.014198
-0.0609089
-0.998042
0.999874
-0.00883588
-0.0131943
-0.00933592
-0.999222
-0.0383302
-0.0128453
0.0384485
-0.999178
0.999918
-0.00723469
-0.0105893
-0.00549226
-0.987711
0.156193
-0.0115892
-0.156122
-0.98767
0.996148
0.085536
-0.019314
0.0863828
-0.995087
0.0483694
-0.0150818
-0.0498515
-0.998643
0.994611
-0.103375
-0.00790341
-0.102707
-0.992841
0.0609683
-0.0141494
-0.059828
-0.998108
0.999895
-0.00761567
-0.0123597
-0.00689398
-0.998326
0.0574184
-0.0127763
-0.0573272
-0.998274
0.999852
-0.00856144
-0.0149482
-0.00917488
-0.999098
-0.041464
-0.0145797
0.041595
-0.999028
0.996163
0.0854036
-0.0191377
0.0862246
-0.995156
0.0472255
-0.0150118
-0.0486945
-0.998701
0.99456
-0.10375
-0.00934116
-0.103033
-0.992954
0.0585352
-0.0153484
-0.0572543
-0.998242
0.999887
-0.00807586
-0.0127079
-0.00727404
-0.998054
0.0619248
-0.0131833
-0.0618254
-0.998
0.999866
-0.00804208
-0.0142343
-0.00576251
-0.988133
0.153495
-0.0152998
-0.153393
-0.988047
0.996186
0.085103
-0.0192748
0.0860394
-0.994799
0.0545194
-0.0145348
-0.0559698
-0.998327
0.99454
-0.104197
-0.00576624
-0.10364
-0.992667
0.0622201
-0.0122071
-0.0612828
-0.998046
0.999853
-0.012069
-0.0121925
-0.0123582
-0.999637
-0.0239259
-0.0118993
0.024073
-0.999639
0.999881
-0.00954833
-0.0121227
-0.00763804
-0.988829
0.148855
-0.0134086
-0.148745
-0.988785
0.996249
0.0840927
-0.0203935
0.0850825
-0.994918
0.0538402
-0.0157623
-0.0553734
-0.998341
0.994496
-0.104444
-0.00829312
-0.103752
-0.99274
0.060853
-0.0145887
-0.0596577
-0.998112
0.999857
-0.0113957
-0.0125336
-0.0105682
-0.99788
0.0642192
-0.0132389
-0.0640775
-0.997857
0.999839
-0.0117215
-0.0136221
-0.0119994
-0.999718
-0.0205058
-0.0133779
0.020666
-0.999697
0.999857
-0.00956902
-0.0139236
-0.00739601
-0.988884
0.148503
-0.0151899
-0.148379
-0.988814
0.996286
0.0844646
-0.0167176
0.0852749
-0.994792
0.0558399
-0.0119141
-0.0570581
-0.9983
0.994586
-0.103812
-0.00474749
-0.103272
-0.992441
0.0663078
-0.0115952
-0.0654585
-0.997788
0.999881
-0.0113618
-0.0104278
-0.0106526
-0.997781
0.0657164
-0.0111513
-0.0655975
-0.997784
0.999889
-0.0114412
-0.00956517
-0.0116326
-0.999728
-0.0201947
-0.00933152
0.0203037
-0.99975
0.999887
-0.0107269
-0.01055
-0.00902254
-0.988631
0.150091
-0.01204
-0.149979
-0.988616
0.99629
0.0842531
-0.0175544
0.0851311
-0.994716
0.0573904
-0.0126264
-0.0586719
-0.998197
0.999839
-0.00865659
-0.0157292
-0.00773257
-0.998293
0.0578851
-0.0162035
-0.0577541
-0.998199
0.999846
-0.0102956
-0.0142188
-0.0106938
-0.999544
-0.0282229
-0.0139218
0.0283706
-0.999501
0.999839
-0.00848374
-0.0157879
-0.00596197
-0.988143
0.153418
-0.0169023
-0.153299
-0.988035
0.996204
0.0841906
-0.0221392
0.0852351
-0.995031
0.0514579
-0.0176969
-0.0531496
-0.99843
0.994446
-0.105
-0.00723796
-0.104315
-0.99243
0.0648168
-0.0139889
-0.0637018
-0.997871
0.999848
-0.00917896
-0.0148229
-0.00829634
-0.99825
0.0585458
-0.0153344
-0.058414
-0.998175
0.999828
-0.0103201
-0.0154123
-0.010853
-0.999332
-0.0349065
-0.0150418
0.0350678
-0.999272
0.999822
-0.00911073
-0.0165059
-0.0064571
-0.988015
0.154223
-0.0177132
-0.154089
-0.987898
0.996211
0.0841045
-0.0221295
0.0851343
-0.995081
0.0506525
-0.0177606
-0.0523446
-0.998471
0.994372
-0.105569
-0.00889497
-0.104853
-0.992678
0.0599742
-0.0151613
-0.058704
-0.99816
0.99978
-0.0100139
-0.0184574
-0.00888995
-0.998159
0.0599992
-0.0190243
-0.0598219
-0.998028
0.999812
-0.0117151
-0.0154559
-0.0123228
-0.999131
-0.0398237
-0.014976
0.0400066
-0.999087
0.999777
-0.00960421
-0.0188297
-0.00656777
-0.987869
0.155149
-0.0200914
-0.15499
-0.987712
0.996321
0.0828632
-0.0218635
0.0839043
-0.995116
0.0520113
-0.0174469
-0.0536544
-0.998407
0.994286
-0.106267
-0.010171
-0.105465
-0.992576
0.0605888
-0.0165341
-0.0591699
-0.998111
0.9998
-0.0123742
-0.0156899
-0.0113952
-0.998071
0.0610236
-0.0164148
-0.0608326
-0.998013
0.999751
-0.0128584
-0.0182155
-0.0134536
-0.999367
-0.0329386
-0.0177805
0.0331755
-0.999291
0.999826
-0.0106749
-0.0153088
-0.00821347
-0.988241
0.152681
-0.0167587
-0.152529
-0.988157
0.996273
0.0833645
-0.022126
0.0843899
-0.995159
0.0503701
-0.0178198
-0.0520496
-0.998486
0.994431
-0.104898
-0.0101352
-0.104089
-0.992681
0.0612367
-0.0164846
-0.0598408
-0.998072
0.999792
-0.0118672
-0.0165631
-0.0108786
-0.998225
0.0585496
-0.0172285
-0.0583572
-0.998147
0.999715
-0.0122778
-0.0204865
-0.0130079
-0.999271
-0.0358957
-0.0200308
0.036152
-0.999146
0.996166
0.0839294
-0.0246669
0.0850392
-0.995219
0.0480437
-0.0205167
-0.0499572
-0.998541
0.994471
-0.104681
-0.00833297
-0.104071
-0.993048
0.0549953
-0.014032
-0.053824
-0.998452
0.999772
-0.0114772
-0.0180257
-0.0104226
-0.998289
0.0575451
-0.0186553
-0.0573441
-0.99818
0.996221
0.084776
-0.0189118
0.0857055
-0.994777
0.0554299
-0.0141139
-0.0568412
-0.998283
0.999849
-0.00993937
-0.0142229
-0.0090231
-0.997967
0.063096
-0.0148212
-0.0629582
-0.997906
0.999772
-0.0102287
-0.0187671
-0.00725237
-0.988307
0.152307
-0.0201055
-0.152136
-0.988155
0.996329
0.0831401
-0.0203923
0.0841202
-0.995037
0.0531568
-0.0158716
-0.0546771
-0.998378
0.994398
-0.105444
-0.00730371
-0.104754
-0.992384
0.0648051
-0.0140814
-0.063677
-0.997871
0.999792
-0.0124519
-0.0161545
-0.0114529
-0.998101
0.0605253
-0.0168775
-0.0603277
-0.998036
0.999813
-0.0131948
-0.0141238
-0.0135017
-0.99967
-0.0218578
-0.0138308
0.0220444
-0.999661
0.999861
-0.0103448
-0.0130601
-0.00831059
-0.989073
0.147192
-0.0144401
-0.147063
-0.989022
0.996255
0.0837862
-0.0213364
0.0848248
-0.994952
0.0536118
-0.0167368
-0.0552209
-0.998334
0.994486
-0.104568
-0.00790135
-0.103895
-0.992709
0.0611045
-0.0142333
-0.0599467
-0.9981
0.999829
-0.011733
-0.0143141
-0.0108496
-0.998121
0.0603057
-0.0149948
-0.06014
-0.998077
0.999784
-0.0122861
-0.0167481
-0.0127403
-0.999546
-0.027294
-0.0164052
0.0275015
-0.999487
0.996295
0.0836476
-0.0199706
0.0845812
-0.995075
0.0516838
-0.015549
-0.0531814
-0.998464
0.999843
-0.012552
-0.0124989
-0.0116939
-0.997717
0.0665072
-0.0133051
-0.0663506
-0.997708
0.999857
-0.0106461
-0.0131064
-0.00854942
-0.988534
0.150754
-0.0145611
-0.15062
-0.988485
0.996333
0.0830137
-0.0207284
0.0840961
-0.994746
0.0583787
-0.0157733
-0.0599078
-0.998079
0.994429
-0.105135
-0.00754111
-0.104403
-0.992295
0.0667191
-0.0144975
-0.0655601
-0.997743
0.999814
-0.00968592
-0.0166968
-0.00868368
-0.998215
0.0590867
-0.0172393
-0.0589307
-0.998113
0.999753
-0.0112106
-0.0192034
-0.011934
-0.999207
-0.0379808
-0.0187624
0.0382006
-0.999094
0.999819
-0.00922768
-0.0166536
-0.00653868
-0.987918
0.154843
-0.0178812
-0.154706
-0.987799
0.996201
0.0836245
-0.0242811
0.0847224
-0.995229
0.0483961
-0.0201181
-0.0502695
-0.998533
0.994356
-0.105701
-0.00915986
-0.104991
-0.992747
0.0585623
-0.0152835
-0.0572701
-0.998242
0.999793
-0.00948587
-0.0179939
-0.00847224
-0.998417
0.0555948
-0.0184928
-0.0554309
-0.998291
0.999746
-0.0105055
-0.0199351
-0.0113522
-0.999017
-0.0428475
-0.0194654
0.0430629
-0.998883
0.996157
0.0838361
-0.0253643
0.0849431
-0.995311
0.0462764
-0.0213657
-0.0482531
-0.998607
0.994255
-0.10642
-0.0114804
-0.105592
-0.992737
0.0576417
-0.0175313
-0.0560983
-0.998271
0.999766
-0.0102633
-0.019055
-0.00908088
-0.998088
0.0611331
-0.019646
-0.0609458
-0.997948
0.999799
-0.0100921
-0.0173397
-0.00734704
-0.988407
0.151649
-0.0186691
-0.151492
-0.988282
0.99633
0.0829392
-0.0211739
0.0839458
-0.995104
0.0521644
-0.0167437
-0.0537504
-0.998414
0.994325
-0.105985
-0.0091676
-0.105141
-0.9922
0.0669642
-0.0161933
-0.0656203
-0.997713
0.999796
-0.0135034
-0.0150301
-0.0138353
-0.999658
-0.0222
-0.0147252
0.0224034
-0.999641
0.999795
-0.0120608
-0.016284
-0.00950738
-0.988843
0.148659
-0.0178952
-0.148473
-0.988755
0.996331
0.0827015
-0.022019
0.0837886
-0.995011
0.054145
-0.0174313
-0.0557913
-0.99829
0.994285
-0.106033
-0.0124073
-0.105042
-0.992434
0.0635644
-0.0190534
-0.0618979
-0.997901
0.999783
-0.0131999
-0.016114
-0.012086
-0.997655
0.0673661
-0.0169655
-0.0671567
-0.997598
0.999796
-0.0131228
-0.0153435
-0.0134201
-0.999721
-0.0194405
-0.0150842
0.0196424
-0.999693
0.999833
-0.0110985
-0.0145153
-0.00876346
-0.988334
0.152049
-0.0160334
-0.151896
-0.988266
0.996277
0.082987
-0.0233663
0.0841165
-0.995076
0.0524206
-0.0189011
-0.0541909
-0.998352
0.994371
-0.105658
-0.00797645
-0.104895
-0.992238
0.0667918
-0.0149716
-0.0655791
-0.997735
0.999847
-0.0127544
-0.0119941
-0.0119269
-0.997702
0.0667025
-0.0128173
-0.0665492
-0.997701
0.999841
-0.0130203
-0.0121745
-0.0132425
-0.999744
-0.0183515
-0.0119324
0.0185098
-0.999757
0.999812
-0.0121858
-0.0150932
-0.00984353
-0.989154
0.146551
-0.0167153
-0.146375
-0.989088
0.99641
0.0828405
-0.0174663
0.083733
-0.994753
0.0587748
-0.0125057
-0.0600263
-0.998118
0.994445
-0.105086
-0.00603978
-0.104469
-0.992368
0.0655067
-0.0128775
-0.0645118
-0.997834
0.999777
-0.00987619
-0.0186591
-0.0086949
-0.998016
0.0623627
-0.019238
-0.0621865
-0.997879
0.999814
-0.0109152
-0.0159073
-0.0114094
-0.999444
-0.0313171
-0.0155566
0.0314927
-0.999383
0.999767
-0.0103752
-0.0189331
-0.00738018
-0.988368
0.151905
-0.0202889
-0.15173
-0.988214
0.99624
0.0824514
-0.0265996
0.0837158
-0.995206
0.0505631
-0.0223031
-0.0525998
-0.998367
0.994247
-0.106509
-0.0113579
-0.105624
-0.992519
0.0612285
-0.0177943
-0.0596766
-0.998059
0.999743
-0.0108126
-0.0199247
-0.00955516
-0.99802
0.0621606
-0.0205574
-0.0619543
-0.997867
0.999745
-0.0116027
-0.0193817
-0.0122473
-0.999364
-0.0334757
-0.018981
0.0337046
-0.999252
0.999747
-0.0106403
-0.0198218
-0.0074153
-0.987699
0.156193
-0.0212399
-0.156007
-0.987528
0.996255
0.0829855
-0.0242921
0.0841261
-0.995177
0.0504594
-0.0199876
-0.052314
-0.998431
0.99412
-0.107376
-0.0139991
-0.106346
-0.992484
0.0605531
-0.0203958
-0.0587083
-0.998067
0.999716
-0.0115485
-0.0208476
-0.0102997
-0.998202
0.0590442
-0.021492
-0.0588127
-0.998038
0.999721
-0.0132041
-0.0195915
-0.0139167
-0.999229
-0.0366975
-0.0190918
0.0369599
-0.999134
0.999734
-0.0109453
-0.0203025
-0.00760274
-0.987417
0.157955
-0.0217759
-0.157759
-0.987238
0.996323
0.0814108
-0.026687
0.0826617
-0.995337
0.0497048
-0.0225161
-0.051728
-0.998407
0.994128
-0.107517
-0.0122681
-0.106549
-0.992329
0.0626969
-0.018915
-0.0610216
-0.997957
0.999737
-0.0115964
-0.0197725
-0.0103628
-0.99806
0.061386
-0.020446
-0.061165
-0.997918
0.999689
-0.0139759
-0.0206301
-0.0147515
-0.999171
-0.0379308
-0.0200829
0.0382233
-0.999067
0.999722
-0.0112187
-0.0207264
-0.00772533
-0.986839
0.161524
-0.0222657
-0.161319
-0.986651
0.996259
0.0823142
-0.0263206
0.0835451
-0.995264
0.0497045
-0.0221046
-0.0517175
-0.998417
0.994061
-0.10791
-0.0141051
-0.106868
-0.99241
0.0608403
-0.0205634
-0.0589716
-0.998048
0.999758
-0.0137052
-0.0171855
-0.0126729
-0.998189
0.0588009
-0.0179602
-0.0585689
-0.998122
0.99975
-0.0136775
-0.0176809
-0.0141329
-0.999565
-0.0258898
-0.0173191
0.0261332
-0.999508
0.999741
-0.0123387
-0.0191461
-0.00935643
-0.988838
0.1487
-0.0207671
-0.148482
-0.988697
0.996238
0.0825428
-0.0264025
0.0837783
-0.995243
0.0497289
-0.0221721
-0.0517537
-0.998414
0.994238
-0.106512
-0.0120587
-0.105585
-0.992522
0.0612441
-0.0184917
-0.0596181
-0.99805
0.999746
-0.0135038
-0.0180413
-0.0124997
-0.998427
0.0546522
-0.0187509
-0.0544128
-0.998342
0.996266
0.0824871
-0.0254982
0.0836658
-0.995276
0.0492544
-0.0213149
-0.0512039
-0.998461
0.994282
-0.106182
-0.011359
-0.105338
-0.992685
0.0589868
-0.0175392
-0.0574529
-0.998194
0.999815
-0.0114816
-0.0154402
-0.0104413
-0.997775
0.0658516
-0.0161619
-0.0656782
-0.99771
0.999748
-0.0115627
-0.0192519
-0.00851692
-0.98844
0.151373
-0.0207796
-0.151171
-0.988289
0.996343
0.0823126
-0.0229396
0.0835413
-0.994752
0.0590765
-0.0179564
-0.0607769
-0.99799
0.99421
-0.106756
-0.0121936
-0.105738
-0.992225
0.0656391
-0.0191061
-0.0639698
-0.997769
0.999799
-0.012358
-0.0157708
-0.0112853
-0.997731
0.0663804
-0.0165554
-0.0661891
-0.99767
0.999667
-0.0130362
-0.0222652
-0.00949778
-0.988302
0.152215
-0.023989
-0.151953
-0.988097
0.994158
-0.107497
-0.00972907
-0.106641
-0.992151
0.0652954
-0.0166718
-0.0638764
-0.997819
0.999769
-0.0135498
-0.0166971
-0.0124921
-0.998004
0.0619031
-0.0175026
-0.0616802
-0.997943
0.999742
-0.0135372
-0.0182577
-0.0140544
-0.999495
-0.0285054
-0.0178626
0.0287546
-0.999427
0.999793
-0.011715
-0.0166352
-0.00909799
-0.988722
0.149488
-0.0181988
-0.149305
-0.988624
0.996356
0.0820744
-0.0231947
0.0832451
-0.995007
0.0550652
-0.0185594
-0.0567954
-0.998213
0.994366
-0.105396
-0.0113005
-0.104504
-0.992594
0.0619375
-0.0177447
-0.0604076
-0.998016
0.999773
-0.0130484
-0.0168694
-0.0120157
-0.99813
0.0599366
-0.0176199
-0.0597203
-0.99806
0.996287
0.0825354
-0.0244885
0.0837384
-0.995076
0.0530261
-0.0199914
-0.0548799
-0.998293
0.994418
-0.104947
-0.0109516
-0.104132
-0.992828
0.0587246
-0.017036
-0.0572563
-0.998214
0.999842
-0.0134566
-0.0115904
-0.0126395
-0.997612
0.067897
-0.0124764
-0.0677398
-0.997625
0.999755
-0.0123818
-0.0183496
-0.00946153
-0.988418
0.151459
-0.0200124
-0.151248
-0.988293
0.996344
0.0823057
-0.022893
0.0834915
-0.994886
0.0568511
-0.0180967
-0.0585546
-0.99812
0.99429
-0.106316
-0.00914804
-0.105484
-0.99221
0.0662701
-0.0161224
-0.0649267
-0.99776
0.999847
-0.0135941
-0.010976
-0.0127873
-0.99743
0.0705007
-0.0119062
-0.0703496
-0.997451
0.999786
-0.0138202
-0.0153644
-0.0113258
-0.988316
0.151997
-0.0172855
-0.15179
-0.988262
0.994394
-0.105735
0.00103821
-0.105589
-0.992399
0.0632012
-0.00565229
-0.0629565
-0.998
0.999764
-0.0106062
-0.0189427
-0.00953375
-0.998394
0.0558373
-0.0195045
-0.0556436
-0.99826
0.99975
-0.0113665
-0.0192376
-0.0120526
-0.999282
-0.0359308
-0.0188154
0.0361537
-0.999169
0.999744
-0.010786
-0.0198729
-0.00768907
-0.988687
0.149794
-0.0212638
-0.149603
-0.988517
0.996297
0.0821568
-0.0253639
0.0833336
-0.995293
0.0494786
-0.0211795
-0.051409
-0.998453
0.994161
-0.107092
-0.0132282
-0.106067
-0.992384
0.0626346
-0.0198352
-0.0608658
-0.997949
0.999752
-0.0105006
-0.019618
-0.00938787
-0.998388
0.0559739
-0.0201741
-0.0557759
-0.998239
0.996235
0.0828125
-0.0256437
0.0839807
-0.99529
0.0484344
-0.021512
-0.0504056
-0.998497
0.994207
-0.106499
-0.0145146
-0.105499
-0.992742
0.0577394
-0.0205584
-0.0558737
-0.998226
0.999726
-0.0112729
-0.0205097
-0.00999326
-0.99806
0.0614586
-0.0211627
-0.0612368
-0.997899
0.999683
-0.0113484
-0.0224563
-0.00778964
-0.98825
0.152645
-0.0239247
-0.152422
-0.988026
0.996291
0.0821639
-0.0255787
0.0834029
-0.995165
0.0518786
-0.0211925
-0.0538195
-0.998326
0.994147
-0.107243
-0.0130444
-0.106197
-0.992266
0.0642645
-0.0198354
-0.0625031
-0.997848
0.999742
-0.0113952
-0.0196549
-0.0101536
-0.998015
0.0621563
-0.0203242
-0.0619407
-0.997873
0.999644
-0.0120995
-0.0237743
-0.00836112
-0.988425
0.151477
-0.0253319
-0.151225
-0.988175
0.993966
-0.108651
-0.0150529
-0.107436
-0.992009
0.0661481
-0.0221197
-0.0641318
-0.997696
0.99977
-0.0143448
-0.0159285
-0.0147426
-0.999575
-0.0251434
-0.015561
0.0253724
-0.999557
0.999752
-0.012814
-0.0182337
-0.00987479
-0.988173
0.153022
-0.0199789
-0.152804
-0.988055
0.996329
0.08162
-0.0258361
0.0828537
-0.995258
0.0509571
-0.0215545
-0.0529106
-0.998367
0.994178
-0.106941
-0.0131552
-0.105906
-0.992353
0.0634058
-0.0198353
-0.0616435
-0.997901
0.999724
-0.0137274
-0.0190863
-0.0124589
-0.997803
0.0650617
-0.0199375
-0.064806
-0.997699
0.999824
-0.0137614
-0.0127724
-0.0139893
-0.999741
-0.0179264
-0.0125224
0.0181019
-0.999758
0.999798
-0.0123152
-0.0159111
-0.00975837
-0.988362
0.151809
-0.0175954
-0.151623
-0.988282
0.99635
0.0823612
-0.0224355
0.0834766
-0.995023
0.0544046
-0.017843
-0.0560789
-0.998267
0.994333
-0.10601
-0.00801755
-0.105267
-0.992301
0.0652536
-0.0148734
-0.0640398
-0.997837
0.999731
-0.0135823
-0.0188071
-0.0123972
-0.998014
0.06176
-0.0196086
-0.0615102
-0.997914
0.999809
-0.0139421
-0.0136906
-0.0141539
-0.99978
-0.0154979
-0.0134715
0.0156887
-0.999786
0.999798
-0.0127578
-0.0155563
-0.0103165
-0.988934
0.147996
-0.0172723
-0.147805
-0.988866
0.996417
0.0816601
-0.0220221
0.0827748
-0.995014
0.055638
-0.0173689
-0.0572615
-0.998208
0.994284
-0.106159
-0.011383
-0.105214
-0.992351
0.0645756
-0.0181512
-0.0630088
-0.997848
0.999714
-0.0112132
-0.021144
-0.00999396
-0.998329
0.0569137
-0.0217468
-0.0566861
-0.998155
0.999774
-0.0114205
-0.0179386
-0.0120397
-0.999322
-0.0347992
-0.0175291
0.0350073
-0.999233
0.999714
-0.0112859
-0.0210661
-0.00794123
-0.988258
0.152586
-0.0225408
-0.152375
-0.988066
0.996316
0.0820379
-0.024966
0.0832647
-0.995124
0.0528766
-0.0205064
-0.0547606
-0.998289
0.994081
-0.107498
-0.0157422
-0.106316
-0.992349
0.0627773
-0.0223702
-0.060732
-0.997903
0.999704
-0.0113016
-0.0215224
-0.010044
-0.998285
0.0576656
-0.0221372
-0.0574324
-0.998104
0.999736
-0.0120719
-0.0195236
-0.0127507
-0.999305
-0.0350254
-0.0190872
0.0352651
-0.999196
0.999748
-0.0114155
-0.0193465
-0.00822401
-0.987457
0.157672
-0.0209038
-0.157473
-0.987302
0.996271
0.0818926
-0.0271556
0.0831203
-0.995399
0.0476723
-0.0231266
-0.0497517
-0.998494
0.994083
-0.107786
-0.0134636
-0.106725
-0.99225
0.0636429
-0.0202191
-0.0618294
-0.997882
0.9997
-0.011639
-0.0215664
-0.0103734
-0.998269
0.0578957
-0.0222029
-0.0576546
-0.99809
0.999727
-0.01329
-0.0192423
-0.0139192
-0.99936
-0.032946
-0.0187921
0.0332048
-0.999272
0.999721
-0.0115709
-0.0205862
-0.00824313
-0.987888
0.154952
-0.0221298
-0.154739
-0.987707
0.996337
0.0815036
-0.0258667
0.0826961
-0.995371
0.048979
-0.021755
-0.0509387
-0.998465
0.99397
-0.108402
-0.0165211
-0.107215
-0.992368
0.0609213
-0.022999
-0.0587827
-0.998006
0.999703
-0.0125776
-0.020879
-0.0113446
-0.998243
0.058157
-0.0215738
-0.0579029
-0.998089
0.99974
-0.0148026
-0.0173303
-0.0154712
-0.999115
-0.0391045
-0.0167362
0.0393625
-0.999085
0.999633
-0.0121749
-0.0241932
-0.00815823
-0.987136
0.159677
-0.025826
-0.159421
-0.986873
0.996312
0.081451
-0.0269932
0.0827486
-0.995261
0.0510663
-0.0227059
-0.0531116
-0.99833
0.994025
-0.108237
-0.0141223
-0.10712
-0.992159
0.0643836
-0.0209803
-0.0624861
-0.997825
0.99971
-0.0142624
-0.019418
-0.013004
-0.9979
0.0634539
-0.0202823
-0.0631829
-0.997796
0.999743
-0.0135194
-0.0181954
-0.0106319
-0.988574
0.150358
-0.0200202
-0.150126
-0.988464
0.996319
0.0811364
-0.0276507
0.0824762
-0.995269
0.0513623
-0.0233525
-0.0534537
-0.998297
0.994173
-0.106957
-0.013389
-0.105895
-0.992313
0.0640477
-0.0201365
-0.0622567
-0.997857
0.999789
-0.012702
-0.016126
-0.0116707
-0.997976
0.0625109
-0.0168874
-0.0623096
-0.997914
0.999702
-0.0124019
-0.0210471
-0.00908237
-0.988483
0.15106
-0.0226781
-0.150824
-0.988301
0.996309
0.0820601
-0.0251764
0.0833507
-0.994978
0.0554123
-0.0205029
-0.0573063
-0.998146
0.994191
-0.106933
-0.01223
-0.105926
-0.992253
0.0649099
-0.0190763
-0.0632373
-0.997816
0.999711
-0.0133013
-0.0200171
-0.0119113
-0.997613
0.0680237
-0.0208741
-0.0677656
-0.997483
0.999721
-0.0129593
-0.0197324
-0.00972774
-0.987733
0.15585
-0.0215101
-0.155615
-0.987584
0.996215
0.0813171
-0.0307214
0.0828171
-0.995249
0.0511996
-0.026412
-0.05355
-0.998216
0.994131
-0.107456
-0.0125461
-0.106372
-0.992015
0.0677537
-0.0197264
-0.0660215
-0.997623
0.999736
-0.0142025
-0.0180751
-0.0129972
-0.997792
0.0651373
-0.0189603
-0.0648851
-0.997713
0.999692
-0.0130473
-0.0211092
-0.00967162
-0.988214
0.152774
-0.0228537
-0.152523
-0.988036
0.99633
0.0822755
-0.0236117
0.0835093
-0.994866
0.0571626
-0.0187874
-0.0589246
-0.998086
0.994256
-0.106483
-0.0107531
-0.10552
-0.992106
0.067758
-0.0178832
-0.0662341
-0.997644
0.999792
-0.014443
-0.0144094
-0.0133935
-0.997426
0.0704471
-0.0153898
-0.0702395
-0.997411
0.999737
-0.0142387
-0.0179527
-0.0113678
-0.988477
0.150941
-0.0198951
-0.150697
-0.98838
0.994312
-0.106298
-0.00665284
-0.105596
-0.992038
0.0686244
-0.0138945
-0.0675315
-0.99762
0.999769
-0.0129402
-0.0171825
-0.0132703
-0.999727
-0.0192374
-0.0169289
0.019461
-0.999667
0.999659
-0.0118193
-0.0232897
-0.00813089
-0.988265
0.152533
-0.0248192
-0.152292
-0.988024
0.996257
0.0813839
-0.029125
0.0827975
-0.995252
0.0511592
-0.0248232
-0.0533791
-0.998266
0.994159
-0.107368
-0.0109711
-0.106454
-0.992247
0.0641414
-0.0177728
-0.0625988
-0.997881
0.999758
-0.0143528
-0.0166445
-0.0132452
-0.997807
0.0648483
-0.0175387
-0.0646121
-0.997756
0.999778
-0.0141522
-0.0156123
-0.0144383
-0.999727
-0.0183669
-0.0153481
0.0185883
-0.999709
0.999732
-0.0124766
-0.0194789
-0.0094043
-0.988561
0.150526
-0.0211341
-0.150303
-0.988414
0.996363
0.0821343
-0.0226789
0.0832972
-0.994935
0.0562605
-0.0179431
-0.057945
-0.998159
0.994243
-0.106282
-0.0135798
-0.105195
-0.992343
0.0647198
-0.0203544
-0.0629186
-0.997811
0.999784
-0.013939
-0.0154462
-0.0128639
-0.997627
0.0676411
-0.0163524
-0.0674278
-0.99759
0.999834
-0.0139284
-0.0117499
-0.0141118
-0.999777
-0.0156769
-0.0115289
0.0158401
-0.999808
0.999727
-0.0136951
-0.0189222
-0.0107161
-0.988716
0.14942
-0.020755
-0.149176
-0.988593
0.996413
0.0820456
-0.0207127
0.0830554
-0.995091
0.053819
-0.0161954
-0.0553463
-0.998336
0.994274
-0.106504
-0.00869728
-0.105714
-0.992243
0.0654121
-0.0155964
-0.0641182
-0.99782
0.999789
-0.0139355
-0.0150774
-0.012895
-0.997667
0.0670368
-0.0159764
-0.0668283
-0.997637
0.999849
-0.0142358
-0.009987
-0.0143403
-0.999842
-0.0104729
-0.00983634
0.0106146
-0.999895
0.999788
-0.0131639
-0.0158324
-0.0106866
-0.989008
0.147475
-0.0175997
-0.147274
-0.988939
0.996447
0.0811149
-0.022659
0.0823528
-0.994769
0.0604449
-0.0176375
-0.0620962
-0.997914
0.999693
-0.0113747
-0.0220276
-0.0100679
-0.998233
0.0585536
-0.0226547
-0.0583138
-0.998041
0.999755
-0.0113468
-0.019006
-0.0118924
-0.999513
-0.0288425
-0.0186694
0.0290614
-0.999403
0.999741
-0.011306
-0.0197588
-0.00816226
-0.98827
0.1525
-0.0212512
-0.152299
-0.988106
0.996301
0.0819071
-0.0259983
0.0830818
-0.995392
0.0478798
-0.0219568
-0.0498627
-0.998515
0.994105
-0.107552
-0.0137263
-0.106438
-0.992163
0.0654455
-0.0206575
-0.0635986
-0.997762
0.99969
-0.0117746
-0.0219179
-0.0103529
-0.997904
0.0638849
-0.0226242
-0.0636382
-0.997717
0.999781
-0.0124701
-0.0167794
-0.0130102
-0.999388
-0.0324684
-0.0163642
0.0326796
-0.999332
0.999618
-0.0118578
-0.0249495
-0.00785896
-0.987936
0.154662
-0.0264825
-0.154407
-0.987652
0.996223
0.0815424
-0.0298498
0.0830387
-0.995142
0.0528919
-0.0253918
-0.0551708
-0.998154
0.994003
-0.108343
-0.0148064
-0.107213
-0.99224
0.0629764
-0.0215146
-0.0610113
-0.997905
0.999712
-0.012127
-0.0207269
-0.0108232
-0.998024
0.0618986
-0.0214366
-0.0616564
-0.997867
0.999688
-0.0138947
-0.020737
-0.0145758
-0.999347
-0.0330627
-0.0202641
0.0333546
-0.999238
0.999574
-0.0124526
-0.0263821
-0.00822195
-0.987913
0.154788
-0.0279907
-0.154505
-0.987595
0.996325
0.0807391
-0.0286056
0.0819756
-0.995615
0.0450681
-0.0248414
-0.0472474
-0.998574
0.99398
-0.108277
-0.0167547
-0.107074
-0.992378
0.0609945
-0.0232313
-0.0588333
-0.997997
0.999649
-0.0124215
-0.0234034
-0.010956
-0.998032
0.0617386
-0.0241243
-0.0614605
-0.997818
0.999707
-0.0150943
-0.0189032
-0.0158172
-0.999126
-0.0386946
-0.0183026
0.0389823
-0.999072
0.999535
-0.0133002
-0.0274531
-0.00891051
-0.987994
0.154232
-0.0291748
-0.153916
-0.987653
0.996295
0.0811034
-0.0285973
0.0824409
-0.995381
0.0491887
-0.0244759
-0.051364
-0.99838
0.993938
-0.108668
-0.016669
-0.1074
-0.992154
0.063993
-0.0234923
-0.0618149
-0.997811
0.999614
-0.0127802
-0.0246868
-0.0112373
-0.998034
0.0616584
-0.0254263
-0.0613572
-0.997792
0.99966
-0.0148203
-0.0214341
-0.0155432
-0.999302
-0.0339628
-0.0209158
0.0342844
-0.999193
0.999583
-0.0130861
-0.0257498
-0.00875631
-0.986819
0.161592
-0.027525
-0.161299
-0.986522
0.99631
0.0810011
-0.0283672
0.0824084
-0.995212
0.0525626
-0.0239738
-0.0547063
-0.998215
0.993791
-0.109856
-0.0176406
-0.108584
-0.992177
0.0615976
-0.0242695
-0.0592997
-0.997945
