-0.134271
0.0882916
0.441966
-0.133875
0.0872218
0.417303
-0.133347
0.0861133
0.392803
-0.13268
0.0847584
0.368694
-0.132021
0.0834937
0.34431
-0.131157
0.0822217
0.319961
-0.130292
0.0809972
0.295891
-0.130095
0.0801631
0.283248
-0.129189
0.0549395
0.306128
-0.139874
0.0709325
0.295035
-0.117507
0.0922738
0.296808
-0.127801
0.0566201
0.296223
-0.127508
0.0815642
0.287215
-0.135521
0.0465899
0.295935
-0.127174
0.0542419
0.331488
-0.138219
0.072946
0.320538
-0.11565
0.0940277
0.322201
-0.10223
0.0844264
0.323287
-0.101195
0.0559212
0.333261
-0.112544
0.0769016
0.322533
-0.125033
0.058472
0.322246
-0.12461
0.0858774
0.313084
-0.132831
0.0487873
0.322216
-0.11505
0.0695998
0.323508
-0.0990045
0.059865
0.324199
-0.0989552
0.0872588
0.314703
-0.123416
0.0537001
0.357802
-0.133944
0.0753499
0.347238
-0.111541
0.0960022
0.348299
-0.0980884
0.0863395
0.349273
-0.0973844
0.0553747
0.358993
-0.108363
0.0791135
0.348522
-0.0855818
0.0948574
0.349563
-0.147146
0.0837799
0.347562
-0.146476
0.0528413
0.357625
-0.156752
0.0722901
0.346845
-0.134246
0.0974627
0.348004
-0.120219
0.0607066
0.348836
-0.119652
0.0902248
0.339683
-0.128214
0.0511476
0.348618
-0.110416
0.0715253
0.349246
-0.121091
0.110291
0.349491
-0.120453
0.0790517
0.361753
-0.105893
0.12118
0.349599
-0.0935796
0.0619919
0.350593
-0.0931259
0.0916753
0.34092
-0.102037
0.0549001
0.350098
-0.0837771
0.0703503
0.350468
-0.0938539
0.112006
0.350662
-0.0936916
0.0804764
0.362622
-0.0791034
0.119983
0.350393
-0.14208
0.0597191
0.349538
-0.141458
0.0896322
0.339733
-0.149953
0.0483792
0.349213
-0.131917
0.0733925
0.349814
-0.14265
0.109704
0.34977
-0.14195
0.0785665
0.362341
-0.127323
0.122869
0.350474
-0.115852
0.0536094
0.385097
-0.126605
0.0779981
0.374242
-0.103482
0.0980502
0.375083
-0.0905321
0.0884698
0.375755
-0.0901709
0.0548247
0.385318
-0.101358
0.081367
0.375003
-0.0780213
0.0967116
0.376054
-0.13964
0.0863575
0.374943
-0.139686
0.0527818
0.385177
-0.150114
0.0748574
0.374398
-0.12709
0.0996373
0.375617
-0.164265
0.085383
0.374717
-0.164181
0.0519032
0.384698
-0.174401
0.0716137
0.374268
-0.151506
0.101101
0.375183
-0.11302
0.0628695
0.375885
-0.112343
0.0950356
0.366725
-0.121964
0.0536696
0.375789
-0.103419
0.0735936
0.376115
-0.112461
0.0379228
0.376375
-0.111755
0.0703199
0.368963
-0.118817
0.0289405
0.376175
-0.113283
0.112484
0.376424
-0.113134
0.0789691
0.388251
-0.0984361
0.123147
0.376226
-0.0869969
0.0639126
0.376398
-0.0864453
0.0960417
0.367028
-0.0960414
0.0571257
0.376272
-0.0774717
0.0722072
0.376537
-0.0870848
0.113766
0.376627
-0.0872756
0.0800765
0.38883
-0.0730083
0.121728
0.376729
-0.136485
0.0619771
0.376613
-0.135387
0.0942507
0.366578
-0.144686
0.0507282
0.376
-0.126388
0.0753449
0.376619
-0.160786
0.0361326
0.376581
-0.159849
0.0685609
0.368644
-0.166592
0.0228749
0.376169
-0.136508
0.111894
0.376659
-0.136708
0.0782143
0.389023
-0.121636
0.124985
0.376844
-0.108676
0.123718
0.389463
-0.1103
0.0533579
0.410751
-0.121
0.0802579
0.401024
-0.0977798
0.0998443
0.401501
-0.0847658
0.0901423
0.401622
-0.0837539
0.124644
0.389824
-0.085046
0.0541605
0.410927
-0.0961906
0.0834212
0.400621
-0.0728084
0.0983773
0.401652
-0.134469
0.0883415
0.401296
-0.133169
0.122704
0.389206
-0.135094
0.0522484
0.411073
-0.145244
0.0771195
0.400588
-0.122005
0.101512
0.401749
-0.159019
0.0874711
0.401696
-0.157788
0.121933
0.389336
-0.159562
0.0514597
0.411304
-0.169603
0.0740832
0.400652
-0.14656
0.103075
0.401559
-0.182112
0.121404
0.389125
-0.184342
0.0507046
0.411171
-0.194137
0.0709304
0.399405
-0.171236
0.104787
0.401534
-0.108201
0.0648026
0.401784
-0.107289
0.0992983
0.392331
-0.108735
0.0286447
0.409106
-0.117166
0.0557796
0.401489
-0.0987019
0.075314
0.402206
-0.108028
0.0397623
0.402176
-0.114556
0.0310095
0.402339
-0.100789
0.0505188
0.402033
-0.108636
0.114362
0.401835
-0.108887
0.0783118
0.413679
-0.121882
0.105258
0.401109
-0.0938736
0.124813
0.402058
-0.082858
0.0655661
0.401907
-0.0821574
0.10017
0.392443
-0.0832936
0.0295835
0.408937
-0.0921443
0.0589896
0.401327
-0.0735563
0.0737899
0.40169
-0.0830458
0.11545
0.4019
-0.0833812
0.079252
0.413667
-0.0968682
0.108406
0.400591
-0.0688973
0.123282
0.401811
-0.132849
0.0637101
0.402447
-0.131415
0.0983644
0.391713
-0.133095
0.0277995
0.409322
-0.141056
0.0527251
0.401621
-0.122677
0.076893
0.402248
-0.157259
0.038048
0.402165
-0.15591
0.0727937
0.394349
-0.163247
0.0249079
0.40202
-0.149744
0.0538714
0.402224
-0.133016
0.113643
0.402174
-0.133345
0.0775152
0.413964
-0.14598
0.102177
0.401265
-0.117996
0.126518
0.401926
-0.104985
0.127907
0.414142
-0.107072
0.0525797
0.435632
-0.117147
0.0820277
0.426126
-0.0939808
0.101229
0.426441
-0.0809897
0.0916627
0.426649
-0.0804628
0.128657
0.414592
-0.0818661
0.0533576
0.435878
-0.0924129
0.0851516
0.425567
-0.0691952
0.0996909
0.426582
-0.0559746
0.0925107
0.426554
-0.0557002
0.12941
0.41424
-0.0564738
0.05426
0.435652
-0.0677674
0.0883412
0.425905
-0.130561
0.089863
0.426781
-0.129639
0.126982
0.414523
-0.131716
0.0515332
0.436388
-0.141609
0.0788789
0.426363
-0.118356
0.102872
0.4269
-0.15535
0.0890444
0.426927
-0.154279
0.126063
0.414506
-0.156195
0.0507091
0.436546
-0.16604
0.0757573
0.426582
-0.142981
0.104425
0.426791
-0.180201
0.088298
0.427533
-0.178883
0.125547
0.414379
-0.180934
0.0499251
0.436931
-0.190674
0.0728213
0.426882
-0.167759
0.106066
0.427221
-0.104856
0.0661258
0.427183
-0.104263
0.103268
0.41671
-0.105956
0.0278791
0.434152
-0.113823
0.0574064
0.426682
-0.0953762
0.0765397
0.42701
-0.104911
0.0410856
0.427362
-0.104139
0.0785474
0.419246
-0.111309
0.0325982
0.427278
-0.0975386
0.0517793
0.426442
-0.104805
0.0162414
0.427762
-0.108899
0.00774436
0.427176
-0.105457
0.115746
0.426858
-0.106262
0.077313
0.438834
-0.118702
0.106893
0.425845
-0.0907169
0.126028
0.426679
-0.0799381
0.0667989
0.427182
-0.0793845
0.10409
0.416995
-0.0809624
0.0285985
0.433559
-0.0891712
0.0605118
0.426568
-0.0705828
0.0750456
0.42679
-0.055229
0.0426173
0.427331
-0.0546054
0.0801021
0.419749
-0.0620871
0.0389314
0.426646
-0.0800754
0.116824
0.426819
-0.081168
0.0782898
0.437863
-0.093957
0.110028
0.425817
-0.0659042
0.124509
0.42664
-0.129842
0.0650794
0.427185
-0.128894
0.102365
0.416519
-0.130669
0.0268465
0.434525
-0.138368
0.0542995
0.426799
-0.11988
0.0782816
0.426719
-0.1548
0.0393688
0.427474
-0.153423
0.0767601
0.419348
-0.160526
0.0264291
0.427173
-0.14694
0.0552681
0.427206
-0.130269
0.115051
0.427291
-0.130795
0.0765328
0.438675
-0.143198
0.103805
0.426109
-0.115333
0.127756
0.427165
-0.102672
0.131861
0.439052
-0.104615
0.051629
0.460311
-0.114513
0.0835015
0.450923
-0.0913124
0.102397
0.451571
-0.0782799
0.0929779
0.451724
-0.0781418
0.132607
0.439077
-0.0798044
0.0523327
0.460374
-0.0899047
0.0866274
0.450635
-0.0665341
0.100925
0.451379
-0.0535078
0.0937214
0.450945
-0.0533901
0.133357
0.438613
-0.054521
0.0532412
0.460143
-0.0652616
0.0898866
0.449953
-0.0417678
0.0993603
0.450927
-0.128145
0.0910013
0.452075
-0.127683
0.130784
0.438729
-0.129288
0.0504483
0.46099
-0.139066
0.0805458
0.451332
-0.115877
0.104042
0.451621
-0.152752
0.0902763
0.452343
-0.152147
0.130136
0.439594
-0.154049
0.0495909
0.461541
-0.163697
0.0771939
0.451479
-0.140479
0.105655
0.452014
-0.177709
0.0895567
0.452484
-0.176724
0.129475
0.439504
-0.178826
0.0488161
0.461783
-0.188413
0.0742953
0.452041
-0.165437
0.107287
0.452127
-0.20252
0.0887107
0.452764
-0.201545
0.128843
0.439743
-0.203596
0.0479162
0.462281
-0.213197
0.0710186
0.451965
-0.190228
0.108975
0.452569
-0.10252
0.067414
0.451701
-0.102255
0.107246
0.441569
-0.10413
0.0268078
0.458568
-0.111659
0.0588454
0.451482
-0.0929667
0.077671
0.451746
-0.102639
0.0424407
0.451535
-0.109134
0.0340957
0.451946
-0.0953336
0.0529779
0.451469
-0.103217
0.117029
0.451851
-0.104276
0.0763192
0.463155
-0.116574
0.108348
0.450813
-0.0885423
0.127264
0.451575
-0.103062
0.141862
0.451609
-0.104078
0.101167
0.465609
-0.0860764
0.152038
0.451159
-0.0777783
0.0681306
0.45179
-0.0775444
0.107886
0.441144
-0.0792914
0.0275787
0.458524
-0.086993
0.0620116
0.451145
-0.0684238
0.0761045
0.451328
-0.052989
0.0439026
0.451997
-0.0600164
0.0403216
0.451739
-0.0459807
0.0497324
0.451567
-0.0780252
0.117917
0.451044
-0.0793466
0.0771111
0.462888
-0.0918812
0.111403
0.450555
-0.0638267
0.125645
0.451158
-0.0532102
0.143567
0.45082
-0.0540726
0.102975
0.464641
-0.0367335
0.148885
0.449122
-0.127792
0.0661983
0.451843
-0.127243
0.106118
0.441051
-0.128955
0.0257453
0.45867
-0.136221
0.0557149
0.451584
-0.117833
0.079323
0.452042
-0.152712
0.0404326
0.452201
-0.158669
0.027764
0.452106
-0.145041
0.0561067
0.451941
-0.128192
0.116057
0.452086
-0.12914
0.0753107
0.463596
-0.141265
0.105141
0.451169
-0.1133
0.128803
0.451847
-0.153068
0.140138
0.45251
-0.153924
0.0993029
0.465968
-0.135513
0.155149
0.452473
-0.101009
0.135536
0.462906
-0.102827
0.0502857
0.485297
-0.112581
0.0849105
0.475587
-0.0892121
0.103463
0.476064
-0.0763031
0.0940488
0.476261
-0.0763995
0.136225
0.462874
-0.0781773
0.0511289
0.484841
-0.0880558
0.0880175
0.474881
-0.0646232
0.101959
0.475524
-0.0514745
0.0948892
0.475815
-0.051783
0.137148
0.462974
-0.0530937
0.0520406
0.484491
-0.0634243
0.0912775
0.47478
-0.0398451
0.100454
0.475788
-0.126133
0.0922369
0.476389
-0.126101
0.134377
0.46288
-0.127821
0.0492102
0.485526
-0.137305
0.0817288
0.476141
-0.113993
0.105056
0.476518
-0.150889
0.091287
0.476602
-0.150589
0.133588
0.463572
-0.152428
0.0482918
0.485902
-0.161902
0.0784892
0.476305
-0.138604
0.106519
0.476681
-0.175882
0.090427
0.477309
-0.175093
0.133026
0.464088
-0.177209
0.047402
0.486148
-0.186675
0.0754023
0.476571
-0.163569
0.108198
0.477114
-0.200645
0.0896166
0.477282
-0.199888
0.132432
0.463937
-0.202002
0.0464735
0.486772
-0.211323
0.0721158
0.476952
-0.188446
0.109684
0.477388
-0.100846
0.0682926
0.476487
-0.102558
0.0255619
0.48291
-0.109964
0.0602425
0.475987
-0.0913211
0.0787271
0.476312
-0.101402
0.118071
0.475768
-0.102726
0.0749925
0.487334
-0.114939
0.109587
0.475342
-0.0867448
0.12814
0.476051
-0.101327
0.142873
0.476576
-0.10273
0.099808
0.489952
-0.117335
0.134327
0.475376
-0.0843395
0.152854
0.47625
-0.0764015
0.118962
0.476114
-0.0779751
0.0758476
0.487509
-0.0903486
0.112704
0.474915
-0.0622448
0.126651
0.475766
-0.0516446
0.144758
0.47558
-0.0527105
0.10168
0.488787
-0.0350894
0.149923
0.475136
-0.0998289
0.139114
0.488095
-0.101574
0.0487845
0.51013
-0.111051
0.0863464
0.50043
-0.0876712
0.104625
0.5003
-0.0748335
0.095264
0.499833
-0.0749815
0.140085
0.487469
-0.0768383
0.0497859
0.509409
-0.0866416
0.0894497
0.499325
-0.063153
0.103104
0.500504
-0.0499364
0.0961317
0.499911
-0.0503884
0.140869
0.486857
-0.0514586
0.050662
0.509438
-0.0620246
0.0927151
0.498637
-0.0383164
0.101692
0.499779
-0.0251923
0.0970969
0.500021
-0.0258225
0.141712
0.486976
-0.0267377
0.0515692
0.50886
-0.0374349
0.0960261
0.499423
-0.124551
0.093236
0.500849
-0.124727
0.138136
0.488008
-0.126254
0.0479093
0.510031
-0.135866
0.0830907
0.500129
-0.112449
0.1062
0.501113
-0.149336
0.0922989
0.501722
-0.149086
0.137474
0.488022
-0.150882
0.0469037
0.510717
-0.160443
0.0798629
0.501229
-0.137078
0.107692
0.501185
-0.174238
0.0914731
0.501828
-0.173586
0.136793
0.488656
-0.175702
0.0461042
0.511024
-0.18516
0.0767862
0.501254
-0.162081
0.109201
0.501681
-0.199164
0.0905884
0.502498
-0.198434
0.136254
0.488602
-0.200511
0.0452698
0.511029
-0.209862
0.0735672
0.50182
-0.186825
0.11075
0.502138
-0.224063
0.0897596
0.50239
-0.223418
0.135362
0.48947
-0.225514
0.0442982
0.511513
-0.23456
0.0703217
0.501937
-0.211719
0.112505
0.502363
