-0.091102
-0.091522
-0.092222
-0.093202
-0.094462
-0.096002
-0.097822
-0.099922
-0.102302
-0.104962
-0.107891
-0.110462
-0.113462
-0.116462
-0.119462
-0.122462
-0.125462
-0.126462
-0.129462
-0.130462
-0.133462
-0.136462
-0.139462
-0.142462
-0.145462
-0.148462
-0.151462
-0.153462
-0.156122
-0.158502
-0.160602
-0.162422
-0.163962
-0.165222
-0.166202
-0.166902
-0.167322
-0.167462
-0.167322
-0.166902
-0.166202
-0.165222
-0.163962
-0.162422
-0.160602
-0.158502
-0.156122
-0.153462
-0.150533
-0.147533
-0.144533
-0.141533
-0.138533
-0.135533
-0.132533
-0.129533
-0.126533
-0.123533
-0.120533
-0.117533
-0.114533
-0.111533
-0.108533
-0.105533
-0.102533
-0.101462
-0.098802
-0.096422
-0.094322
-0.092502
-0.090962
-0.089702
-0.088722
-0.088022
-0.087602
-0.087462