-0.0571923
0.998311
-0.0101831
0.998038
0.0569106
-0.0260847
-0.0254611
-0.011655
-0.999608
-0.0570421
0.998318
-0.0103533
0.998041
0.0567534
-0.0263134
-0.0256816
-0.011834
-0.9996
-0.0570855
0.998317
-0.0102223
0.998048
0.0568044
-0.0259487
-0.0253243
-0.0116837
-0.999611
-0.0570498
0.998318
-0.0103178
0.998044
0.0567636
-0.0261796
-0.0255499
-0.0117911
-0.999604
-0.0571587
0.998312
-0.0103346
0.998038
0.0568721
-0.026173
-0.025541
-0.0118103
-0.999604
-0.0570804
0.998317
-0.010284
0.998043
0.0567952
-0.0261658
-0.0255377
-0.0117574
-0.999605
-0.057139
0.998314
-0.0102282
0.998043
0.0568567
-0.02604
-0.0254146
-0.0116961
-0.999609
-0.055819
0.998312
-0.0160324
0.995701
0.0568474
0.0731226
0.0739106
-0.0118819
-0.997194
-0.0579622
0.998307
-0.00495023
0.991671
0.0570042
-0.115499
-0.115021
-0.0116036
-0.993295
0.0125035
0.999863
-0.0108785
0.999783
-0.0126824
-0.0165322
-0.0166679
-0.0106694
-0.999804
-0.123305
0.99231
-0.0108036
0.992258
0.123121
-0.0162925
-0.0148371
-0.0127289
-0.999809
-0.0537282
0.997015
0.055444
0.998429
0.0545232
-0.0129263
-0.0159107
0.0546624
-0.998378
-0.0540596
0.998438
-0.0140817
0.998412
0.0538238
-0.0166178
-0.015834
-0.0149576
-0.999763
-0.0520758
0.998453
-0.0194658
0.995124
0.0535174
0.0828531
0.0837667
-0.0150562
-0.996372
-0.0547433
0.998458
-0.00919014
0.992917
0.053463
-0.106098
-0.105443
-0.0149332
-0.994313
0.015974
0.999764
-0.0147239
0.999846
-0.0160797
-0.00708785
-0.00732293
-0.0146084
-0.999866
-0.0518344
0.998548
-0.014676
0.998638
0.0517393
-0.00678708
-0.00601789
-0.0150078
-0.999869
-0.050241
0.998538
-0.0199397
0.994381
0.0518746
0.092282
0.0931814
-0.0151914
-0.995533
-0.0531833
0.998536
-0.00989704
0.993986
0.0519857
-0.0963827
-0.0957271
-0.0149635
-0.995295
0.0178252
0.999725
-0.0152234
0.999838
-0.0177855
0.00274471
0.0024732
-0.0152698
-0.99988
-0.118142
0.99288
-0.01522
0.992986
0.118199
0.00286462
0.00464321
-0.0147749
-0.99988
-0.0486132
0.995215
-0.0847623
0.998811
0.0487458
-0.000505733
0.0036285
-0.0846861
-0.996401
-0.0483708
0.997521
0.0511012
0.998823
0.0481211
0.00610619
0.00363201
0.0513365
-0.998675
-0.0484101
0.998657
-0.0184612
0.998821
0.0484668
0.00263617
0.00352738
-0.0183119
-0.999826
-0.0464378
0.998648
-0.0233672
0.993614
0.0485865
0.101834
0.102831
-0.0184891
-0.994527
-0.0500672
0.998649
-0.0139313
0.995038
0.0486757
-0.0867731
-0.0859777
-0.0182067
-0.996131
0.0213137
0.999592
-0.0190045
0.999702
-0.0210821
0.012304
0.0118984
-0.019261
-0.999744
-0.114658
0.993225
-0.0189286
0.993299
0.114903
0.0124216
0.0145124
-0.0173776
-0.999744
-0.0450792
0.995057
-0.0884866
0.998893
0.0460872
0.00938082
0.0134125
-0.0879658
-0.996033
-0.0449403
0.997863
0.047426
0.998901
0.044252
0.0154643
0.0133325
0.0480688
-0.998755
-0.044893
0.998745
-0.0222194
0.998904
0.0451721
0.0122225
0.0132109
-0.0216464
-0.999678
-0.0424698
0.998739
-0.026774
0.99273
0.0452048
0.111554
0.112624
-0.0218417
-0.993398
-0.0469241
0.998735
-0.0180447
0.995969
0.0453964
-0.0773598
-0.0764429
-0.0216021
-0.99684
0.0249129
0.999429
-0.0228326
0.999464
-0.024416
0.0217899
0.02122
-0.0233632
-0.999502
-0.111067
0.993552
-0.0227515
0.993513
0.111567
0.0220269
0.0244232
-0.0201575
-0.999498
-0.0415883
0.994859
-0.0923333
0.998873
0.0435159
0.0189611
0.0228816
-0.0914407
-0.995548
-0.0411883
0.998198
0.0436315
0.998888
0.0401361
0.0247251
0.0229294
0.0446014
-0.998742
-0.0413548
0.998806
-0.0260234
0.998884
0.0419244
0.0217358
0.0228008
-0.0250955
-0.999425
-0.0386741
0.998795
-0.0302237
0.991766
0.0420622
0.120961
0.122087
-0.0252968
-0.992197
-0.0436159
0.998804
-0.0221004
0.996815
0.0420293
-0.0677804
-0.0667705
-0.0249863
-0.997455
0.0283762
0.999247
-0.0264756
0.999123
-0.0275367
0.0315513
0.0307985
-0.0273477
-0.999151
-0.107464
0.993857
-0.0264666
0.993616
0.108281
0.0316742
0.0343454
-0.0228938
-0.999148
-0.0379694
0.994651
-0.0960633
0.99875
0.0409002
0.0287257
0.032501
-0.0948526
-0.994961
-0.0377047
0.99849
0.0399417
0.998752
0.0363437
0.0342688
0.0327655
0.041184
-0.998614
-0.0378135
0.998843
-0.0297139
0.998755
0.0387446
0.0314116
0.0325265
-0.0284891
-0.999065
-0.0405088
0.998837
-0.0261402
0.997548
0.0389345
-0.05816
-0.0570746
-0.0284321
-0.997965
0.0320525
0.999029
-0.0302313
0.998684
-0.0308005
0.0410096
0.0400387
-0.031506
-0.998701
-0.103932
0.994127
-0.0301535
0.993608
0.105125
0.0411259
0.0440542
-0.0256865
-0.998699
-0.034052
0.998761
0.036278
0.998527
0.0324646
0.0434802
0.0422486
0.0377052
-0.998395
-0.0341843
0.998856
-0.0334408
0.998526
0.0355463
0.0410193
0.042161
-0.0319893
-0.998599
-0.0307361
0.99885
-0.0368057
0.989466
0.0356176
0.140314
0.141463
-0.0321053
-0.989423
-0.0373027
0.998848
-0.0301872
0.998174
0.0358076
-0.0486381
-0.0475011
-0.0319465
-0.99836
0.0356865
0.998789
-0.0338558
0.998131
-0.0339405
0.0508145
0.0496039
-0.0356059
-0.998134
-0.100314
0.99438
-0.0338574
0.993497
0.101951
0.0506947
0.0538616
-0.0285519
-0.99814
-0.0307543
0.994169
-0.103351
0.998187
0.0359016
0.0483189
0.0517476
-0.101677
-0.993471
-0.0304847
0.999005
0.0325614
0.998188
0.0287368
0.0528625
0.0518742
0.0341139
-0.998071
-0.0305619
0.998847
-0.0370309
0.998188
0.0324209
0.0506871
0.0518292
-0.0354147
-0.998028
-0.0267551
0.998836
-0.0401378
0.988199
0.0324854
0.14969
0.15082
-0.0356591
-0.987918
-0.0340028
0.998836
-0.0342247
0.9987
0.0326569
-0.039144
-0.0379808
-0.0355113
-0.998647
0.0393637
0.998521
-0.0375085
0.997489
-0.0370559
0.0603545
0.0588753
-0.0397901
-0.997472
-0.09662
0.994617
-0.0374379
0.993271
0.0987656
0.0604752
0.0638472
-0.0313429
-0.997467
-0.026694
0.993902
-0.106988
0.99776
0.0330576
0.0581539
0.061336
-0.105196
-0.992558
-0.0268582
0.99922
0.028941
0.997746
0.0250152
0.0622632
0.0614907
0.0305481
-0.99764
-0.0268269
0.998815
-0.0406025
0.997749
0.0292511
0.0603375
0.0614537
-0.0388924
-0.997352
-0.0305145
0.998802
-0.0382577
0.999126
0.029386
-0.0297195
-0.0285597
-0.0391312
-0.998826
0.0430696
0.998228
-0.04107
0.996748
-0.0401309
0.0698761
0.068104
-0.043946
-0.99671
-0.0928353
0.994837
-0.0410025
0.992952
0.0955494
0.0701203
0.073676
-0.0342039
-0.996696
-0.0231745
0.993602
-0.110534
0.997198
0.0308401
0.0681521
0.0711249
-0.108645
-0.991533
-0.0232921
0.999407
0.0253568
0.997192
0.0214197
0.0717641
0.0711784
0.0269571
-0.997099
-0.0231708
0.998753
-0.0442285
0.997221
0.0262234
0.0697358
0.0708087
-0.0424897
-0.996585
-0.0230634
0.998742
-0.0445162
0.996846
0.026356
0.0748524
0.0759315
-0.0426495
-0.9962
-0.0181481
0.998748
-0.0466199
0.984486
0.0259889
0.173527
0.174521
-0.0427475
-0.983725
-0.0269812
0.99875
-0.0420666
0.999541
0.0263761
-0.0148717
-0.0137436
-0.0424486
-0.999004
0.0470867
0.997887
-0.0447768
0.995499
-0.0431889
0.0843556
0.0822435
-0.0485473
-0.995429
-0.088905
0.995037
-0.0446965
0.992129
0.0924395
0.0844699
0.0881823
-0.0368349
-0.995423
-0.0193263
0.993268
-0.114211
0.996153
0.0288953
0.0827305
0.0854738
-0.112173
-0.990006
-0.0190985
0.999582
0.0216967
0.996153
0.0171676
0.0859374
0.085529
0.0232545
-0.996064
-0.0193459
0.998658
-0.0480376
0.996146
0.0233638
0.0845406
0.0855495
-0.0462169
-0.995261
-0.0143402
0.998655
-0.0498339
0.982839
0.0232446
0.182992
0.183905
-0.0463545
-0.98185
-0.0235067
0.998669
-0.045918
0.999715
0.0232898
-0.0052538
-0.00417738
-0.0460284
-0.998931
0.0508331
0.997543
-0.0482004
0.994485
-0.0461258
0.0941953
0.0917406
-0.0527228
-0.994386
-0.0850828
0.995207
-0.0482071
0.991549
0.0893272
0.0940793
0.0979345
-0.0397952
-0.994397
-0.0156133
0.992927
-0.1177
0.995354
0.0266198
0.0925305
0.0950092
-0.115708
-0.988729
-0.0151647
0.999719
0.0182265
0.995365
0.0133624
0.0952378
0.0949675
0.0195863
-0.995288
-0.0155392
0.998547
-0.0516066
0.995359
0.0203503
0.0940508
0.0949643
-0.0499057
-0.994229
-0.0100671
0.998546
-0.0529651
0.981097
0.0201003
0.192471
0.193256
-0.0500263
-0.979872
-0.0201131
0.998558
-0.049766
0.999783
0.020361
0.00447969
0.00548651
-0.0496651
-0.998751
0.0546221
0.997168
-0.0517016
0.993407
-0.0490436
0.10362
0.100791
-0.0570207
-0.993272
-0.0812553
0.995353
-0.0516799
0.990855
0.0862745
0.103741
0.107718
-0.0427778
-0.993261
-0.0116811
0.992571
-0.121104
0.994452
0.0241941
0.102375
0.104545
-0.119236
-0.987346
-0.0113841
0.999826
0.0147527
0.994464
0.00977933
0.104624
0.104461
0.0158621
-0.994402
-0.0116464
0.998414
-0.0550776
0.994466
0.0173164
0.103618
0.104407
-0.0535661
-0.993091
-0.00597189
0.998413
-0.0559963
0.979228
0.0171882
0.202033
0.202675
-0.0536267
-0.977777
-0.01663
0.998425
-0.0535737
0.999749
0.0174087
0.0141027
0.0150131
-0.0533257
-0.998464
0.0584993
0.996767
-0.0550736
0.992196
-0.0519687
0.113341
0.110112
-0.0612741
-0.992029
-0.0773593
0.995482
-0.0550479
0.990052
0.0832115
0.113462
0.11753
-0.0457229
-0.992016
-0.00784714
0.992182
-0.124553
0.993451
0.0219337
0.112133
0.113989
-0.122857
-0.985856
-0.00748438
0.999907
0.0113607
0.993451
0.00613971
0.114097
0.114017
0.0121402
-0.993405
-0.00776476
0.99826
-0.0584505
0.99345
0.0143649
0.11336
0.114003
-0.0571875
-0.991833
-0.00166532
0.998258
-0.0589766
0.977279
0.0141249
0.211487
0.211952
-0.0572844
-0.9756
-0.0129649
0.99827
-0.0573423
0.999615
0.0143469
0.0237557
0.0245373
-0.0570122
-0.998072
0.0623906
0.996338
-0.0584715
0.990902
-0.0548375
0.122903
0.119247
-0.0656075
-0.990695
-0.0735031
0.995581
-0.058449
0.989154
0.080251
0.12302
0.127167
-0.0487727
-0.990681
-0.00400982
0.991781
-0.127882
0.99233
0.0197469
0.122031
0.123554
-0.126411
-0.984253
-0.00365476
0.999962
0.00789546
0.992347
0.00265219
0.123451
0.123425
0.00828623
-0.992319
-0.00393389
0.998077
-0.0618542
0.992332
0.0115378
0.123062
0.123539
-0.0608958
-0.990469
0.00247734
0.998081
-0.0618729
0.975176
0.0112887
0.221145
0.221419
-0.0608848
-0.973276
-0.00954379
0.998092
-0.0610026
0.99937
0.0116054
0.0335316
0.0341755
-0.0606442
-0.997574
0.0662448
0.995888
-0.0617994
0.989489
-0.0575876
0.132649
0.128545
-0.0699372
-0.989235
-0.069581
0.995655
-0.0618871
0.988158
0.0772961
0.132551
0.136759
-0.0519312
-0.989242
-5.72148e-05
0.991336
-0.131347
0.991158
0.0174847
0.131533
0.13269
-0.130178
-0.982572
0.000251173
0.999989
0.00463491
0.991114
-0.000865434
0.133009
0.133011
0.00456031
-0.991104
-9.56455e-06
0.997869
-0.065253
0.99113
0.00868143
0.132614
0.132898
-0.0646729
-0.989018
0.00665967
0.997874
-0.0648348
0.973015
0.00848797
0.230584
0.230644
-0.0646209
-0.97089
-0.00581937
0.99789
-0.0646636
0.999027
0.00862848
0.043248
0.0437147
-0.064349
-0.99697
0.0701199
0.995409
-0.0651519
0.98801
-0.0602958
0.142132
0.137551
-0.074337
-0.987701
-0.0655932
0.995716
-0.0651755
0.987033
0.0743338
0.142272
0.146507
-0.0549983
-0.98768
0.00393114
0.990892
-0.1346
0.989833
0.0152819
0.141411
0.14218
-0.133787
-0.980758
0.00444891
0.999989
0.00135226
0.989807
-0.0045961
0.142341
0.142345
0.00070522
-0.989817
0.00403473
0.99764
-0.0685414
0.989815
0.00576939
0.142241
0.142301
-0.0684172
-0.987456
0.0109983
0.997635
-0.0678473
0.970772
0.00561563
0.239939
0.239753
-0.0685031
-0.968414
0.0741182
0.994898
-0.0684452
0.986395
-0.0630398
0.151824
0.146735
-0.078767
-0.986035
-0.0616021
0.995752
-0.0684275
0.985822
0.0714216
0.151832
0.156074
-0.0581042
-0.986035
0.00791471
0.990429
-0.137797
0.988397
0.0131548
0.151323
0.151687
-0.137395
-0.978833
0.00826729
0.999964
-0.00202412
0.988396
-0.00786458
0.151696
0.151675
-0.00325475
-0.988425
0.00801316
0.997382
-0.0718661
0.988401
0.00299967
0.151838
0.151656
-0.0722492
-0.985789
0.0153169
0.997383
-0.0706595
0.968376
0.002803
0.24948
0.249026
-0.0722462
-0.965799
0.0781648
0.994355
-0.071751
0.984718
-0.0657713
0.161257
0.155627
-0.0832591
-0.984301
-0.0576073
0.995763
-0.0716803
0.98449
0.0685796
0.161484
0.165715
-0.0612659
-0.984269
0.011935
0.989921
-0.141115
0.986899
0.0110466
0.16096
0.160897
-0.141188
-0.97682
0.0125158
0.999909
-0.00511656
0.986845
-0.0115272
0.161256
0.161182
-0.00706751
-0.986899
0.0120729
0.997113
-0.074962
0.986889
0.000185035
0.161403
0.160951
-0.0759277
-0.984038
0.00516
0.997114
-0.0757441
0.997385
0.000328336
0.0722683
0.0720846
-0.0759189
-0.994505
0.0821643
0.993793
-0.0749907
0.982906
-0.0683649
0.170943
0.164756
-0.0877543
-0.982423
-0.053486
0.99575
-0.0749761
0.983068
0.0656853
0.171066
0.175264
-0.064557
-0.982403
0.0160881
0.989422
-0.14417
0.985253
0.00887821
0.170875
0.170348
-0.144793
-0.974688
0.0162585
0.999832
-0.00850085
0.985241
-0.0145712
0.170552
0.1704
-0.0111483
-0.985312
0.0161939
0.996814
-0.0781004
0.98525
-0.00260032
0.1711
0.170352
-0.0797192
-0.982153
0.0164117
0.996798
-0.078254
0.98439
-0.00239165
0.175984
0.175234
-0.0799207
-0.981278
0.0241764
0.996799
-0.0762016
0.962007
-0.00246157
0.273014
0.271953
-0.079907
-0.958987
0.00941972
0.996814
-0.0792072
0.996217
-0.0025116
0.0868669
0.0863912
-0.0797258
-0.993066
0.0865788
0.993181
-0.0780781
0.980118
-0.070871
0.185325
0.178527
-0.092571
-0.979571
-0.049075
0.995746
-0.0779858
0.980643
0.0628543
0.185441
0.189554
-0.0673757
-0.979556
0.0204686
0.988884
-0.147272
0.982631
0.00727584
0.185426
0.184437
-0.148509
-0.97156
0.0207683
0.999717
-0.0116069
0.982612
-0.0182677
0.184771
0.184507
-0.0152425
-0.982713
0.0205506
0.996474
-0.0813412
0.982614
-0.00511542
0.185588
0.184518
-0.083741
-0.979255
0.0286741
0.996459
-0.0790385
0.959376
-0.00523253
0.282081
0.280668
-0.0839161
-0.956129
0.0131745
0.996491
-0.0826543
0.995302
-0.00513924
0.0966852
0.0959211
-0.0835397
-0.991877
0.0907763
0.992563
-0.0811042
0.978033
-0.0735087
0.19506
0.187647
-0.0970294
-0.977432
-0.0448975
0.995695
-0.0810899
0.978929
0.0600367
0.195177
0.199205
-0.0706183
-0.97741
0.0246048
0.988328
-0.150342
0.980742
0.00528262
0.195234
0.19375
-0.152251
-0.969165
0.0248424
0.999583
-0.0147467
0.980747
-0.0215109
0.194096
0.193697
-0.0192846
-0.980872
0.0246401
0.99612
-0.0844874
0.980752
-0.00771197
0.195104
0.193695
-0.0876685
-0.977137
0.0331899
0.996105
-0.0816957
0.956531
-0.007962
0.291523
0.289737
-0.08782
-0.953069
0.0169377
0.996144
-0.0860806
0.994281
-0.00770184
0.106513
0.105439
-0.0873925
-0.990578
0.0947957
0.991926
-0.0842413
0.975926
-0.0759015
0.204471
0.196426
-0.101596
-0.975241
-0.0407656
0.995621
-0.0841251
0.977146
0.0573053
0.2047
0.208624
-0.0738578
-0.975203
0.0286471
0.987743
-0.15344
0.978785
0.00343656
0.20486
0.202876
-0.156054
-0.966689
0.0287387
0.995748
-0.0875225
0.978761
-0.0102519
0.204748
0.20298
-0.0915478
-0.974894
0.0375094
0.995735
-0.0842886
0.953581
-0.0104455
0.300957
0.298793
-0.0916646
-0.949906
0.0989703
0.991259
-0.0872383
0.973654
-0.0783667
0.214139
0.205431
-0.106133
-0.9729
0.0329178
0.987154
-0.156346
0.976687
0.00142969
0.214663
0.212129
-0.159767
-0.964093
0.0329614
0.995494
-0.0889108
0.976632
-0.0131779
0.214514
0.212376
-0.0939038
-0.972666
0.0417774
0.995494
-0.0851198
0.950489
-0.0133418
0.310471
0.307936
-0.0938761
-0.946764
0.0246705
0.995511
-0.0913739
0.991964
-0.0130315
0.125849
0.124093
-0.0937443
-0.987832
0.103075
0.99072
-0.0885995
0.971307
-0.0810597
0.223588
0.214331
-0.109104
-0.970649
-0.0323833
0.995543
-0.0885738
0.973291
0.051563
0.223709
0.227279
-0.0789637
-0.970623
0.0371048
0.986795
-0.157668
0.974483
-0.000777885
0.224461
0.221374
-0.161973
-0.961643
0.0373372
0.999056
-0.0221917
0.974476
-0.0314812
0.222275
0.221366
-0.0299244
-0.974731
0.0371233
0.995074
-0.0919248
0.974502
-0.0156784
0.223831
0.221287
-0.0978902
-0.970283
0.0461361
0.995063
-0.0878727
0.94746
-0.0157153
0.319489
0.316531
-0.0979958
-0.943507
0.0286234
0.995096
-0.0946784
0.99066
-0.0156075
0.13546
0.133318
-0.0976714
-0.986249
0.107215
0.990024
-0.0914233
0.968802
-0.0833641
0.233393
0.223443
-0.113594
-0.968075
-0.0281699
0.995407
-0.0914954
0.971175
0.0489276
0.233291
0.236696
-0.0822863
-0.968093
0.0412705
0.986146
-0.160665
0.972228
-0.00256096
0.234021
0.230367
-0.165861
-0.958864
0.0416743
0.998814
-0.0251643
0.972206
-0.0347307
0.231538
0.23039
-0.0341141
-0.9725
0.0413391
0.994635
-0.0948241
0.972188
-0.0181453
0.233499
0.230526
-0.10184
-0.967722
0.0507262
0.994627
-0.0902492
0.944206
-0.0183165
0.328845
0.325425
-0.101895
-0.940062
0.0326441
0.994649
-0.0980193
0.989232
-0.0181549
0.145225
0.142668
-0.101705
-0.984531
0.111368
0.989279
-0.0944668
0.966328
-0.0856133
0.242652
0.231962
-0.11831
-0.965503
-0.0237862
0.99526
-0.0943003
0.968954
0.0461716
0.242894
0.246096
-0.0855951
-0.965459
0.045483
0.985505
-0.163434
0.969826
-0.00433484
0.243759
0.239517
-0.16959
-0.955966
0.0457586
0.998558
-0.0280719
0.96983
-0.0376711
0.240855
0.23945
-0.0382462
-0.970155
0.0455444
0.994166
-0.0977697
0.969834
-0.0205422
0.242899
0.239474
-0.105883
-0.965112
0.0552938
0.994144
-0.0928483
0.940923
-0.0207677
0.337983
0.334076
-0.106051
-0.936561
0.0365923
0.994204
-0.101092
0.987676
-0.0205756
0.155155
0.152175
-0.105524
-0.982704
0.115642
0.988507
-0.0973743
0.963695
-0.0879037
0.25212
0.240663
-0.122995
-0.962784
-0.0195717
0.995067
-0.097252
0.966681
0.0436652
0.252233
0.255236
-0.089075
-0.962767
0.0500943
0.998264
-0.0309894
0.967334
-0.0407751
0.250203
0.248505
-0.0425109
-0.967697
0.0405887
0.993699
-0.104475
0.986072
-0.0229581
0.164727
0.161291
-0.109706
-0.98079
0.119956
0.987713
-0.100163
0.96097
-0.0901861
0.261539
0.249292
-0.127627
-0.959982
-0.0152705
0.994857
-0.100128
0.964221
0.0411579
0.261885
0.264659
-0.0925464
-0.959891
0.0540314
0.98412
-0.16908
0.964766
-0.00778432
0.262993
0.257501
-0.177333
-0.949867
0.0542739
0.997953
-0.0338358
0.964716
-0.043663
0.259646
0.257637
-0.0467339
-0.965111
0.0540121
0.993178
-0.103343
0.964751
-0.0252089
0.261955
0.257563
-0.113849
-0.959531
0.0445083
0.993184
-0.107724
0.984365
-0.0252048
0.174328
0.170425
-0.113799
-0.978777
0.124201
0.986901
-0.102955
0.958127
-0.0923026
0.271058
0.258005
-0.13231
-0.957041
-0.0109856
0.994635
-0.102863
0.961722
0.0386777
0.271284
0.273807
-0.0959451
-0.956987
0.0584048
0.983392
-0.171841
0.962073
-0.0094992
0.272626
0.266465
-0.181246
-0.94665
0.0586008
0.997607
-0.0366938
0.962053
-0.0466235
0.26885
0.266495
-0.0510562
-0.962483
