0.160834
0.986968
-0.00506371
0.985698
-0.160885
-0.0501475
-0.0503087
0.00307415
-0.998729
0.160886
0.986972
-0.00118197
0.985795
-0.160752
-0.04865
-0.0482062
0.00666192
-0.998815
0.160934
0.986958
0.00379063
0.985841
-0.160566
-0.0483311
-0.0470921
0.0115151
-0.998824
0.160951
0.986923
0.00883212
0.985891
-0.160353
-0.0480139
-0.0459698
0.0164354
-0.998808
0.160888
0.98688
0.013548
0.985967
-0.160089
-0.0473316
-0.0445417
0.020973
-0.998787
0.160888
0.986782
0.0194089
0.985993
-0.159821
-0.0477043
-0.0439718
0.0268121
-0.998673
0.160905
0.986676
0.024103
0.98605
-0.159653
-0.0470666
-0.0425914
0.03134
-0.998601
0.160949
0.986527
0.0293237
0.986089
-0.159486
-0.0468151
-0.0415076
0.0364506
-0.998473
0.160924
0.986369
0.0343429
0.986144
-0.159272
-0.0463887
-0.0402865
0.0413322
-0.998333
0.160859
0.986188
0.0394694
0.986207
-0.159026
-0.0458987
-0.0389881
0.0463082
-0.998166
0.160925
0.985945
0.0449059
0.986237
-0.15889
-0.0457126
-0.037935
0.0516442
-0.997945
0.160971
0.985687
0.0501033
0.986276
-0.158763
-0.0453303
-0.036727
0.0567125
-0.997715
0.160981
0.985402
0.0553956
0.986316
-0.158599
-0.0450213
-0.0355783
0.0618851
-0.997449
0.161008
0.985078
0.0608033
0.986353
-0.158457
-0.0447026
-0.0344009
0.067171
-0.997148
0.161019
0.984739
0.0660405
0.986396
-0.158323
-0.0442454
-0.0331144
0.0722664
-0.996835
0.161158
0.984341
0.0714144
0.986412
-0.15831
-0.0439311
-0.0319376
0.0775238
-0.996479
0.161292
0.983921
0.0767158
0.98643
-0.15831
-0.0435223
-0.0306776
0.0826946
-0.996103
0.161356
0.983478
0.0820634
0.986457
-0.158246
-0.0431273
-0.0294285
0.0879109
-0.995694
0.161315
0.98304
0.0872328
0.986509
-0.158121
-0.0424112
-0.0278986
0.0928975
-0.995285
0.16136
0.9825
0.093043
0.986526
-0.158
-0.0424643
-0.0270204
0.0986413
-0.994756
0.161131
0.981994
0.0986159
0.986596
-0.15766
-0.0420864
-0.0257808
0.104075
-0.994235
0.160212
0.981815
0.101845
0.986764
-0.156683
-0.0418046
-0.0250869
0.107195
-0.993921
0.160493
0.981705
0.102453
0.986705
-0.156881
-0.0424356
-0.0255864
0.107901
-0.993832
0.160703
0.981916
0.100083
0.986648
-0.157099
-0.0429506
-0.0264509
0.105649
-0.994052
0.160667
0.981932
0.0999775
0.98666
-0.157091
-0.0427155
-0.0262382
0.105507
-0.994072
0.160644
0.981875
0.100571
0.986689
-0.157145
-0.0418434
-0.0252808
0.105954
-0.99405
0.161652
0.981727
0.100401
0.986532
-0.158186
-0.0416207
-0.0249781
0.105777
-0.994076
0.162405
0.982116
0.095247
0.986425
-0.159221
-0.0401775
-0.0242937
0.100479
-0.994643
0.163429
0.982104
0.0936083
0.986251
-0.160286
-0.040216
-0.0244922
0.0988937
-0.994797
0.164954
0.98198
0.0922208
0.986005
-0.16189
-0.0398231
-0.0241759
0.0974992
-0.994942
0.16636
0.98179
0.0917162
0.985782
-0.163361
-0.0393392
-0.0236399
0.0969567
-0.995008
0.167875
0.981698
0.089933
0.985566
-0.165113
-0.0373684
-0.0218353
0.0949082
-0.995247
0.169572
0.981487
0.0890484
0.985302
-0.166952
-0.0361432
-0.0206073
0.0938685
-0.995371
0.171492
0.981157
0.0890047
0.984989
-0.168951
-0.0354002
-0.0196958
0.0937395
-0.995402
0.173012
0.981002
0.0877613
0.984745
-0.170614
-0.0341897
-0.0185669
0.0923377
-0.995555
0.174399
0.981255
0.0820028
0.984522
-0.172296
-0.0321143
-0.0173835
0.0863343
-0.996115
0.174584
0.982065
0.0711978
0.98451
-0.172919
-0.0289584
-0.0161276
0.0751506
-0.997042
0.17322
0.983234
0.0569749
0.984742
-0.171926
-0.0269162
-0.0166694
0.060768
-0.998013
0.170595
0.984436
0.042236
0.985191
-0.169663
-0.0247751
-0.0172236
0.045837
-0.9988
0.167665
0.985488
0.0264748
0.985704
-0.167129
-0.02132
-0.0165859
0.029671
-0.999422
0.164567
0.98629
0.0122446
0.986239
-0.164335
-0.0180615
-0.0158016
0.0150484
-0.999762
0.162425
0.986717
-0.00277337
0.986621
-0.162447
-0.0137887
-0.0140561
-0.000496643
-0.999901
0.162259
0.9866
-0.0171155
0.986685
-0.16242
-0.00846121
-0.0111277
-0.0155147
-0.999818
0.162095
0.986384
-0.0277978
0.986746
-0.162243
-0.00316568
-0.00763257
-0.0269162
-0.999609
0.160952
0.986403
-0.0332133
0.986953
-0.161001
0.00119912
-0.00416457
-0.032973
-0.999448
0.158124
0.986775
-0.0356752
0.987417
-0.1581
0.00349047
-0.00219596
-0.0357782
-0.999357
0.155815
0.987139
-0.0357527
0.987784
-0.15579
0.00351981
-0.00209534
-0.0358643
-0.999354
0.153983
0.987333
-0.0382491
0.98807
-0.153968
0.00336895
-0.00256283
-0.0383115
-0.999263
0.152367
0.987552
-0.0390607
0.988315
-0.152414
0.00178474
-0.00419088
-0.0388762
-0.999235
0.149794
0.987911
-0.0399119
0.988702
-0.149895
0.000475144
-0.00551319
-0.0395322
-0.999203
0.14703
0.988321
-0.0400581
0.98911
-0.147177
-0.000748755
-0.00663566
-0.0395118
-0.999197
0.144527
0.98868
-0.0403061
0.989472
-0.144714
-0.00173598
-0.00754916
-0.0396308
-0.999186
0.142448
0.988974
-0.0404919
0.98976
-0.142701
-0.00342314
-0.00916363
-0.0395896
-0.999174
0.141324
0.989112
-0.0410393
0.989901
-0.141657
-0.00531935
-0.011075
-0.0398731
-0.999143
0.140465
0.989233
-0.0410778
0.989996
-0.140891
-0.00764494
-0.0133501
-0.039593
-0.999127
0.139447
0.989398
-0.0405826
0.990107
-0.139958
-0.0100182
-0.0155919
-0.0387841
-0.999126
0.138433
0.989569
-0.0398711
0.990224
-0.138995
-0.0116689
-0.0170891
-0.037866
-0.999137
0.137306
0.989779
-0.0385208
0.990363
-0.13789
-0.0129261
-0.0181057
-0.0363748
-0.999174
0.136716
0.989903
-0.0374323
0.990401
-0.137366
-0.0153663
-0.020353
-0.0349721
-0.999181
0.136369
0.98998
-0.0366521
0.990392
-0.137097
-0.0181409
-0.022984
-0.0338261
-0.999163
0.135367
0.990156
-0.0355838
0.990459
-0.13617
-0.0212
-0.0258367
-0.0323746
-0.999142
0.134649
0.990292
-0.0345278
0.990483
-0.135514
-0.0240849
-0.0285301
-0.0309562
-0.999113
0.134482
0.990349
-0.0335225
0.99043
-0.135398
-0.0267385
-0.0310193
-0.0296058
-0.99908
0.134526
0.990387
-0.0321939
0.990338
-0.135481
-0.0295945
-0.0336717
-0.0279016
-0.999043
0.134932
0.990363
-0.031229
0.990148
-0.135959
-0.0335047
-0.0374277
-0.0264005
-0.998951
0.136145
0.990221
-0.0304332
0.989782
-0.13727
-0.0385684
-0.0423689
-0.0248713
-0.998792
0.137596
0.990031
-0.0300861
0.989351
-0.13883
-0.0437146
-0.0474556
-0.0237508
-0.998591
0.138534
0.989921
-0.029407
0.989
-0.139837
-0.0482182
-0.0518444
-0.0224037
-0.998404
0.139887
0.98975
-0.0287342
0.988603
-0.141238
-0.0521119
-0.0556362
-0.0211169
-0.998228
0.141244
0.989593
-0.0275
0.988233
-0.142588
-0.0553494
-0.0586945
-0.0193586
-0.998088
0.142177
0.989477
-0.0268573
0.987956
-0.143528
-0.057812
-0.0610584
-0.0183143
-0.997966
0.142398
0.989471
-0.0258813
0.987809
-0.143723
-0.0598127
-0.0629027
-0.0170486
-0.997874
0.141525
0.98962
-0.0249724
0.98789
-0.142808
-0.0606634
-0.0636
-0.0160846
-0.997846
0.139534
0.990022
-0.0196579
0.988082
-0.140508
-0.0628666
-0.0650015
-0.0106516
-0.997828
0.139041
0.990218
-0.0116958
0.987942
-0.139514
-0.0671254
-0.0681005
-0.0022216
-0.997676
0.138362
0.990382
-0.000372506
0.987782
-0.138026
-0.072355
-0.0717105
0.00964323
-0.997379
0.139825
0.990101
0.012217
0.987374
-0.138491
-0.07689
-0.0744369
0.0228138
-0.996965
0.149596
0.988341
0.02832
0.986048
-0.147012
-0.078088
-0.0730142
0.0396065
-0.996544
0.165256
0.985307
0.0431309
0.984045
-0.161806
-0.0739857
-0.0659198
0.0546694
-0.996326
0.181847
0.981575
0.0586765
0.981539
-0.177597
-0.0709961
-0.0592672
0.0705038
-0.995749
0.20262
0.976596
0.0721508
0.977912
-0.197931
-0.0671673
-0.0513145
0.0841666
-0.99513
0.224867
0.970769
0.0839192
0.973419
-0.219964
-0.0638116
-0.0434871
0.0960376
-0.994427
0.248096
0.964141
0.094232
0.968054
-0.243099
-0.0614315
-0.036321
0.106463
-0.993653
0.270994
0.957229
0.101366
0.962149
-0.266211
-0.0583173
-0.0288382
0.113333
-0.993138
0.293723
0.949789
0.10783
0.955669
-0.28935
-0.0545334
-0.0205947
0.119067
-0.992673
0.315236
0.942114
0.114224
0.948948
-0.311511
-0.0495874
-0.011135
0.124024
-0.992217
0.337357
0.933661
0.120277
0.941377
-0.334526
-0.0436169
-0.000487424
0.127941
-0.991782
0.359392
0.925027
0.123137
0.93313
-0.357678
-0.0365209
0.0102604
0.128028
-0.991717
0.381345
0.916697
0.119346
0.924231
-0.380771
-0.028482
0.019334
0.121164
-0.992444
0.402399
0.908314
0.114193
0.915013
-0.402977
-0.0190137
0.0287467
0.112139
-0.993277
0.422487
0.899199
0.113779
0.905469
-0.424321
-0.00878363
0.0403807
0.106735
-0.993467
0.438946
0.89127
0.113861
0.896988
-0.442049
0.00224412
0.0523324
0.101147
-0.993494
0.454895
0.884003
0.107746
0.888462
-0.458768
0.0129475
0.0608761
0.0898387
-0.994094
0.471696
0.876408
0.0970124
0.879099
-0.47596
0.0254422
0.0684718
0.0732825
-0.994958
0.486955
0.869279
0.0850217
0.870085
-0.491295
0.0397675
0.0763399
0.0546111
-0.995585
0.500888
0.862569
0.0713149
0.861493
-0.504798
0.0548505
0.083312
0.0339633
-0.995945
0.513578
0.856128
0.0572895
0.853396
-0.516596
0.0695992
0.0891814
0.0131461
-0.995929
0.524472
0.850278
0.0442322
0.846276
-0.526301
0.0826064
0.0935178
-0.00589214
-0.9956
0.534514
0.844595
0.0309075
0.839626
-0.534836
0.094757
0.0965617
-0.0246982
-0.995021
0.544937
0.838384
0.0125129
0.833133
-0.543086
0.104629
0.0945152
-0.0465915
-0.994433
0.555547
0.831459
-0.00661588
0.826854
-0.551596
0.109794
0.0876402
-0.0664663
-0.993932
0.565035
0.824639
-0.026566
0.821414
-0.559215
0.11206
0.0775529
-0.0851395
-0.993346
0.573708
0.817723
-0.0467802
0.816628
-0.566673
0.109541
0.0630655
-0.101047
-0.992881
0.581033
0.810818
-0.0705343
0.812629
-0.573154
0.105495
0.04511
-0.118614
-0.991915
0.586646
0.804348
-0.0941829
0.809437
-0.57869
0.099646
0.0256474
-0.134692
-0.990556
0.590226
0.798843
-0.116115
0.80722
-0.583109
0.0915435
0.00542151
-0.147761
-0.989008
0.592638
0.794196
-0.134285
0.805337
-0.587263
0.0809587
-0.0145638
-0.156124
-0.98763
0.593988
0.790547
-0.149043
0.803645
-0.591513
0.0653264
-0.0365174
-0.158581
-0.98667
0.594183
0.788045
-0.16103
0.802258
-0.595015
0.0483685
-0.057699
-0.157928
-0.985763
0.593684
0.78507
-0.176647
0.800678
-0.598224
0.0322794
-0.0803327
-0.160601
-0.983745
0.592499
0.781875
-0.193947
0.798565
-0.601752
0.0136846
-0.106009
-0.162988
-0.980916
0.588305
0.779786
-0.214082
0.797346
-0.603481
-0.00701931
-0.134668
-0.166568
-0.976791
0.581886
0.778759
-0.234401
0.79683
-0.603589
-0.0272475
-0.162701
-0.170922
-0.971758
0.574614
0.77798
-0.254096
0.797247
-0.602255
-0.0410576
-0.184973
-0.178985
-0.966307
0.564631
0.778814
-0.273205
0.800105
-0.597741
-0.050382
-0.202544
-0.190146
-0.960636
0.549751
0.784199
-0.287761
0.80575
-0.588686
-0.0649331
-0.220321
-0.196166
-0.955499
0.53457
0.79107
-0.297395
0.81106
-0.57911
-0.0825431
-0.237522
-0.19708
-0.95118
0.521087
0.798834
-0.300552
0.815275
-0.570074
-0.101697
-0.252576
-0.19204
-0.948328
0.508509
0.808381
-0.296544
0.819134
-0.56031
-0.122768
-0.2654
-0.180481
-0.947095
0.49938
0.81621
-0.290551
0.821013
-0.552926
-0.142165
-0.276689
-0.167552
-0.94624
0.492645
0.823333
-0.281822
0.82242
-0.546354
-0.158503
-0.284475
-0.15369
-0.946284
0.487486
0.830523
-0.269422
0.823249
-0.54001
-0.175073
-0.290893
-0.136456
-0.946975
0.484191
0.837054
-0.254753
0.82333
-0.534417
-0.191116
-0.296119
-0.117209
-0.947932
0.483453
0.842181
-0.238755
0.822585
-0.530356
-0.205126
-0.299379
-0.0972273
-0.949168
0.485965
0.846214
-0.218541
0.821355
-0.527653
-0.216699
-0.298688
-0.0741917
-0.951463
0.492632
0.848196
-0.194622
0.819393
-0.527425
-0.224539
-0.293101
-0.0488574
-0.954832
0.505069
0.846003
-0.170832
0.815119
-0.532628
-0.227791
-0.283702
-0.0241982
-0.958607
0.52282
0.838998
-0.150805
0.808864
-0.544108
-0.222904
-0.26907
-0.00544179
-0.963105
0.54287
0.829367
-0.132068
0.800454
-0.558568
-0.21743
-0.254098
0.0123222
-0.9671
0.561976
0.819399
-0.112998
0.791355
-0.572369
-0.214828
-0.240706
0.031307
-0.970093
0.581489
0.807952
-0.0953131
0.781087
-0.587205
-0.212352
-0.227538
0.0490323
-0.972534
0.603715
0.793324
-0.0785194
0.768503
-0.605342
-0.207278
-0.21197
0.0647946
-0.975126
0.626072
0.777259
-0.0624732
0.755191
-0.624347
-0.199693
-0.194218
0.0778431
-0.977865
0.645648
0.762057
-0.0490718
0.742619
-0.641554
-0.192159
-0.177918
0.0876256
-0.980136
0.664317
0.746398
-0.0396651
0.729519
-0.65902
-0.183015
-0.162742
0.0926433
-0.98231
0.683294
0.729416
-0.0325715
0.715061
-0.677533
-0.172153
-0.14764
0.0943408
-0.984532
0.700439
0.713177
-0.0276513
0.701116
-0.694807
-0.160249
-0.133498
0.0928579
-0.986689
0.716266
0.697325
-0.0264633
0.687096
-0.711369
-0.147832
-0.121912
0.087704
-0.988658
0.729426
0.683449
-0.0289034
0.674947
-0.72594
-0.13213
-0.111286
0.0768705
-0.990811
0.740352
0.671543
-0.0301553
0.664926
-0.738172
-0.113909
-0.0987543
0.0642814
-0.993033
0.75024
0.66051
-0.0294337
0.655726
-0.74903
-0.0947495
-0.0846297
0.0517844
-0.995066
0.760125
0.649199
-0.0273781
0.646031
-0.75959
-0.0752784
-0.0696668
0.0395339
-0.996787
0.768423
0.639422
-0.0257838
0.637502
-0.768387
-0.0563299
-0.0558305
0.026848
-0.998079
0.773796
0.632898
-0.026087
0.631819
-0.774107
-0.0395379
-0.0452175
0.014112
-0.998877
0.776407
0.629495
-0.0304684
0.628866
-0.777
-0.0282736
-0.041472
0.0027913
-0.999136
0.777804
0.627364
-0.0378905
0.627058
-0.778691
-0.0209474
-0.0426466
-0.0074666
-0.999062
0.776496
0.628195
-0.0492355
0.628313
-0.777816
-0.0149925
-0.0477144
-0.0192937
-0.998675
0.775146
0.629104
-0.0581135
0.629754
-0.776746
-0.00865384
-0.0505836
-0.0298893
-0.998272
0.774948
0.628438
-0.0672458
0.629764
-0.776784
-0.00187453
-0.0534135
-0.0408964
-0.997735
0.774843
0.627482
-0.0767106
0.629691
-0.776821
0.00613959
-0.055738
-0.0530612
-0.997034
0.775177
0.62529
-0.0900798
0.629162
-0.776999
0.0206696
-0.0570674
-0.0726974
-0.99572
0.774988
0.62364
-0.102303
0.629581
-0.775947
0.0391587
-0.0549611
-0.0947558
-0.993982
0.77142
0.624714
-0.121011
0.633642
-0.771597
0.0560014
-0.058387
-0.119878
-0.99107
0.76476
0.62729
-0.147134
0.640813
-0.764282
0.0723273
-0.067082
-0.149599
-0.986469
0.757231
0.629505
-0.174142
0.648398
-0.756609
0.0843988
-0.0786282
-0.176823
-0.981097
0.748673
0.632531
-0.198476
0.656301
-0.749441
0.0872148
-0.0935802
-0.195556
-0.976218
0.738164
0.639351
-0.215276
0.665596
-0.742234
0.0779076
-0.109975
-0.200796
-0.973441
0.728704
0.645988
-0.227355
0.673331
-0.736414
0.0657333
-0.124964
-0.200985
-0.971591
0.719376
0.651978
-0.239631
0.680968
-0.730003
0.0581143
-0.137042
-0.204987
-0.969123
0.711299
0.654294
-0.256813
0.686245
-0.725484
0.0523557
-0.152057
-0.213477
-0.965042
0.703878
0.655306
-0.2741
0.690451
-0.721829
0.0473316
-0.166837
-0.222568
-0.960536
0.696448
0.6564
-0.289999
0.694036
-0.718845
0.0396919
-0.18241
-0.228913
-0.956204
0.687983
0.659811
-0.302207
0.698197
-0.715375
0.0275808
-0.197993
-0.229975
-0.952843
0.679289
0.664603
-0.311239
0.702167
-0.711906
0.0123343
-0.213375
-0.22692
-0.950252
0.669748
0.670435
-0.319303
0.706968
-0.707242
-0.00209645
-0.22723
-0.224333
-0.94765
0.65804
0.678572
-0.326379
0.713913
-0.700049
-0.0160858
-0.239397
-0.222421
-0.945102
0.644304
0.689384
-0.331091
0.72331
-0.689916
-0.0289505
-0.248383
-0.220829
-0.943155
0.631145
0.701663
-0.330642
0.73338
-0.678628
-0.0402212
-0.252605
-0.217101
-0.942899
0.619192
0.714407
-0.325919
0.742761
-0.667528
-0.0520844
-0.25477
-0.20983
-0.943962
0.609935
0.725814
-0.318078
0.749903
-0.658404
-0.0644093
-0.256173
-0.199242
-0.945874
0.602042
0.737241
-0.306628
0.755914
-0.649946
-0.0785138
-0.257175
-0.184516
-0.948586
0.595171
0.749814
-0.289052
0.761578
-0.641089
-0.0948882
-0.256456
-0.163661
-0.952599
0.592179
0.759995
-0.267828
0.764769
-0.634785
-0.110343
-0.253874
-0.139484
-0.957127
0.593626
0.767799
-0.241026
0.765988
-0.630924
-0.123275
-0.24672
-0.111444
-0.962658
0.596816
0.772979
-0.215208
0.766165
-0.628667
-0.133299
-0.238332
-0.0853299
-0.967428
0.604577
0.773627
-0.189706
0.76511
-0.630255
-0.131855
-0.22157
-0.0654292
-0.972947
0.615486
0.770914
-0.163918
0.76404
-0.634659
-0.115981
-0.193443
-0.0538556
-0.979632
0.623263
0.770044
-0.13629
0.763353
-0.636925
-0.107789
-0.169809
-0.0368567
-0.984788
0.629899
0.769227
-0.10732
0.76209
-0.638794
-0.105644
-0.14982
-0.015242
-0.988596
0.638406
0.765834
-0.0770406
0.758653
-0.642981
-0.104981
-0.129934
0.00857352
-0.991486
0.650042
0.758397
-0.0477408
0.752213
-0.651109
-0.101156
-0.107801
0.0298445
-0.993724
0.666697
0.744926
-0.024492
0.740746
-0.665878
-0.0888899
-0.0825251
0.0411202
-0.99574
0.684093
0.729379
-0.00483551
0.727234
-0.682561
-0.0724046
-0.0561109
0.0460149
-0.997364
0.697785
0.716199
0.012414
0.715569
-0.696176
-0.0574479
-0.0325019
0.0489694
-0.998271
0.708224
0.705231
0.0326767
0.705906
-0.70668
-0.0479583
-0.0107297
0.0570319
-0.998315
0.715282
0.696755
0.0538918
0.698792
-0.71397
-0.0440015
0.00781883
0.0691326
-0.997577
0.721297
0.689332
0.0674763
0.692278
-0.720595
-0.0386638
0.0219709
0.0746004
-0.996971
0.726952
0.682303
0.0774745
0.685708
-0.727305
-0.0288367
0.0366723
0.0740878
-0.996577
0.732263
0.67537
0.08756
0.678832
-0.734152
-0.0143826
0.0545688
0.0699704
-0.996055
0.737054
0.668589
0.0986916
0.671751
-0.740775
0.00158644
0.0741689
0.0651269
-0.995117
0.740754
0.662826
0.109294
0.66516
-0.746464
0.018812
0.0940529
0.0587628
-0.993831
0.743525
0.658017
0.119097
0.65885
-0.751321
0.0378724
0.1144
0.0503077
-0.99216
0.745562
0.654109
0.127588
0.652884
-0.755303
0.0570968
0.133715
0.0407312
-0.990182
0.746768
0.651092
0.135709
0.647138
-0.758411
0.0776207
0.153462
0.0298581
-0.987703
0.74755
0.648725
0.142564
0.641451
-0.760814
0.0985004
0.172365
0.0178139
-0.984872
0.74933
0.645807
0.146419
0.634636
-0.763494
0.119643
0.189056
0.00327128
-0.981961
0.751835
0.643019
0.145846
0.62753
-0.765713
0.141033
0.202363
-0.0145112
-0.979203
0.755732
0.640068
0.138501
0.620475
-0.767479
0.161203
0.209478
-0.0358895
-0.977155
0.760845
0.636728
0.12527
0.61368
-0.768738
0.180109
0.210981
-0.0601597
-0.975637
0.766106
0.633359
0.109261
0.607952
-0.769273
0.1965
0.208507
-0.0841147
-0.974397
0.771844
0.629258
0.0910596
0.602406
-0.769563
0.211849
0.203384
-0.108659
-0.973051
0.777825
0.624442
0.0711369
0.597083
-0.769546
0.226475
0.196164
-0.133683
-0.971416
0.782171
0.620784
0.053245
0.593478
-0.768326
0.239709
0.189717
-0.155894
-0.969384
0.786087
0.617166
0.0342513
0.591058
-0.766736
0.250531
0.180881
-0.176695
-0.967502
0.790262
0.612596
0.0145822
0.588601
-0.765495
0.259934
0.170397
-0.196833
-0.965516
0.79408
0.607783
-0.00606295
0.587193
-0.764527
0.265902
0.156975
-0.214707
-0.963981
0.795464
0.60533
-0.0285111
0.589566
-0.76215
0.267469
0.140177
-0.229571
-0.963145
0.79048
0.61041
-0.0504133
0.600057
-0.755309
0.263513
0.122773
-0.238552
-0.963338
0.779731
0.62214
-0.0704395
0.61679
-0.743897
0.257268
0.107657
-0.244046
-0.963769
0.765987
0.636697
-0.0887768
0.635725
-0.729717
0.251728
0.0954926
-0.249258
-0.963718
0.748546
0.655239
-0.10169
0.657005
-0.712191
0.247243
0.0895801
-0.251883
-0.963603
0.727279
0.677604
-0.109171
0.680575
-0.69141
0.242426
0.0887867
-0.25061
-0.964008
0.70491
0.699786
-0.115766
0.703955
-0.670226
0.23504
0.0868888
-0.247176
-0.965067
0.682849
0.72007
-0.123353
0.725783
-0.649366
0.227076
0.0834089
-0.244586
-0.966033
0.660231
0.73958
-0.130833
0.74678
-0.627855
0.219358
0.0800886
-0.24253
-0.966832
0.636139
0.759221
-0.137518
0.767709
-0.604997
0.211192
0.0771433
-0.239922
-0.967722
0.611879
0.777493
-0.14529
0.787438
-0.581502
0.204443
0.0744669
-0.239502
-0.968036
0.587272
0.79495
-0.152207
0.806071
-0.557418
0.198833
0.073219
-0.239459
-0.968142
0.561582
0.812331
-0.157301
0.824212
-0.532473
0.192737
0.0728073
-0.237887
-0.96856
0.535836
0.82919
-0.159136
0.841165
-0.507981
0.185463
0.0729459
-0.233237
-0.96968
0.511507
0.844098
-0.160809
0.856214
-0.484882
0.17829
0.072521
-0.228884
-0.970749
0.487637
0.858019
-0.16129
0.870009
-0.462178
0.171684
0.0727633
-0.224043
-0.971859
0.463903
0.871103
-0.161161
0.882859
-0.439575
0.165331
0.0731777
-0.21898
-0.972981
0.44064
0.883244
-0.160365
0.894634
-0.417365
0.159492
0.0739395
-0.213746
-0.974087
0.418012
0.89469
-0.157469
0.905278
-0.395797
0.154323
0.0757452
-0.207062
-0.975391
0.395179
0.905745
-0.153167
0.915235
-0.373951
0.150015
0.0785987
-0.199467
-0.976747
0.371603
0.916385
-0.148826
0.924793
-0.351275
0.146162
0.0816622
-0.191948
-0.978002
0.347846
0.926658
-0.142505
0.933719
-0.32867
0.141931
0.0846848
-0.18243
-0.979565
0.330844
0.933482
-0.138398
0.939727
-0.312474
0.138831
0.0863505
-0.175988
-0.980598
0.324033
0.936413
-0.134661
0.941954
-0.306122
0.137887
0.0878963
-0.171525
-0.981251
0.322258
0.937499
-0.131319
0.942325
-0.304436
0.139077
0.0904066
-0.168564
-0.981536
0.325394
0.936937
-0.127543
0.941054
-0.307699
0.140493
0.0923885
-0.16574
-0.981832
0.343252
0.930752
-0.126009
0.935003
-0.325879
0.139901
0.0891498
-0.16584
-0.982115
0.367158
0.921792
-0.124475
0.926595
-0.350759
0.135608
0.0813417
-0.165128
-0.982912
0.387606
0.913528
-0.123401
0.918862
-0.372158
0.131117
0.0738544
-0.16421
-0.983657
0.404805
0.906262
-0.121743
0.911802
-0.390025
0.128444
0.0689211
-0.163001
-0.984216
0.422646
0.898295
-0.120154
0.903958
-0.408319
0.127027
0.0650463
-0.162302
-0.984595
0.447114
0.886682
-0.117836
0.892525
-0.433552
0.124222
0.0590577
-0.160713
-0.985233
0.471588
0.873403
-0.12154
0.880366
-0.458407
0.121735
0.0506093
-0.164408
-0.985093
0.491402
0.862692
-0.119524
0.8699
-0.479492
0.115593
0.0424101
-0.160777
-0.986079
0.507851
0.853738
-0.11497
0.860964
-0.49857
0.100838
0.0287689
-0.150196
-0.988238
0.520875
0.846592
-0.109414
0.853594
-0.515325
0.0762742
0.00818923
-0.133125
-0.991065
0.53229
0.8401
-0.104397
0.846416
-0.530426
0.0472025
-0.0157203
-0.113489
-0.993415
0.542459
0.834228
-0.0990029
0.839367
-0.543082
0.0229111
-0.0346536
-0.0955281
-0.994823
0.552152
0.828349
-0.0946872
0.832229
-0.554425
0.0027397
-0.0502275
-0.0803142
-0.995503
0.561502
0.822392
-0.091584
0.824949
-0.56499
-0.0156458
-0.0646111
-0.066767
-0.995674
0.570857
0.816321
-0.0879858
0.817642
-0.574967
-0.029564
-0.0747226
-0.0550641
-0.995683
0.578897
0.8112
-0.0826595
0.811458
-0.583087
-0.0393114
-0.0800871
-0.0443175
-0.995802
0.58723
0.80571
-0.0774169
0.805043
-0.59131
-0.0475232
-0.0840673
-0.0344169
-0.995866
0.598316
0.797792
-0.0744738
0.79618
-0.602399
-0.0566803
-0.090082
-0.0253819
-0.995611
0.612888
0.786737
-0.0735736
0.784136
-0.61705
-0.0661814
-0.097466
-0.0171299
-0.995091
0.627245
0.775428
-0.07263
0.771994
-0.631358
-0.0735685
-0.102903
-0.00992443
-0.994642
0.64082
0.764215
-0.0729784
0.760346
-0.644933
-0.0770473
-0.105947
-0.00611534
-0.994353
0.653865
0.75284
-0.075455
0.748892
-0.658177
-0.0772326
-0.107806
-0.00600796
-0.994154
0.662294
0.745247
-0.0772903
0.741411
-0.666751
-0.0758443
-0.108056
-0.0070727
-0.99412
0.668259
0.739639
-0.0797828
0.735823
-0.672954
-0.0754872
-0.109523
-0.00826105
-0.99395
0.672591
0.735525
-0.0813928
0.731609
-0.677447
-0.0762457
-0.11122
-0.00826549
-0.993761
0.67783
0.730534
-0.0828669
0.726526
-0.682828
-0.0768498
-0.112725
-0.00811384
-0.993593
0.689132
0.719638
-0.0849547
0.715508
-0.694309
-0.077349
-0.114648
-0.00748214
-0.993378
0.702245
0.706618
-0.0868499
0.702441
-0.707562
-0.0770241
-0.115878
-0.00691709
-0.993239
0.714759
0.693616
-0.0895324
0.68938
-0.720313
-0.076844
-0.117792
-0.00679691
-0.993015
0.725213
0.68249
-0.0909657
0.677859
-0.730884
-0.0794669
-0.120721
-0.00403154
-0.992678
0.735048
0.671543
-0.0934629
0.66634
-0.740965
-0.0834328
-0.125281
-0.000951026
-0.992121
0.748978
0.655146
-0.099071
0.649194
-0.7555
-0.0881268
-0.132584
0.0016887
-0.99117
0.764854
0.635477
-0.105681
0.628902
-0.772113
-0.091231
-0.139573
0.0033153
-0.990206
0.778929
0.617285
-0.110581
0.6104
-0.786728
-0.092039
-0.143811
0.0041935
-0.989596
0.790143
0.602254
-0.113857
0.595153
-0.798287
-0.0923603
-0.146515
0.00521545
-0.989195
0.799148
0.589837
-0.115993
0.582551
-0.807496
-0.0926524
-0.148314
0.0064711
-0.988919
0.809964
0.57442
-0.11832
0.567092
-0.818529
-0.0917445
-0.149548
0.00721163
-0.988728
0.821578
0.556792
-0.122441
0.549688
-0.830632
-0.0888419
-0.15117
0.00568633
-0.988491
0.833253
0.538226
-0.126499
0.531349
-0.842789
-0.0858757
-0.152832
0.00434128
-0.988243
0.845418
0.517219
-0.133242
0.511062
-0.855853
-0.0795683
-0.15519
-0.000826692
-0.987884
0.858142
0.494311
-0.13874
0.489398
-0.86925
-0.0699611
-0.155182
-0.00786267
-0.987855
0.869765
0.472831
-0.141208
0.469018
-0.881059
-0.0612968
-0.153396
-0.0129155
-0.98808
0.877642
0.458031
-0.141253
0.454748
-0.888818
-0.056637
-0.15149
-0.0145276
-0.988352
0.881189
0.451821
-0.139155
0.448822
-0.891985
-0.0540415
-0.148542
-0.0148353
-0.988795
0.881894
0.45171
-0.134986
0.449486
-0.891981
-0.048291
-0.142218
-0.0180865
-0.98967
0.87918
0.458895
-0.128289
0.457901
-0.888152
-0.0389046
-0.131793
-0.0245393
-0.990973
0.87118
0.476261
-0.119251
0.476191
-0.878798
-0.0309331
-0.119529
-0.0298377
-0.992382
0.859908
0.498724
-0.108776
0.49936
-0.866082
-0.0232832
-0.105821
-0.0342968
-0.993794
0.8491
0.519025
-0.0981989
0.520508
-0.853774
-0.0118851
-0.0900084
-0.0410217
-0.995096
0.839523
0.536402
-0.0864505
0.538751
-0.842452
0.00463233
-0.0703456
-0.0504642
-0.996245
0.829663
0.552886
-0.0773028
0.55581
-0.831029
0.021604
-0.0522962
-0.0608897
-0.996774
0.8195
0.569151
-0.0669911
0.572144
-0.819229
0.038919
-0.0327303
-0.0702226
-0.996994
0.808178
0.586466
-0.0539173
0.588813
-0.806504
0.0533862
-0.0121754
-0.0748927
-0.997117
0.79578
0.604406
-0.0377858
0.605542
-0.793413
0.0617627
0.00735001
-0.0720304
-0.997375
0.782342
0.622492
-0.0210919
0.622322
-0.779838
0.0675893
0.0256256
-0.0660039
-0.99749
0.767581
0.64093
-0.00536007
0.639626
-0.765429
0.0706861
0.0412021
-0.0576857
-0.997484
0.752472
0.658541
0.0104539
0.656394
-0.751134
0.0703207
0.0541614
-0.0460525
-0.99747
0.738893
0.673196
0.029063
0.670614
-0.738894
0.0656789
0.0656893
-0.0290396
-0.997417
0.72818
0.683522
0.05052
0.68091
-0.729867
0.0604698
0.0782053
-0.00963331
-0.996891
0.720443
0.689933
0.0703884
0.687685
-0.72383
0.0562063
0.0897278
0.0079117
-0.995935
0.714822
0.693449
0.0903234
0.691919
-0.72007
0.0524072
0.101381
0.0250347
-0.994533
0.709957
0.695559
0.110265
0.695223
-0.7172
0.0478443
0.112361
0.0426916
-0.99275
0.703553
0.699021
0.127997
0.700444
-0.71252
0.0411473
0.119963
0.0607056
-0.990921
0.695693
0.703078
0.147283
0.707115
-0.706377
0.0319358
0.126491
0.0819287
-0.988579
0.688144
0.70652
0.165191
0.71331
-0.700429
0.0242594
0.132844
0.101138
-0.985963
0.682806
0.707486
0.182318
0.717169
-0.696678
0.0175653
0.139444
0.118759
-0.983083
0.68158
0.703895
0.199951
0.716551
-0.697421
0.0126238
0.148336
0.134671
-0.979724
0.683199
0.69838
0.213317
0.713143
-0.700935
0.010784
0.157053
0.144758
-0.976923
0.683345
0.694318
0.225748
0.711418
-0.702725
0.00784146
0.164083
0.155243
-0.974154
0.682783
0.690369
0.239163
0.710374
-0.703815
0.00359723
0.17081
0.167439
-0.970973
0.684217
0.684533
0.251518
0.707344
-0.70687
-0.000403104
0.177514
0.178185
-0.967853
0.690736
0.674382
0.260945
0.698864
-0.715254
-0.00144168
0.18567
0.183361
-0.965353
0.701127
0.661691
0.265682
0.686132
-0.727476
0.00112549
0.194022
0.181504
-0.96406
0.712443
0.648636
0.267762
0.671723
-0.740768
0.00718765
0.203012
0.174741
-0.963458
0.723868
0.636183
0.266994
0.656378
-0.754227
0.0175865
0.212563
0.162519
-0.963538
0.734614
0.625203
0.263561
0.641246
-0.766693
0.0313799
0.221689
0.145955
-0.964132
0.742942
0.618349
0.256283
0.629979
-0.775339
0.0444494
0.226192
0.12843
-0.965579
0.750212
0.615151
0.242429
0.622408
-0.780755
0.0550462
0.22314
0.109594
-0.968606
0.756628
0.61554
0.220509
0.618351
-0.783239
0.0646383
0.212499
0.0874448
-0.973241
0.760599
0.618147
0.198451
0.61817
-0.78296
0.0695621
0.198379
0.0697676
-0.977639
0.762867
0.621553
0.178059
0.620162
-0.781313
0.0703504
0.182847
0.0567576
-0.981502
0.764471
0.62459
0.159601
0.622297
-0.779621
0.070273
0.16832
0.0455975
-0.984677
0.765455
0.627202
0.143861
0.624637
-0.777941
0.0680882
0.154621
0.0377426
-0.987253
0.769124
0.625408
0.131578
0.622782
-0.779656
0.0654132
0.143495
0.0316334
-0.989145
0.775273
0.62009
0.120165
0.6175
-0.784102
0.0622699
0.132835
0.0259257
-0.990799
0.781579
0.614595
0.106801
0.612248
-0.788576
0.0574388
0.119522
0.0204955
-0.99262
0.787355
0.60941
0.0932261
0.607236
-0.792722
0.0534516
0.106476
0.0145248
-0.994209
0.792088
0.604418
0.085292
0.602514
-0.796574
0.0494668
0.09784
0.0122075
-0.995127
0.79561
0.600656
0.0788529
0.599207
-0.799409
0.0435533
0.0891962
0.0125978
-0.995934
0.798168
0.598308
0.0703956
0.59727
-0.801172
0.0373058
0.0787194
0.0122689
-0.996821
0.80092
0.59589
0.0586678
0.595057
-0.803019
0.0326776
0.0665836
0.00873859
-0.997743
0.805868
0.590644
0.0414296
0.590034
-0.806928
0.0269585
0.0493535
0.00271988
-0.998778
0.811494
0.583966
0.0214756
0.583643
-0.81177
0.0197313
0.0289557
-0.00347775
-0.999575
0.817899
0.575361
0.000280172
0.575333
-0.817864
0.00948185
0.00568463
-0.00759401
-0.999955
0.82235
0.568741
-0.0165449
0.568833
-0.822452
0.00110886
-0.0129767
-0.0103231
-0.999863
0.825385
0.563702
-0.0313132
0.563815
-0.82588
-0.00591919
-0.0291976
-0.0127693
-0.999492
0.829576
0.556383
-0.047356
0.556441
-0.830783
-0.0131585
-0.0466637
-0.0154349
-0.998791
0.83226
0.551689
-0.0546155
0.551615
-0.833909
-0.017771
-0.0553484
-0.0153366
-0.998349
0.834158
0.548844
-0.0543185
0.548696
-0.835807
-0.0189413
-0.0557956
-0.0140044
-0.998344
0.835853
0.546523
-0.0516055
0.546253
-0.837371
-0.0204374
-0.0543824
-0.011107
-0.998458
0.838035
0.543333
-0.0498616
0.542899
-0.839481
-0.0230575
-0.0543858
-0.00774685
-0.99849
0.839623
0.54042
-0.0545817
0.539889
-0.841355
-0.0253206
-0.0596064
-0.00820829
-0.998188
0.840217
0.537979
-0.0679198
0.536999
-0.842917
-0.0335069
-0.0752768
-0.00831985
-0.997128
0.838239
0.538974
-0.082846
0.536892
-0.84231
-0.0475469
-0.0954086
-0.00462372
-0.995427
0.835224
0.541531
-0.0956334
0.538212
-0.84068
-0.0598767
-0.112822
-0.00146062
-0.993614
0.832898
0.542231
-0.110758
0.53768
-0.840229
-0.070113
-0.131079
-0.00115521
-0.991371
0.829812
0.5444
-0.122638
0.538682
-0.838825
-0.0786994
-0.145716
-0.000757322
-0.989326
0.825297
0.549755
-0.129053
0.543082
-0.835326
-0.0853963
-0.154748
0.000391125
-0.987954
0.82134
0.55447
-0.134031
0.54706
-0.832203
-0.0903469
-0.161636
0.000882503
-0.98685
0.818346
0.5579
-0.138049
0.54957
-0.829904
-0.09609
-0.168176
0.00276708
-0.985753
0.816311
0.559834
-0.142205
0.550771
-0.828597
-0.100395
-0.174035
0.0036312
-0.984733
0.814235
0.56271
-0.142753
0.553083
-0.826636
-0.103792
-0.176409
0.00555697
-0.984301
0.81207
0.566436
-0.140329
0.556226
-0.824054
-0.107458
-0.176507
0.00920939
-0.984256
0.807928
0.572579
-0.139303
0.562252
-0.819794
-0.108675
-0.176425
0.00947788
-0.984268
0.799482
0.585853
-0.132679
0.575752
-0.810347
-0.108845
-0.171283
0.0106292
-0.985164
0.785158
0.605698
-0.129059
0.596517
-0.795675
-0.105209
-0.166414
0.00562023
-0.98604
0.76698
0.629705
-0.123344
0.621571
-0.776834
-0.100884
-0.159345
0.000708734
-0.987223
0.747505
0.653949
-0.116561
0.646743
-0.756533
-0.0968628
-0.151526
-0.00297977
-0.988449
0.730659
0.673532
-0.111766
0.666886
-0.739138
-0.0945409
-0.146287
-0.00545791
-0.989227
0.720261
0.685361
-0.107261
0.679079
-0.728179
-0.0927741
-0.141689
-0.00601742
-0.989893
0.71768
0.688831
-0.102215
0.682609
-0.724914
-0.0924326
-0.137767
-0.00343567
-0.990459
0.718828
0.688262
-0.0978831
0.681981
-0.725462
-0.0927726
-0.134862
-6.68353e-05
-0.990864
0.719777
0.687857
-0.0936671
0.681507
-0.725838
-0.0933071
-0.132169
0.00332546
-0.991222
0.722402
0.685622
-0.0897613
0.679095
-0.72792
-0.0946695
-0.130247
0.007433
-0.991454
0.724523
0.684025
-0.0847145
0.677267
-0.729348
-0.0967521
-0.127967
0.0127248
-0.991697
0.726383
0.683008
-0.0765959
0.676001
-0.730118
-0.0997496
-0.124054
0.0206776
-0.99206
0.726811
0.683465
-0.0679829
0.676658
-0.7295
-0.0998165
-0.117815
0.0265465
-0.992681
0.725798
0.685527
-0.057191
0.678712
-0.727164
-0.102872
-0.112109
0.0358482
-0.993049
0.726245
0.685909
-0.0457931
0.679209
-0.726235
-0.106101
-0.106032
0.0459522
-0.9933
0.727152
0.685641
-0.033855
0.679158
-0.725707
-0.109976
-0.0999725
0.0569761
-0.993358
0.727297
0.686039
-0.0197609
0.679907
-0.724126
-0.115621
-0.0936297
0.070655
-0.993097
0.727338
0.686264
-0.00464585
0.680765
-0.722333
-0.12163
-0.086826
0.0853033
-0.992565
0.729246
0.684146
0.0120367
0.679898
-0.722512
-0.125359
-0.0770675
0.0996016
-0.992038
0.735532
0.67688
0.0287396
0.674413
-0.727493
-0.126178
-0.0644998
0.112191
-0.991591
0.743122
0.667838
0.0419684
0.666961
-0.73415
-0.127228
-0.0541563
0.122537
-0.990985
0.747866
0.662032
0.0490994
0.662133
-0.738573
-0.126845
-0.0477121
0.127374
-0.990707
0.751349
0.657475
0.0565851
0.658585
-0.741664
-0.127281
-0.0417171
0.132899
-0.990251
0.755627
0.651893
0.0637466
0.65398
-0.745429
-0.129018
-0.0365877
0.139179
-0.989591
0.761347
0.644428
0.0711548
0.647612
-0.75068
-0.130681
-0.0308
0.145574
-0.988868
0.767673
0.635867
0.0796949
0.640421
-0.756705
-0.131372
-0.02323
0.151889
-0.988124
0.779764
0.619956
0.0873136
0.625957
-0.769307
-0.127847
-0.0120886
0.154345
-0.987943
0.796955
0.597971
0.085399
0.604033
-0.78835
-0.116822
-0.00253179
0.144686
-0.989474
0.812092
0.578525
0.0762564
0.583519
-0.805882
-0.100301
0.00342714
0.125951
-0.992031
0.825143
0.561278
0.0640736
0.564891
-0.820983
-0.0829769
0.00603021
0.104662
-0.99449
0.83613
0.546343
0.0489429
0.54849
-0.833821
-0.0624556
0.00668744
0.0790657
-0.996847
0.844778
0.534075
0.0333888
0.535086
-0.843762
-0.0418235
0.0058353
0.0531974
-0.998567
0.851911
0.523475
0.0148988
0.523682
-0.851671
-0.0203082
0.00205805
0.025103
-0.999683
0.854689
0.519128
-0.00354639
0.519118
-0.854696
-0.00343821
-0.00481595
0.0010976
-0.999988
0.847226
0.530715
-0.0234331
0.530973
-0.847366
0.00618147
-0.0165758
-0.0176794
-0.999706
0.836982
0.545766
-0.0400177
0.546555
-0.837343
0.01159
-0.0271832
-0.0315725
-0.999132
0.827151
0.559406
-0.0537298
0.560679
-0.827958
0.0111863
-0.0382283
-0.0393779
-0.998493
0.811971
0.580169
-0.0640815
0.581608
-0.813455
0.00481152
-0.0493359
-0.0411771
-0.997933
0.809154
0.583568
-0.0686904
0.584886
-0.811115
-0.00113857
-0.0563802
-0.0392548
-0.997637
0.82101
0.565473
-0.078629
0.566933
-0.823752
-0.00447001
-0.0672985
-0.0409075
-0.996894
0.834088
0.544521
-0.0882864
0.545997
-0.837743
-0.00860229
-0.0786454
-0.041029
-0.996058
0.846117
0.524127
-0.0968353
0.525475
-0.850709
-0.0130817
-0.0892351
-0.0398158
-0.995214
0.857194
0.504182
-0.104968
0.505309
-0.862761
-0.0175337
-0.0994021
-0.0380113
-0.994321
0.86787
0.483933
-0.112298
0.48478
-0.874373
-0.0214772
-0.108584
-0.0358004
-0.993442
0.879574
0.46065
-0.118959
0.461297
-0.886929
-0.0236985
-0.116425
-0.034031
-0.992616
0.890312
0.438109
-0.124118
0.438507
-0.898364
-0.0255671
-0.122705
-0.0316642
-0.991938
0.899704
0.417287
-0.128079
0.417405
-0.908313
-0.0272146
-0.127693
-0.028976
-0.99139
0.908339
0.397165
-0.131075
0.39699
-0.917377
-0.0286045
-0.131606
-0.0260529
-0.99096
0.917064
0.375832
-0.133205
0.375411
-0.926397
-0.0292337
-0.134387
-0.0231973
-0.990657
0.925636
0.353424
-0.13524
0.352763
-0.935243
-0.0296304
-0.136955
-0.0202809
-0.99037
0.933003
0.332533
-0.137579
0.331614
-0.942931
-0.030224
-0.139778
-0.0174241
-0.99003
0.938891
0.314542
-0.139808
0.313303
-0.949135
-0.0313669
-0.142563
-0.0143522
-0.989682
0.943835
0.298827
-0.140988
0.297229
-0.954244
-0.0327573
-0.144326
-0.0109882
-0.989469
0.947715
0.285502
-0.142566
0.283602
-0.958342
-0.0339142
-0.14631
-0.00829119
-0.989204
0.951187
0.272749
-0.144401
0.270407
-0.962073
-0.0359833
-0.148739
-0.00482027
-0.988865
0.95471
0.258612
-0.147133
0.255912
-0.965979
-0.0373285
-0.151781
-0.00201504
-0.988412
0.957342
0.247355
-0.149374
0.244359
-0.968925
-0.0383788
-0.154225
0.000240766
-0.988036
0.959065
0.239731
-0.150743
0.23623
-0.970832
-0.0409899
-0.156173
0.00370182
-0.987723
0.9601
0.23547
-0.150873
0.231335
-0.971849
-0.0446502
-0.157139
0.00796657
-0.987544
0.961058
0.231831
-0.150407
0.226987
-0.972672
-0.0488543
-0.157623
0.0128113
-0.987416
0.961832
0.22805
-0.151235
0.222143
-0.973456
-0.0550919
-0.159784
0.0193934
-0.986961
0.962528
0.224741
-0.151758
0.217827
-0.974082
-0.0609625
-0.161525
0.0256212
-0.986536
0.963253
0.222065
-0.151102
0.214776
-0.974618
-0.0631683
-0.161294
0.028394
-0.986498
0.96343
0.221457
-0.150865
0.214081
-0.974737
-0.0637004
-0.161161
0.0290735
-0.9865
0.963473
0.22145
-0.150597
0.214135
-0.974746
-0.0633758
-0.160829
0.0288127
-0.986562
0.96342
0.222923
-0.148754
0.215337
-0.974341
-0.0654994
-0.159539
0.0310711
-0.986703
0.963135
0.224653
-0.147992
0.216343
-0.973787
-0.0702535
-0.159895
0.0356466
-0.98649
0.96282
0.227348
-0.145912
0.218376
-0.972976
-0.0750323
-0.159028
0.0403789
-0.986448
0.96266
0.229213
-0.144042
0.219909
-0.97242
-0.0777093
-0.157882
0.0431313
-0.986516
0.962264
0.232748
-0.140982
0.223434
-0.971524
-0.0788617
-0.155322
0.0443857
-0.986866
0.960263
0.243195
-0.136937
0.233602
-0.968828
-0.0824751
-0.152726
0.047209
-0.98714
0.955198
0.263689
-0.134404
0.25345
-0.96328
-0.0886271
-0.152839
0.0505918
-0.986955
0.947527
0.291781
-0.130601
0.280909
-0.95497
-0.0955107
-0.152588
0.053812
-0.986824
0.938865
0.320994
-0.124481
0.309959
-0.945453
-0.100221
-0.149861
0.0555097
-0.987148
0.928914
0.351061
-0.117795
0.34014
-0.934682
-0.103314
-0.14637
0.0559028
-0.987649
0.917604
0.381764
-0.110725
0.371192
-0.922614
-0.104883
-0.142197
0.0551407
-0.988301
0.904777
0.412531
-0.105811
0.402635
-0.90953
-0.103151
-0.138791
0.0507252
-0.989022
0.891413
0.442208
-0.0991734
0.433217
-0.895722
-0.10003
-0.133066
0.0462042
-0.99003
0.879373
0.467123
-0.0921945
0.459022
-0.883168
-0.0965035
-0.126502
0.0425433
-0.991054
0.869134
0.487202
-0.0850924
0.48004
-0.872415
-0.0919409
-0.11903
0.0390612
-0.992122
0.858508
0.50681
-0.0781516
0.500442
-0.861288
-0.0879811
-0.111901
0.0364221
-0.993052
0.84954
0.522421
-0.0731995
0.516623
-0.851999
-0.0848425
-0.106689
0.0342605
-0.993702
0.845502
0.52981
-0.066543
0.524379
-0.847355
-0.0837635
-0.100764
0.0359284
-0.994261
0.844426
0.532064
-0.0620602
0.526748
-0.845827
-0.0843415
-0.0973673
0.0385301
-0.994502
0.844032
0.532993
-0.0594007
0.527722
-0.845155
-0.0849817
-0.0954975
0.0403802
-0.99461
0.843776
0.533559
-0.0579383
0.528288
-0.844738
-0.0856131
-0.0946223
0.0416301
-0.994642
0.843274
0.534624
-0.0553697
0.529376
-0.84396
-0.0865619
-0.0930079
0.043684
-0.994707
0.842801
0.535559
-0.0535154
0.530345
-0.843298
-0.0870806
-0.0917662
0.0450099
-0.994763
0.842984
0.535449
-0.0516919
0.530133
-0.843218
-0.0891165
-0.0913049
0.0477203
-0.994679
0.843397
0.534758
-0.0520996
0.529242
-0.84357
-0.0910668
-0.0926484
0.0492322
-0.994481
0.843934
0.533935
-0.0518515
0.528178
-0.84394
-0.0937712
-0.0938273
0.0517499
-0.994243
0.845003
0.532239
-0.0518806
0.526185
-0.844835
-0.0968662
-0.0953865
0.0545535
-0.993944
0.84529
0.531788
-0.0518305
0.525516
-0.844985
-0.0991632
-0.0965299
0.0565839
-0.99372
0.845031
0.532199
-0.0518383
0.52575
-0.844625
-0.100969
-0.0975193
0.0580676
-0.993538
0.845123
0.532048
-0.0518852
0.525291
-0.844537
-0.104053
-0.0991804
0.0606831
-0.993217
0.845405
0.531647
-0.0514006
0.524546
-0.844533
-0.107778
-0.100709
0.0641537
-0.992845
0.845928
0.530871
-0.0508174
0.523421
-0.844738
-0.11157
-0.102157
0.0677815
-0.992456
0.84608
0.530727
-0.0497709
0.522954
-0.844511
-0.115417
-0.103287
0.0716244
-0.992069
0.845858
0.531141
-0.0491197
0.523058
-0.843974
-0.118815
-0.104563
0.0748081
-0.991701
0.843525
0.5349
-0.0484533
0.526603
-0.841423
-0.121227
-0.105614
0.0767427
-0.991441
0.840919
0.538999
-0.0483301
0.530531
-0.838721
-0.122817
-0.106734
0.0776383
-0.991252
0.838852
0.542238
-0.0480184
0.533621
-0.836533
-0.124339
-0.10759
0.0786781
-0.991077
0.831421
0.553807
-0.0451295
0.545758
-0.829184
-0.120836
-0.104341
0.0758361
-0.991646
0.814134
0.579007
-0.0440038
0.5718
-0.812584
-0.112926
-0.101142
0.0667755
-0.992629
0.79382
0.606572
-0.0438281
0.599942
-0.792868
-0.106911
-0.0995991
0.0585738
-0.993302
0.774769
0.630778
-0.0430363
0.624633
-0.774196
-0.10224
-0.0978092
0.0523302
-0.993828
0.756462
0.652716
-0.0415515
0.646935
-0.756073
-0.099138
-0.096125
0.048113
-0.994206
0.740506
0.670889
-0.0394725
0.665311
-0.740113
-0.0979519
-0.0949289
0.0462725
-0.994408
0.723584
0.689308
-0.0357915
0.683879
-0.722976
-0.098057
-0.0934678
0.0464754
-0.994537
0.70324
0.710299
-0.0304764
0.705214
-0.702358
-0.0967831
-0.0901503
0.0465694
-0.994839
0.682278
0.730655
-0.0252967
0.725769
-0.681072
-0.0969554
-0.0880699
0.0477909
-0.994967
0.66406
0.747335
-0.0226991
0.742305
-0.662616
-0.0996162
-0.0894874
0.0493015
-0.994767
0.647583
0.761652
-0.022866
0.756208
-0.646067
-0.103668
-0.093732
0.0498423
-0.994349
0.630271
0.776065
-0.0219315
0.770109
-0.628517
-0.109077
-0.0984351
0.0518585
-0.993791
0.615333
0.78797
-0.0216443
0.78145
-0.613384
-0.114436
-0.103449
0.0535023
-0.993195
0.601794
0.798288
-0.0240936
0.791088
-0.599965
-0.119255
-0.109655
0.0527065
-0.992571
0.585662
0.810216
-0.0234361
0.802746
-0.583781
-0.121647
-0.112242
0.0524308
-0.992297
0.568591
0.822403
-0.01893
0.814938
-0.566269
-0.123351
-0.112163
0.0547092
-0.992183
0.549552
0.835334
-0.0144735
0.82782
-0.546782
-0.125476
-0.112728
0.056974
-0.991991
0.535369
0.844532
-0.0120599
0.837041
-0.53242
-0.126061
-0.112883
0.0573946
-0.991949
0.533178
0.84586
-0.0155802
0.838047
-0.530594
-0.127074
-0.115754
0.0546963
-0.991771
0.540666
0.840866
-0.0249799
0.832175
-0.538952
-0.130445
-0.12315
0.0497395
-0.991141
0.55165
0.833375
-0.0341793
0.823765
-0.550796
-0.134299
-0.130747
0.04593
-0.990351
0.563269
0.825217
-0.0417742
0.814718
-0.563108
-0.138363
-0.137703
0.0439016
-0.9895
0.577558
0.814812
-0.0500831
0.803469
-0.578229
-0.141734
-0.144446
0.0416194
-0.988637
0.595088
0.801493
-0.0589919
0.789372
-0.59671
-0.144324
-0.150875
0.0393186
-0.987771
0.613938
0.786438
-0.0677969
0.773927
-0.616612
-0.144317
-0.155301
0.0361317
-0.987206
0.634853
0.768861
-0.0762554
0.756532
-0.638631
-0.140744
-0.156912
0.0316622
-0.987105
0.658954
0.747285
-0.0856985
0.735813
-0.664056
-0.132699
-0.156073
0.0243845
-0.987445
0.682694
0.724689
-0.0935681
0.713993
-0.688818
-0.125473
-0.155381
0.018853
-0.987675
0.704224
0.703645
-0.0946118
0.693553
-0.710295
-0.120272
-0.151831
0.0190804
-0.988222
0.724083
0.683205
-0.0945198
0.673852
-0.729978
-0.114257
-0.147059
0.0190395
-0.988945
0.744567
0.660605
-0.0960282
0.651973
-0.750524
-0.10791
-0.143357
0.0177384
-0.989512
0.763818
0.637901
-0.0983138
0.629821
-0.769944
-0.102525
-0.141097
0.01639
-0.98986
0.779887
0.618266
-0.0975893
0.610728
-0.785794
-0.0976688
-0.13707
0.0165702
-0.990423
0.794281
0.599892
-0.0961603
0.593115
-0.799932
-0.0912318
-0.131651
0.0154296
-0.991176
0.808361
0.580989
-0.0948913
0.57502
-0.8138
-0.0841507
-0.126113
0.0134598
-0.991925
0.82329
0.560072
-0.0922686
0.554623
-0.828325
-0.0791893
-0.12078
0.0140215
-0.99258
0.83835
0.537916
-0.0884123
0.532817
-0.842841
-0.0756716
-0.115222
0.0163317
-0.993205
0.851612
0.517246
-0.0849313
0.512487
-0.855647
-0.0722929
-0.110064
0.0180394
-0.993761
0.863393
0.497678
-0.0828816
0.493256
-0.867166
-0.0687171
-0.106071
0.018448
-0.994187
0.873915
0.479265
-0.0811018
0.475003
-0.877446
-0.0667933
-0.103174
0.019848
-0.994465
0.882546
0.463566
-0.0788595
0.459358
-0.885786
-0.0661333
-0.10051
0.0221409
-0.99469
0.890313
0.448661
-0.0777579
0.444431
-0.893373
-0.0660783
-0.0991135
0.0242724
-0.99478
0.897292
0.434627
-0.0772489
0.430363
-0.900234
-0.0660776
-0.0982612
0.0260458
-0.99482
0.903078
0.422547
-0.0768438
0.418248
-0.905921
-0.0661546
-0.0975678
0.027603
-0.994846
0.908127
0.411805
-0.0756395
0.407406
-0.910771
-0.0672054
-0.0965658
0.030215
-0.994868
0.912704
0.401643
-0.0751924
0.397186
-0.915242
-0.0676426
-0.0959874
0.0318723
-0.994872
0.917626
0.390021
-0.0764562
0.385591
-0.920262
-0.0666219
-0.0963436
0.0316532
-0.994845
0.923687
0.375048
-0.0783667
0.370953
-0.926574
-0.0620931
-0.0959005
0.0282843
-0.994989
0.930463
0.357702
-0.0792973
0.353962
-0.933489
-0.0575333
-0.0946029
0.0254644
-0.995189
0.933715
0.348878
-0.0803725
0.345674
-0.936953
-0.0512752
-0.0931941
0.0200938
-0.995445
0.932394
0.352918
-0.078035
0.35081
-0.935604
-0.0397109
-0.0870246
0.00965081
-0.996159
0.928582
0.363501
-0.074855
0.362599
-0.931588
-0.0257918
-0.0791094
-0.00319256
-0.996861
0.92585
0.371729
-0.0679698
0.372642
-0.927975
0.000818363
-0.0627701
-0.0260861
-0.997687
0.923445
0.378756
-0.0615835
0.381044
-0.924051
0.0305787
-0.0453245
-0.0517037
-0.997633
0.91963
0.388446
-0.0582274
0.391542
-0.918378
0.0572493
-0.0312365
-0.0754466
-0.99666
0.912373
0.405844
-0.0535309
0.408928
-0.909584
0.0737189
-0.0187726
-0.0891495
-0.995841
0.899893
0.433804
-0.0447942
0.436072
-0.896416
0.0792432
-0.00577821
-0.0908439
-0.995848
0.883844
0.466558
-0.0338245
0.467698
-0.880001
0.0828051
0.00886777
-0.0890064
-0.995992
0.866371
0.498927
-0.0217555
0.498794
-0.86235
0.086927
0.0246094
-0.0861625
-0.995977
0.84911
0.528151
-0.00831176
0.526535
-0.845048
0.0930273
0.0421087
-0.0833669
-0.995629
0.831111
0.55608
0.00547808
0.553038
-0.827518
0.0967619
0.0583406
-0.0773903
-0.995292
0.810462
0.585418
0.0209102
0.581316
-0.808161
0.0945897
0.0722733
-0.0645058
-0.995297
0.78801
0.614492
0.0379444
0.609801
-0.787509
0.0892893
0.0847491
-0.0472224
-0.995283
0.765147
0.641389
0.0563077
0.636521
-0.766695
0.0837854
0.0969098
-0.0282672
-0.994892
0.744454
0.663363
0.0757497
0.658578
-0.748234
0.0801237
0.10983
-0.00976125
-0.993902
0.72653
0.680757
0.0934049
0.675573
-0.732506
0.0838808
0.125522
0.00215989
-0.992088
0.710032
0.695507
0.110112
0.690452
-0.71835
0.0851408
0.138315
0.0155743
-0.990266
0.692875
0.710321
0.123969
0.706285
-0.703197
0.0817058
0.145212
0.0309456
-0.988917
0.673482
0.725567
0.141331
0.723197
-0.686316
0.0771811
0.152998
0.05023
-0.986949
0.6536
0.740224
0.157716
0.739665
-0.668887
0.0740651
0.160319
0.0682484
-0.984703
0.633651
0.754095
0.172706
0.755808
-0.651067
0.06976
0.165049
0.0863294
-0.9825
0.613608
0.767327
0.186263
0.771831
-0.632642
0.0635754
0.166621
0.104753
-0.980441
0.593126
0.779629
0.200947
0.787367
-0.613807
0.0573973
0.168091
0.124175
-0.977919
0.57472
0.789512
0.215332
0.800554
-0.596986
0.0521656
0.169736
0.142404
-0.975147
0.560107
0.796935
0.22622
0.811191
-0.583016
0.045407
0.168076
0.158075
-0.973017
0.550562
0.801401
0.233747
0.818921
-0.572832
0.0350848
0.162015
0.172104
-0.971664
0.549139
0.800639
0.239631
0.821364
-0.569975
0.0221256
0.154298
0.184674
-0.970612
0.560214
0.791313
0.244918
0.815417
-0.578851
0.00508202
0.145792
0.196863
-0.969531
0.578302
0.776539
0.250108
0.804234
-0.594125
-0.0149113
0.137016
0.209768
-0.968103
0.597889
0.7604
0.253616
0.790985
-0.610948
-0.0329498
0.129891
0.220306
-0.966744
0.617244
0.744016
0.255833
0.776474
-0.628499
-0.0455755
0.126882
0.226779
-0.965646
0.636713
0.726467
0.25854
0.760355
-0.647278
-0.0537679
0.128287
0.230817
-0.964503
0.657059
0.707121
0.261254
0.742183
-0.667517
-0.0598789
0.13205
0.233242
-0.963411
0.677382
0.686614
0.264035
0.722581
-0.688338
-0.063784
0.137951
0.233993
-0.962402
0.695552
0.666371
0.26862
0.703492
-0.707614
-0.0661946
0.145969
0.235013
-0.960969
0.712553
0.645537
0.274863
0.683926
-0.726487
-0.0667947
0.156566
0.235581
-0.959161
0.729078
0.626587
0.275379
0.664191
-0.744846
-0.0636783
0.165215
0.229331
-0.959224
0.744231
0.609674
0.272794
0.645514
-0.761441
-0.0593144
0.171554
0.220236
-0.960242
0.7589
0.596557
0.261134
0.628281
-0.776201
-0.0526715
0.171271
0.204038
-0.963865
0.772053
0.587208
0.243147
0.613223
-0.788782
-0.0422043
0.167007
0.181687
-0.969071
0.78281
0.58205
0.220059
0.600997
-0.798862
-0.0249394
0.16128
0.151777
-0.975168
0.790471
0.581609
0.192059
0.592964
-0.805227
-0.00204768
0.15346
0.115503
-0.981381
0.795573
0.583715
0.162299
0.588152
-0.808385
0.024326
0.145399
0.0761033
-0.986442
0.799189
0.586702
0.130683
0.585617
-0.809002
0.0506904
0.135463
0.0360188
-0.990128
0.800251
0.591934
0.0959841
0.587216
-0.805979
0.0746664
0.121559
-0.0033885
-0.992578
0.79836
0.599154
0.0602882
0.592767
-0.799565
0.0965604
0.106059
-0.0413532
-0.9935
0.792856
0.608769
0.0279109
0.602373
-0.789819
0.115467
0.0923373
-0.0747359
-0.992919
0.780981
0.624525
-0.00610364
0.620225
-0.77438
0.125129
0.0734198
-0.101509
-0.992122
0.763198
0.644983
-0.0390606
0.644246
-0.754883
0.122875
0.0497661
-0.118943
-0.991653
0.743602
0.665192
-0.0676479
0.668132
-0.735367
0.113291
0.0256141
-0.129441
-0.991256
0.723993
0.683352
-0.0941539
0.689798
-0.716484
0.104069
0.00365616
-0.140292
-0.990103
0.708299
0.695863
-0.118689
0.705836
-0.70062
0.104535
-0.0104135
-0.157817
-0.987413
0.692394
0.707496
-0.14156
0.72128
-0.683765
0.110544
-0.0185843
-0.178644
-0.983738
0.676231
0.717603
-0.166609
0.736237
-0.666233
0.118693
-0.0258262
-0.202928
-0.978853
0.66342
0.723404
-0.19121
0.747177
-0.654139
0.117593
-0.0400106
-0.220881
-0.97448
0.651479
0.7276
-0.214879
0.756313
-0.645155
0.108468
-0.059709
-0.233181
-0.970599
0.640356
0.73042
-0.23755
0.764004
-0.637544
0.0991793
-0.0790062
-0.245
-0.966299
0.628157
0.733827
-0.258682
0.772411
-0.628186
0.0936093
-0.0938077
-0.25861
-0.961416
0.614613
0.73859
-0.277011
0.781919
-0.616807
0.0902868
-0.104177
-0.272092
-0.956616
0.60053
0.74389
-0.293244
0.791445
-0.605238
0.0854455
-0.11392
-0.283399
-0.952212
0.586172
0.749194
-0.3084
0.800543
-0.59415
0.0782166
-0.124637
-0.292736
-0.948036
0.571468
0.753912
-0.3241
0.809172
-0.583435
0.0695994
-0.13662
-0.302027
-0.943459
0.556552
0.758032
-0.340055
0.817699
-0.572218
0.0627308
-0.147034
-0.312976
-0.938311
0.540997
0.762959
-0.353859
0.827094
-0.558913
0.0594223
-0.15244
-0.324822
-0.933409
0.522303
0.772336
-0.36152
0.838801
-0.541693
0.054603
-0.153661
-0.331763
-0.930764
0.499351
0.786472
-0.36347
0.853134
-0.519476
0.0480368
-0.151034
-0.334076
-0.930366
0.473671
0.801339
-0.365366
0.868343
-0.494195
0.0418529
-0.147023
-0.337087
-0.929923
0.446314
0.814953
-0.36967
0.883512
-0.466916
0.0373564
-0.142161
-0.343281
-0.928412
0.417474
0.828888
-0.37237
0.89803
-0.438925
0.0297675
-0.138769
-0.346826
-0.927607
0.387676
0.843833
-0.371017
0.911316
-0.411372
0.0166204
-0.138601
-0.344557
-0.928477
0.360435
0.856991
-0.368311
0.921513
-0.388343
-0.0017951
-0.144569
-0.338757
-0.929701
0.337219
0.867246
-0.36629
0.928055
-0.371578
-0.0253672
-0.158105
-0.331383
-0.930155
0.319838
0.873016
-0.368166
0.931043
-0.361643
-0.0487216
-0.175679
-0.327195
-0.928483
0.307755
0.87697
-0.369067
0.932471
-0.355117
-0.0662593
-0.189169
-0.323753
-0.927038
0.297158
0.883102
-0.363082
0.933902
-0.347988
-0.0820524
-0.198809
-0.3147
-0.928137
0.288503
0.890855
-0.350919
0.934894
-0.34123
-0.0976478
-0.206734
-0.2999
-0.931301
0.28276
0.898172
-0.33665
0.934853
-0.336615
-0.112875
-0.214702
-0.282802
-0.93484
0.279848
0.903909
-0.323471
0.933638
-0.334717
-0.127607
-0.223616
-0.266294
-0.937594
0.279973
0.908094
-0.311418
0.930778
-0.336207
-0.143585
-0.23509
-0.249661
-0.939363
0.284556
0.909645
-0.302612
0.925013
-0.343426
-0.162512
-0.251753
-0.233676
-0.939157
0.292189
0.90975
-0.294925
0.917475
-0.353689
-0.182054
-0.269936
-0.217392
-0.938017
0.304105
0.908582
-0.286355
0.908852
-0.366794
-0.198623
-0.285498
-0.199852
-0.93731
0.322257
0.904782
-0.278423
0.898693
-0.384827
-0.210379
-0.297492
-0.182421
-0.937135
0.344828
0.899774
-0.267396
0.888525
-0.404743
-0.216115
-0.302681
-0.163066
-0.939039
0.371033
0.893391
-0.253352
0.877567
-0.426548
-0.218934
-0.30366
-0.141102
-0.942274
0.399006
0.884575
-0.241497
0.865537
-0.450287
-0.219288
-0.30272
-0.121527
-0.9453
0.427505
0.873987
-0.231052
0.85235
-0.474851
-0.219125
-0.301228
-0.10326
-0.947945
0.458084
0.860782
-0.22184
0.837697
-0.501518
-0.216202
-0.297359
-0.086796
-0.950812
0.489308
0.84595
-0.212007
0.822261
-0.528511
-0.211101
-0.290629
-0.0710314
-0.954196
0.51847
0.830663
-0.202946
0.807254
-0.553751
-0.204207
-0.282009
-0.0579534
-0.95766
0.544735
0.815653
-0.194869
0.79344
-0.57652
-0.195135
-0.271508
-0.0483205
-0.961222
0.567772
0.801365
-0.188281
0.780855
-0.5967
-0.18497
-0.260576
-0.0419992
-0.964539
0.588127
0.787791
-0.18301
0.769616
-0.614692
-0.172759
-0.248593
-0.0392437
-0.967813
0.606562
0.775136
-0.176771
0.759519
-0.630674
-0.159319
-0.234978
-0.037624
-0.971272
0.624489
0.76306
-0.166594
0.749959
-0.64541
-0.144937
-0.218117
-0.034427
-0.975315
0.641187
0.752172
-0.15204
0.741309
-0.65833
-0.130622
-0.198343
-0.0289559
-0.979705
0.653818
0.743354
-0.141236
0.733793
-0.668456
-0.121304
-0.184582
-0.0243271
-0.982516
0.664175
0.734798
-0.137635
0.7258
-0.677918
-0.116794
-0.179126
-0.0223234
-0.983573
0.673088
0.726918
-0.136175
0.717516
-0.686481
-0.117962
-0.17923
-0.0183092
-0.983637
0.682017
0.719522
-0.130922
0.708803
-0.694421
-0.124008
-0.180141
-0.00822202
-0.983606
0.690302
0.713133
-0.122167
0.701272
-0.701019
-0.129579
-0.178048
0.00377622
-0.984015
0.693178
0.71122
-0.116922
0.698605
-0.702883
-0.133815
-0.177354
0.0110752
-0.984085
0.694527
0.710544
-0.112958
0.697198
-0.703443
-0.138141
-0.177615
0.0171889
-0.98395
0.697381
0.708448
-0.10845
0.69459
-0.70538
-0.141365
-0.176649
0.0232569
-0.983999
0.698045
0.708995
-0.1003
0.694862
-0.704533
-0.14422
-0.172916
0.030977
-0.984449
0.697859
0.709854
-0.0953935
0.694983
-0.703323
-0.14945
-0.17318
0.0379979
-0.984157
0.698408
0.709335
-0.0952317
0.693619
-0.703639
-0.154222
-0.176404
0.0416557
-0.983436
0.701817
0.706779
-0.0889733
0.690755
-0.70573
-0.157486
-0.174099
0.0490677
-0.983505
0.708975
0.700832
-0.0786779
0.684849
-0.710813
-0.160394
-0.168335
0.0598329
-0.983912
0.716039
0.694452
-0.0708867
0.678601
-0.716289
-0.162575
-0.163676
0.0683064
-0.984147
0.72205
0.689281
-0.0594585
0.674229
-0.720334
-0.162892
-0.155108
0.0775273
-0.984851
0.726811
0.684826
-0.0525331
0.670128
-0.72382
-0.164357
-0.15058
0.0842524
-0.985001
0.740979
0.669926
-0.0463541
0.654724
-0.73606
-0.171908
-0.149285
0.0970309
-0.984022
0.762384
0.64621
-0.0344145
0.632399
-0.755261
-0.172197
-0.137267
0.109517
-0.984461
0.782054
0.622984
-0.0168
0.612929
-0.77375
-0.160093
-0.112734
0.114904
-0.986959
0.798795
0.601602
0.000880554
0.595785
-0.790867
-0.13989
-0.0834615
0.112268
-0.990167
0.812721
0.582484
0.0140256
0.580098
-0.806671
-0.112999
-0.0545059
0.0999726
-0.993496
0.823219
0.566866
0.0311945
0.567278
-0.819154
-0.0847487
-0.022488
0.0874627
-0.995914
0.829514
0.556016
0.0524663
0.558448
-0.826884
-0.066323
0.00650688
0.0843156
-0.996418
0.835032
0.545173
0.0742122
0.549245
-0.83391
-0.0540749
0.032406
0.085915
-0.995775
0.840901
0.532341
0.0974596
0.537695
-0.842243
-0.0388739
0.0613905
0.0850927
-0.99448
0.847684
0.515848
0.123824
0.521701
-0.852935
-0.0181907
0.0962302
0.0800191
-0.992137
0.853213
0.499589
0.149796
0.50502
-0.863105
0.00205798
0.130318
0.0738942
-0.988715
0.854863
0.48991
0.170876
0.495173
-0.868692
0.0133202
0.154964
0.073226
-0.985203
0.854591
0.487451
0.179067
0.493438
-0.869691
0.0125321
0.161842
0.0776488
-0.983757
0.856137
0.483732
0.181747
0.490965
-0.871159
0.00591357
0.161191
0.0841684
-0.983328
0.859763
0.476852
0.18281
0.485068
-0.874477
-0.000256511
0.159741
0.088896
-0.983148
0.866079
0.467161
0.177954
0.47628
-0.879239
-0.00983406
0.15187
0.0932732
-0.98399
0.869815
0.463461
0.169189
0.472125
-0.88144
-0.0126929
0.143247
0.0909186
-0.985502
0.872991
0.462892
0.15368
0.470161
-0.88249
-0.012678
0.129752
0.083322
-0.988039
0.875925
0.462924
0.135854
0.468771
-0.883227
-0.0128221
0.114054
0.0749157
-0.990646
0.878881
0.462318
0.117601
0.467026
-0.884124
-0.0145716
0.0972374
0.0677295
-0.992954
0.882084
0.460727
0.0982757
0.464485
-0.885394
-0.018214
0.078621
0.0617138
-0.994993
0.885387
0.45823
0.0781966
0.461261
-0.886899
-0.0254585
0.0576867
0.0586097
-0.996613
0.888826
0.454367
0.0594839
0.45674
-0.888921
-0.0347399
0.0370919
0.0580464
-0.997625
0.89232
0.449463
0.0418071
0.451084
-0.891338
-0.0451562
0.0169682
0.0591523
-0.998105
0.895606
0.44409
0.0259717
0.444846
-0.893857
-0.055969
-0.00164032
0.0616795
-0.998095
0.898314
0.439207
0.0113889
0.438915
-0.895953
-0.0679882
-0.019657
0.0660735
-0.997621
0.900661
0.43452
-0.00141234
0.433058
-0.897888
-0.0791133
-0.0356444
0.0706426
-0.996865
0.90299
0.429345
-0.0165059
0.426349
-0.900126
-0.0894385
-0.0532574
0.0737248
-0.995856
0.905317
0.42352
-0.03212
0.418705
-0.902604
-0.0999576
-0.0713257
0.0770445
-0.994473
0.907167
0.418219
-0.0462725
0.411587
-0.904835
-0.108952
-0.0874349
0.0797927
-0.992969
0.908592
0.413412
-0.0595979
0.405043
-0.906915
-0.115953
-0.101986
0.0812138
-0.991465
0.909694
0.409022
-0.0718186
0.399002
-0.908812
-0.12189
-0.115125
0.0822266
-0.989942
0.910531
0.404976
-0.0832348
0.39347
-0.91062
-0.1263
-0.126944
0.0822493
-0.988494
0.912197
0.398461
-0.0955275
0.385219
-0.913408
-0.131496
-0.139652
0.0831511
-0.986703
0.915016
0.387969
-0.110567
0.372439
-0.917732
-0.138047
-0.155029
0.0851355
-0.984235
0.91792
0.37639
-0.125514
0.358378
-0.922279
-0.1448
-0.17026
0.0879337
-0.981468
0.920502
0.365445
-0.138296
0.345086
-0.92635
-0.150968
-0.183281
0.0912422
-0.978817
0.924252
0.351178
-0.149776
0.328403
-0.931363
-0.15721
-0.194704
0.0961144
-0.976141
0.927789
0.337294
-0.159499
0.31216
-0.935886
-0.163322
-0.20436
0.101739
-0.973594
0.930578
0.325629
-0.167305
0.298331
-0.939386
-0.168977
-0.212188
0.107334
-0.971317
0.932625
0.317457
-0.171557
0.288573
-0.941587
-0.173607
-0.216649
0.112403
-0.969757
0.934131
0.313143
-0.171294
0.283369
-0.942433
-0.177545
-0.21703
0.11731
-0.96909
0.935432
0.310114
-0.169697
0.280063
-0.94304
-0.179555
-0.215714
0.120436
-0.969001
0.936183
0.308248
-0.168951
0.278104
-0.943471
-0.180332
-0.214987
0.121838
-0.968987
0.937171
0.304865
-0.169613
0.275638
-0.94507
-0.175686
-0.213857
0.117896
-0.969725
0.938388
0.302429
-0.167226
0.274937
-0.946503
-0.168945
-0.209373
0.112559
-0.971336
0.939716
0.29972
-0.164628
0.273943
-0.947974
-0.162173
-0.204669
0.107298
-0.972933
0.941155
0.297776
-0.159865
0.273919
-0.949131
-0.155305
-0.197979
0.102376
-0.974845
0.942635
0.296563
-0.153264
0.274388
-0.949806
-0.150263
-0.190134
0.0995893
-0.976694
0.943844
0.294491
-0.14978
0.273057
-0.950516
-0.148187
-0.186008
0.0989673
-0.977551
0.944916
0.291632
-0.148609
0.27039
-0.951354
-0.147699
-0.184453
0.0993807
-0.977804
0.945859
0.288906
-0.147932
0.267623
-0.95206
-0.148189
-0.183653
0.100576
-0.977832
0.946784
0.286506
-0.146677
0.265111
-0.952572
-0.149406
-0.182526
0.10257
-0.977836
0.9479
0.28501
-0.142319
0.263655
-0.952618
-0.151676
-0.178804
0.106251
-0.978131
0.948771
0.2848
-0.136827
0.263896
-0.952414
-0.152534
-0.173758
0.108612
-0.978781
0.949379
0.284232
-0.133762
0.264289
-0.95287
-0.148963
-0.169798
0.10607
-0.979754
0.949615
0.284288
-0.131954
0.265355
-0.953306
-0.144201
-0.166787
0.101921
-0.980711
0.949617
0.285399
-0.129517
0.26731
-0.953282
-0.140706
-0.163624
0.0989959
-0.981543
0.949614
0.287262
-0.125357
0.270031
-0.952901
-0.138069
-0.159114
0.0972621
-0.982457
0.949335
0.290345
-0.120265
0.27404
-0.952131
-0.135458
-0.153837
0.0956373
-0.983457
0.948573
0.295305
-0.114031
0.280311
-0.950946
-0.130873
-0.147085
0.092178
-0.984819
0.948057
0.299096
-0.108307
0.285263
-0.950052
-0.126592
-0.14076
0.0891202
-0.986024
0.947713
0.301976
-0.1032
0.289098
-0.949355
-0.123071
-0.135138
0.0868015
-0.987017
0.947086
0.304586
-0.101274
0.292335
-0.948795
-0.119705
-0.132549
0.0837648
-0.987631
0.945951
0.308224
-0.10087
0.296095
-0.947704
-0.119099
-0.132304
0.0827945
-0.987745
0.943603
0.314966
-0.10203
0.302231
-0.945275
-0.122931
-0.135166
0.0851615
-0.987156
0.939955
0.324655
-0.105276
0.3111
-0.941865
-0.126914
-0.14036
0.0865423
-0.986311
0.932246
0.345044
-0.108911
0.331164
-0.934941
-0.127342
-0.145764
0.0826463
-0.985861
0.922724
0.368915
-0.111728
0.355323
-0.926421
-0.124455
-0.14942
0.0751381
-0.985915
0.91398
0.391607
-0.10623
0.378492
-0.917176
-0.124629
-0.146237
0.0737011
-0.9865
0.904381
0.41452
-0.101331
0.401265
-0.906893
-0.128577
-0.145194
0.0756223
-0.986509
0.894597
0.437207
-0.0924479
0.423419
-0.895447
-0.137441
-0.142873
0.0838105
-0.986186
0.884151
0.459334
-0.0853822
0.444792
-0.883486
-0.147009
-0.14296
0.0920004
-0.985443
0.872147
0.483262
-0.07627
0.467914
-0.869454
-0.158451
-0.142887
0.102505
-0.984417
0.866315
0.494471
-0.0706942
0.478938
-0.862482
-0.163533
-0.141835
0.107813
-0.984002
0.871641
0.487115
-0.0544048
0.474095
-0.866062
-0.158655
-0.124401
0.112497
-0.985834
0.881958
0.469936
-0.0361961
0.459946
-0.874892
-0.151701
-0.102958
0.117146
-0.987763
0.892834
0.449903
-0.0208678
0.442478
-0.884858
-0.14574
-0.084034
0.120888
-0.989103
0.903672
0.428127
-0.00922199
0.422785
-0.895405
-0.139651
-0.0680458
0.1223
-0.990158
0.915082
0.403258
-0.00287232
0.399471
-0.907418
-0.130447
-0.05521
0.118222
-0.991451
0.926776
0.375593
-0.00397729
0.372507
-0.920416
-0.118631
-0.0482177
0.108463
-0.99293
0.936519
0.350518
-0.00833567
0.3477
-0.931525
-0.106611
-0.045134
0.0969449
-0.994266
0.945192
0.326205
-0.0142472
0.323558
-0.941597
-0.0933029
-0.043851
0.0835793
-0.995536
0.954091
0.298809
-0.0205961
0.296333
-0.951712
-0.0801915
-0.0435635
0.0704066
-0.996567
0.96253
0.269969
-0.0255669
0.267786
-0.961123
-0.0673231
-0.042748
0.0579541
-0.997404
0.969472
0.243724
-0.0268816
0.24193
-0.96862
-0.0569681
-0.0399225
0.0487255
-0.998014
0.97528
0.219649
-0.0241633
0.218305
-0.974665
-0.0486867
-0.0342451
0.0422082
-0.998522
0.980625
0.19492
-0.0194953
0.194018
-0.980154
-0.0406893
-0.0270396
0.0361185
-0.998982
0.985392
0.169713
-0.0141709
0.169182
-0.98504
-0.0327699
-0.0195204
0.0298937
-0.999362
0.989547
0.143935
-0.00889551
0.143677
-0.989311
-0.0248947
-0.0123836
0.0233564
-0.999651
0.992984
0.118196
-0.00363366
0.118117
-0.992848
-0.017335
-0.00565661
0.0167842
-0.999843
0.99551
0.0946142
0.00295217
0.0946427
-0.995441
-0.0117959
0.00182265
0.0120223
-0.999926
0.997298
0.0727888
0.00996534
0.0728707
-0.997308
-0.00811611
0.00934776
0.00882036
-0.999917
0.998422
0.0536737
0.0165153
0.0537961
-0.998527
-0.00705714
0.0161122
0.00793446
-0.999839
0.998894
0.0414148
0.0222608
0.0416166
-0.999096
-0.00867695
0.0218813
0.00959377
-0.999715
0.998606
0.0406254
0.0337035
0.041301
-0.998955
-0.0195977
0.0328721
0.0209623
-0.99924
0.997965
0.0485613
0.0413138
0.0498048
-0.99832
-0.0296193
0.039806
0.0316167
-0.998707
0.9967
0.0648176
0.0488742
0.0665181
-0.997205
-0.0340083
0.0465333
0.0371471
-0.998226
0.994499
0.0855731
0.0604135
0.0878726
-0.995463
-0.0364866
0.0570172
0.0415946
-0.997506
0.991578
0.108505
0.0707052
0.1113
-0.993103
-0.0368542
0.0662187
0.0444133
-0.996816
0.988173
0.130612
0.0803417
0.134049
-0.990208
-0.0389662
0.0744656
0.0492751
-0.996005
0.984388
0.151811
0.0890668
0.156258
-0.986679
-0.0452533
0.0810104
0.0584643
-0.994997
0.979858
0.174022
0.0979524
0.180048
-0.982039
-0.056411
0.0863763
0.0729109
-0.993591
0.975643
0.196726
0.0970529
0.203801
-0.976559
-0.0692689
0.0811509
0.0873612
-0.992866
0.970941
0.22018
0.0937775
0.227986
-0.970147
-0.0826866
0.072772
0.101664
-0.992154
0.965808
0.242979
0.0904169
0.251254
-0.963212
-0.0953671
0.0639183
0.114824
-0.991327
0.960154
0.26577
0.086438
0.274158
-0.955744
-0.106733
0.0542462
0.126177
-0.990523
0.953852
0.289006
0.0815023
0.297039
-0.947903
-0.1151
0.0439918
0.133997
-0.990005
0.946962
0.312506
0.0748546
0.319723
-0.939645
-0.121837
0.032262
0.139307
-0.989723
0.939643
0.336081
0.0641912
0.34172
-0.931255
-0.12646
0.0172774
0.140763
-0.989893
0.931845
0.359403
0.0499364
0.362854
-0.922486
-0.131742
-0.00128292
0.140883
-0.990025
0.922711
0.383732
0.0367894
0.385066
-0.912997
-0.13476
-0.0181231
0.138511
-0.990195
0.912738
0.407582
0.0280528
0.40744
-0.903065
-0.135891
-0.0300531
0.135462
-0.990327
0.902084
0.430966
0.0226427
0.429862
-0.892647
-0.135644
-0.038246
0.132096
-0.990499
0.891049
0.453574
0.0173694
0.451554
-0.881892
-0.135521
-0.0461507
0.128599
-0.990622
0.880693
0.473585
0.00985433
0.470371
-0.871879
-0.136298
-0.055957
0.124672
-0.990619
0.870604
0.491984
0.000665701
0.487309
-0.862144
-0.138702
-0.0676653
0.121079
-0.990334
0.859558
0.51099
-0.00701142
0.504913
-0.851294
-0.142693
-0.0788837
0.119113
-0.989742
0.847384
0.53087
-0.0108712
0.523882
-0.839215
-0.145827
-0.0865383
0.117876
-0.98925
0.834554
0.550782
-0.0126146
0.543291
-0.826571
-0.147022
-0.091404
0.115845
-0.989053
0.820527
0.571242
-0.0204311
0.562561
-0.813359
-0.148229
-0.101292
0.110132
-0.988742
0.803885
0.593926
-0.0319507
0.583819
-0.798192
-0.148478
-0.113688
0.100706
-0.988399
0.784503
0.618576
-0.0438059
0.607212
-0.780589
-0.148236
-0.12589
0.0896923
-0.987981
0.762507
0.644643
-0.0549345
0.632402
-0.760558
-0.147035
-0.136566
0.0773742
-0.987605
0.740731
0.668536
-0.0661563
0.655948
-0.741003
-0.143693
-0.145086
0.0630427
-0.987409
0.718154
0.691556
-0.0774922
0.678929
-0.720731
-0.140011
-0.152677
0.0479381
-0.987113
0.694425
0.714082
-0.0886596
0.70188
-0.699346
-0.135206
-0.158552
0.0316618
-0.986843
0.670095
0.735558
-0.0996364
0.724047
-0.677289
-0.13052
-0.163487
0.0153192
-0.986426
0.646135
0.755297
-0.109708
0.744587
-0.655383
-0.126743
-0.167629
0.000205806
-0.98585
0.622815
0.773087
-0.120163
0.763288
-0.634129
-0.123576
-0.171734
-0.014754
-0.985033
0.59985
0.789792
-0.128096
0.780376
-0.612847
-0.124227
-0.176617
-0.0254456
-0.983951
0.577868
0.804769
-0.135705
0.795731
-0.592525
-0.125406
-0.181331
-0.035517
-0.98278
0.557369
0.817947
-0.142487
0.809256
-0.573568
-0.126986
-0.185594
-0.0445299
-0.981617
0.536404
0.830642
-0.14935
0.822196
-0.554253
-0.129606
-0.190434
-0.0532737
-0.980253
0.51464
0.843371
-0.154499
0.835164
-0.533861
-0.13226
-0.194025
-0.060966
-0.9791
0.493453
0.855332
-0.157837
0.847254
-0.513722
-0.135094
-0.196635
-0.067065
-0.978181
0.473304
0.86581
-0.162347
0.857665
-0.494975
-0.139323
-0.200985
-0.0732967
-0.976848
0.452417
0.876355
-0.165288
0.867511
-0.475434
-0.146241
-0.206742
-0.0772271
-0.975343
0.431195
0.887004
-0.165212
0.876882
-0.455105
-0.154785
-0.212484
-0.0781287
-0.974036
0.410251
0.897189
-0.163543
0.885641
-0.434728
-0.163252
-0.217565
-0.0778661
-0.972935
0.389621
0.906753
-0.161226
0.89381
-0.414494
-0.171167
-0.222033
-0.0774153
-0.971961
0.370479
0.916143
-0.15306
0.900746
-0.394584
-0.181548
-0.226719
-0.0706088
-0.971397
0.353637
0.924373
-0.143092
0.906133
-0.376503
-0.192792
-0.232086
-0.0614824
-0.97075
0.339571
0.932043
-0.126444
0.910163
-0.359518
-0.205793
-0.237267
-0.0452036
-0.970392
0.33024
0.937516
-0.109566
0.912246
-0.346816
-0.218005
-0.242383
-0.0279566
-0.969778
0.326085
0.940864
-0.0918847
0.912703
-0.338656
-0.228659
-0.246254
-0.0093013
-0.969161
0.329801
0.941151
-0.0739264
0.910813
-0.337809
-0.237289
-0.248297
0.010925
-0.968622
0.343973
0.937403
-0.0543981
0.905675
-0.346508
-0.244305
-0.247861
0.0347672
-0.968171
0.363067
0.931151
-0.0337791
0.898922
-0.35958
-0.250283
-0.245198
0.0605047
-0.967583
0.385738
0.922483
-0.0152054
0.890812
-0.376683
-0.254095
-0.240126
0.084469
-0.96706
0.411802
0.911273
0.000916673
0.880402
-0.397591
-0.258485
-0.235186
0.107252
-0.966015
0.438207
0.89875
0.0149264
0.868993
-0.419336
-0.262695
-0.229838
0.128086
-0.964763
0.46402
0.885369
0.028422
0.85741
-0.440843
-0.265528
-0.22256
0.14758
-0.963684
0.489897
0.870897
0.0392218
0.845144
-0.463412
-0.266421
-0.213849
0.163667
-0.963058
0.515403
0.855676
0.0466761
0.831893
-0.486516
-0.26694
-0.205705
0.176411
-0.962582
0.541275
0.839254
0.0517093
0.817127
-0.510507
-0.267744
-0.198307
0.187176
-0.962101
0.565129
0.822854
0.0594925
0.803095
-0.532184
-0.267989
-0.188855
0.199227
-0.961583
0.588456
0.805665
0.0679934
0.788508
-0.553253
-0.268639
-0.178815
0.211695
-0.960838
0.610992
0.787976
0.0760438
0.77335
-0.573589
-0.270047
-0.169173
0.223805
-0.959839
0.631717
0.770908
0.0814569
0.758301
-0.592705
-0.271441
-0.160977
0.233243
-0.959002
0.65141
0.75429
0.0819262
0.742754
-0.611929
-0.271771
-0.154861
0.237885
-0.958868
0.671599
0.736089
0.0844327
0.725805
-0.630719
-0.27459
-0.14887
0.245696
-0.957847
0.694002
0.714995
0.0845163
0.705531
-0.651985
-0.277745
-0.143483
0.252384
-0.95693
0.718565
0.691061
0.0781006
0.681039
-0.676463
-0.280329
-0.140892
0.254624
-0.956721
0.743088
0.665763
0.0676759
0.654353
-0.701702
-0.281844
-0.140153
0.253719
-0.95707
0.76505
0.641961
0.0508413
0.62819
-0.726601
-0.278261
-0.141691
0.244821
-0.959159
0.783684
0.620418
0.0303562
0.604028
-0.74976
-0.270205
-0.14488
0.230092
-0.962324
0.800719
0.599022
0.00467433
0.580057
-0.773372
-0.255793
-0.149611
0.20753
-0.96672
0.816965
0.576251
-0.0224243
0.555177
-0.796419
-0.239781
-0.156033
0.183443
-0.970568
0.831562
0.553277
-0.0488694
0.530664
-0.817381
-0.22424
-0.164012
0.160537
-0.973308
0.845401
0.529093
-0.0732021
0.505572
-0.83686
-0.209912
-0.172323
0.140451
-0.974976
0.859038
0.503323
-0.0933825
0.479
-0.854673
-0.200231
-0.180593
0.127276
-0.975288
0.87082
0.478395
-0.113183
0.453096
-0.870372
-0.19276
-0.190727
0.116576
-0.974697
0.881398
0.454535
-0.128594
0.428314
-0.883807
-0.188235
-0.199212
0.110832
-0.973669
0.889832
0.433398
-0.142705
0.405574
-0.894554
-0.187835
-0.209065
0.109264
-0.971778
0.899075
0.408333
-0.157885
0.378313
-0.906134
-0.189208
-0.220325
0.110383
-0.969161
0.909255
0.378952
-0.172191
0.346983
-0.918567
-0.189309
-0.229908
0.112383
-0.966702
0.917972
0.350047
-0.186532
0.316461
-0.929868
-0.187609
-0.239122
0.113189
-0.96437
0.924309
0.32477
-0.200441
0.289922
-0.939074
-0.184621
-0.248188
0.112535
-0.962153
0.928659
0.305593
-0.210253
0.269968
-0.945536
-0.181879
-0.254383
0.112142
-0.96058
0.932179
0.289874
-0.216829
0.254406
-0.950713
-0.177263
-0.257526
0.110078
-0.959981
0.935526
0.274729
-0.222071
0.239878
-0.955524
-0.171556
-0.259325
0.107225
-0.959819
0.93892
0.258191
-0.227522
0.224034
-0.960446
-0.165385
-0.261223
0.104311
-0.959626
0.942121
0.242619
-0.231394
0.20848
-0.964448
-0.162408
-0.262571
0.104767
-0.959208
0.944207
0.227375
-0.238271
0.192936
-0.968185
-0.159354
-0.266924
0.104492
-0.958036
0.94703
0.212431
-0.240847
0.178054
-0.97146
-0.156721
-0.267266
0.105535
-0.957826
0.950212
0.200357
-0.23865
0.16615
-0.973696
-0.155917
-0.263611
0.108502
-0.958507
0.952623
0.190732
-0.236921
0.156432
-0.975268
-0.156146
-0.260843
0.111686
-0.958899
0.954085
0.185141
-0.235468
0.150317
-0.975891
-0.158247
-0.259089
0.115586
-0.958912
0.954225
0.182018
-0.237326
0.145836
-0.975934
-0.162128
-0.261125
0.120096
-0.957805
0.953789
0.181527
-0.239445
0.143897
-0.975509
-0.166359
-0.26378
0.124216
-0.956551
0.953076
0.181975
-0.241933
0.142599
-0.974815
-0.17147
-0.267043
0.128925
-0.955022
0.952956
0.18113
-0.243038
0.140543
-0.974456
-0.175167
-0.268558
0.132769
-0.95407
0.954985
0.175913
-0.238867
0.135322
-0.974876
-0.17693
-0.26399
0.136642
-0.954798
0.957941
0.167935
-0.232696
0.128326
-0.975977
-0.176072
-0.256674
0.138806
-0.956479
0.960202
0.161125
-0.228146
0.123845
-0.977754
-0.169293
-0.250348
0.134301
-0.958796
0.963608
0.147917
-0.222665
0.115519
-0.981584
-0.152148
-0.24107
0.120888
-0.962949
0.968345
0.1279
-0.21436
0.102356
-0.986692
-0.126341
-0.227666
0.1004
-0.968549
0.973197
0.109397
-0.202286
0.0911844
-0.991071
-0.0972853
-0.211122
0.0762324
-0.974482
0.977434
0.0980318
-0.187118
0.0868776
-0.993968
-0.0669278
-0.19255
0.0491611
-0.980055
0.980465
0.0924987
-0.173589
0.0859344
-0.995285
-0.0449741
-0.176931
0.0291782
-0.983791
0.98169
0.0968813
-0.164006
0.0916693
-0.995023
-0.0390736
-0.166975
0.0233239
-0.985685
0.982363
0.111593
-0.150034
0.107807
-0.993619
-0.0331657
-0.152778
0.016406
-0.988124
0.9833
0.130024
-0.127341
0.128609
-0.991507
-0.0193043
-0.12877
0.00260465
-0.991671
0.983576
0.147839
-0.103541
0.148235
-0.988944
-0.00390562
-0.102974
-0.011507
-0.994617
0.982627
0.16651
-0.0819694
0.167707
-0.985805
0.00789533
-0.0794912
-0.021505
-0.996604
0.980961
0.182909
-0.0652647
0.184734
-0.982518
0.0230595
-0.0599059
-0.0346771
-0.997602
0.977504
0.205487
-0.0475491
0.207524
-0.977294
0.0427878
-0.0376771
-0.0516929
-0.997952
0.972083
0.232142
-0.0341375
0.233787
-0.970633
0.0566979
-0.0199731
-0.0630959
-0.997808
0.966595
0.253847
-0.0354411
0.255647
-0.964771
0.0621476
-0.0184166
-0.0691319
-0.997438
0.960342
0.27488
-0.0467309
0.277573
-0.958368
0.066962
-0.0263789
-0.0772776
-0.996661
0.953287
0.296922
-0.055518
0.300437
-0.95106
0.0722642
-0.0313441
-0.0855681
-0.995839
0.945047
0.320298
-0.0655357
0.324815
-0.94265
0.0768556
-0.0371605
-0.0939192
-0.994886
0.936537
0.34257
-0.0744547
0.348156
-0.933745
0.0831072
-0.0410517
-0.103755
-0.993755
0.927224
0.366513
-0.0769687
0.372782
-0.922957
0.0958379
-0.0359129
-0.117556
-0.992417
0.917764
0.390591
-0.0717546
0.396644
-0.910471
0.117114
-0.0195868
-0.135944
-0.990523
0.910366
0.408415
-0.066569
0.413804
-0.898306
0.147692
0.000520404
-0.162
-0.986791
0.903573
0.423877
-0.0623208
0.427951
-0.886054
0.178232
0.0203288
-0.187716
-0.982013
0.895065
0.441224
-0.0646593
0.444915
-0.873772
0.196399
0.0301583
-0.204558
-0.97839
0.88619
0.457681
-0.072076
0.462335
-0.863392
0.201991
0.0302177
-0.212326
-0.976732
0.877845
0.471435
-0.0844859
0.478395
-0.85463
0.201855
0.0229573
-0.217615
-0.975765
0.87162
0.481192
-0.093454
0.489948
-0.849314
0.196512
0.0151883
-0.217071
-0.976038
0.865673
0.489791
-0.103508
0.500578
-0.844591
0.189969
0.00562357
-0.216265
-0.976318
0.858744
0.499566
-0.113986
0.512357
-0.840189
0.177685
-0.00700417
-0.210987
-0.977464
0.853562
0.506706
-0.121167
0.52062
-0.838346
0.161648
-0.019672
-0.201059
-0.979382
0.850476
0.510487
-0.126862
0.525093
-0.838192
0.147345
-0.0311171
-0.191927
-0.980916
0.849012
0.512028
-0.130407
0.52683
-0.839196
0.134906
-0.0403612
-0.183239
-0.98224
0.849183
0.511382
-0.131823
0.52598
-0.841341
0.12446
-0.0472612
-0.175026
-0.983429
0.850683
0.508751
-0.132327
0.522978
-0.844545
0.115056
-0.0532215
-0.167081
-0.984506
0.852957
0.504961
-0.132208
0.518678
-0.848371
0.106017
-0.058627
-0.159001
-0.985536
0.855129
0.501519
-0.131277
0.514598
-0.85184
0.0977643
-0.0627968
-0.151156
-0.986513
0.856833
0.49884
-0.130369
0.511229
-0.854805
0.089183
-0.0669524
-0.143064
-0.987446
0.858711
0.495872
-0.129331
0.507455
-0.857987
0.0796743
-0.0714563
-0.134047
-0.988395
0.860791
0.49289
-0.12688
0.503381
-0.861285
0.0692502
-0.0751473
-0.123479
-0.989498
0.863051
0.489718
-0.123773
0.499046
-0.864559
0.0590788
-0.0780772
-0.112756
-0.99055
0.865422
0.486777
-0.118715
0.494838
-0.867542
0.0500692
-0.0786175
-0.102076
-0.991665
0.868311
0.483489
-0.110791
0.490131
-0.870642
0.0418799
-0.0762107
-0.0906667
-0.992961
0.872205
0.478345
-0.102195
0.483733
-0.874507
0.0352093
-0.072528
-0.0801447
-0.994141
0.877511
0.470862
-0.0909061
0.475022
-0.879461
0.0300505
-0.0657987
-0.069552
-0.995406
0.882666
0.462717
-0.0824192
0.465924
-0.884497
0.0240724
-0.0617608
-0.059649
-0.996307
0.886751
0.455692
-0.0775753
0.458433
-0.888476
0.0211929
-0.0592664
-0.0543559
-0.996761
0.888591
0.453013
-0.0720107
0.455378
-0.890077
0.0198296
-0.0551121
-0.0504125
-0.997207
0.889959
0.451113
-0.0668556
0.453103
-0.891286
0.0175368
-0.0516764
-0.0458995
-0.997609
0.891018
0.450184
-0.058489
0.4515
-0.892204
0.0109242
-0.0472662
-0.0361414
-0.998228
0.891705
0.45007
-0.0479464
0.450757
-0.892638
0.00401442
-0.040992
-0.0251919
-0.998842
0.893191
0.447984
-0.0389862
0.448199
-0.893927
-0.00352451
-0.0364297
-0.0143255
-0.999234
0.894681
0.445532
-0.0323697
0.445458
-0.895248
-0.0098629
-0.0333732
-0.0055952
-0.999427
0.895859
0.443389
-0.0290316
0.44313
-0.896329
-0.0151838
-0.0327542
0.000737767
-0.999463
0.896456
0.442369
-0.0260191
0.441945
-0.896806
-0.0205646
-0.0324313
0.00693624
-0.99945
0.896823
0.441779
-0.0232224
0.441226
-0.897036
-0.0254187
-0.0320607
0.0125497
-0.999407
0.89694
0.441645
-0.0211557
0.441015
-0.897039
-0.0287688
-0.0316831
0.0164739
-0.999362
0.896534
0.442564
-0.0190896
0.441909
-0.896533
-0.0307423
-0.0307199
0.0191256
-0.999345
0.896426
0.442812
-0.018367
0.442153
-0.896392
-0.0313211
-0.0303334
0.019956
-0.999341
0.896267
0.443245
-0.0154765
0.442611
-0.896122
-0.0325682
-0.0283045
0.0223398
-0.99935
0.896289
0.443264
-0.0135418
0.442625
-0.896048
-0.0343699
-0.027369
0.0248114
-0.999317
0.896574
0.442738
-0.0117605
0.442099
-0.89624
-0.0360942
-0.0265205
0.0271618
-0.999279
0.89721
0.441442
-0.0119367
0.440783
-0.896864
-0.0366789
-0.0268971
0.0276472
-0.999256
0.89774
0.440395
-0.0107042
0.439736
-0.89732
-0.0380603
-0.0263666
0.0294612
-0.999218
0.898261
0.439319
-0.0112031
0.438607
-0.897812
-0.039464
-0.0273955
0.0305352
-0.999158
0.898887
0.438063
-0.010104
0.437311
-0.898318
-0.0422276
-0.027575
0.0335392
-0.999057
0.899107
0.437673
-0.00698293
0.436914
-0.898293
-0.0466446
-0.0266878
0.0388875
-0.998887
0.899164
0.437602
-0.00287193
0.436912
-0.898078
-0.0506281
-0.0247342
0.0442682
-0.998713
0.899455
0.437008
0.00220861
0.436466
-0.898065
-0.0545488
-0.0218548
0.0500282
-0.998509
0.899761
0.436278
0.00956387
0.436044
-0.897983
-0.0590949
-0.0171936
0.0573416
-0.998207
0.899721
0.436108
0.017654
0.436294
-0.897496
-0.0644062
-0.0122437
0.06565
-0.997768
0.899645
0.43595
0.0242375
0.436538
-0.896989
-0.0696126
-0.00860679
0.0732072
-0.99728
0.900092
0.43506
0.0236232
0.435552
-0.897042
-0.0749012
-0.0113955
0.0777071
-0.996911
0.900119
0.435017
0.0233507
0.435448
-0.89682
-0.0780933
-0.0130305
0.0804613
-0.996673
0.899842
0.435642
0.0223804
0.435983
-0.896501
-0.0787667
-0.01425
0.080635
-0.996642
0.898786
0.437894
0.0208263
0.438093
-0.895422
-0.0793291
-0.0160894
0.0804237
-0.996631
0.898423
0.438639
0.0207751
0.438811
-0.894957
-0.0806043
-0.0167634
0.0815331
-0.99653
0.898585
0.438257
0.0218193
0.438463
-0.894834
-0.0838059
-0.0172039
0.0848736
-0.996243
0.899127
0.43708
0.0230656
0.437327
-0.894997
-0.087894
-0.017773
0.0891151
-0.995863
0.899369
0.436532
0.0239782
0.43679
-0.89485
-0.0919673
-0.0186898
0.093186
-0.995473
0.900126
0.434971
0.0239293
0.435149
-0.8952
-0.0962372
-0.020439
0.0970385
-0.995071
0.901938
0.431301
0.0220945
0.431228
-0.896646
-0.10034
-0.0234657
0.100028
-0.994708
0.904752
0.425501
0.0193006
0.425044
-0.898991
-0.105605
-0.0275841
0.10375
-0.994221
0.907817
0.419028
0.0168304
0.418164
-0.901448
-0.111936
-0.0317326
0.108655
-0.993573
0.911216
0.411659
0.0149087
0.410415
-0.904172
-0.118458
-0.0352843
0.11406
-0.992847
0.914268
0.404874
0.0138078
0.403338
-0.906556
-0.124401
-0.0378493
0.119305
-0.992136
0.917686
0.397119
0.0121928
0.395225
-0.909312
-0.130188
-0.0406133
0.124291
-0.991414
0.921622
0.38797
0.00961638
0.385589
-0.912594
-0.135992
-0.0439851
0.129041
-0.990663
0.925947
0.3776
0.00639816
0.374648
-0.916312
-0.141461
-0.0475529
0.133382
-0.989923
0.930359
0.36664
0.00283236
0.363095
-0.920237
-0.146032
-0.0509346
0.13689
-0.989276
0.934077
0.357072
-6.24246e-06
0.353033
-0.923515
-0.149957
-0.0535512
0.140069
-0.988693
0.93752
0.347925
-0.00226436
0.34346
-0.926488
-0.153802
-0.0556093
0.143414
-0.988099
0.940712
0.339178
-0.00435496
0.334339
-0.929304
-0.156878
-0.0572567
0.146121
-0.987608
0.943737
0.330638
-0.00628769
0.325439
-0.93194
-0.159926
-0.0587372
0.148881
-0.987109
0.946288
0.323242
-0.00738233
0.31783
-0.93415
-0.162322
-0.0593654
0.151257
-0.98671
0.948704
0.31608
-0.0073265
0.310668
-0.936261
-0.164014
-0.058701
0.153324
-0.986431
0.951111
0.308766
-0.00717763
0.303433
-0.938512
-0.164693
-0.057588
0.154464
-0.986319
0.953717
0.300621
-0.00716278
0.295479
-0.941294
-0.163276
-0.0558263
0.153602
-0.986554
0.956426
0.291852
-0.00841185
0.287
-0.94504
-0.156621
-0.0536598
0.147382
-0.987623
0.958971
0.283284
-0.011201
0.278698
-0.949219
-0.145982
-0.0519865
0.13687
-0.989224
0.961451
0.274487
-0.0163646
0.270156
-0.954021
-0.129845
-0.0512531
0.120419
-0.991399
0.963299
0.26751
-0.0222358
0.263483
-0.958123
-0.11215
-0.0513058
0.102175
-0.993442
0.964377
0.263205
-0.0264639
0.259556
-0.960801
-0.0974289
-0.0510703
0.0870894
-0.994891
0.965142
0.260122
-0.0289503
0.25682
-0.962551
-0.0868246
-0.0504512
0.076363
-0.995803
0.966225
0.255989
-0.0296547
0.252915
-0.964055
-0.0814412
-0.0494369
0.0711904
-0.996237
0.967288
0.251944
-0.0296262
0.248974
-0.965238
-0.0795402
-0.0486361
0.0695621
-0.996391
0.968063
0.248952
-0.0296094
0.245995
-0.96601
-0.0794435
-0.0483806
0.0696225
-0.9964
0.968675
0.246705
-0.0283927
0.243826
-0.966541
-0.0796718
-0.0470981
0.0702532
-0.996417
0.969049
0.245259
-0.0281576
0.242489
-0.967032
-0.077774
-0.0463041
0.0685389
-0.996573
0.969239
0.244632
-0.0270166
0.242005
-0.967265
-0.0763725
-0.0448154
0.0674851
-0.996713
0.969427
0.244075
-0.0252847
0.241592
-0.967415
-0.0757733
-0.0429551
0.0673481
-0.996804
0.969623
0.243477
-0.0234561
0.241148
-0.967579
-0.0750884
-0.040978
0.067151
-0.996901
0.969869
0.242623
-0.0220819
0.240432
-0.967844
-0.0739678
-0.0393181
0.0664299
-0.997016
0.970073
0.2419
-0.0210439
0.239829
-0.96809
-0.0726861
-0.0379552
0.0654639
-0.997133
0.970181
0.241583
-0.0196497
0.239634
-0.968201
-0.0718417
-0.0363806
0.0649908
-0.997222
0.970255
0.241402
-0.0181882
0.239555
-0.968234
-0.0716704
-0.0349117
0.0651815
-0.997263
0.970398
0.240971
-0.0161442
0.239266
-0.968319
-0.0714827
-0.032858
0.0655039
-0.997311
0.97044
0.240917
-0.0143081
0.239347
-0.968334
-0.0710134
-0.0309633
0.0654897
-0.997373
0.970336
0.241442
-0.0123857
0.239984
-0.968142
-0.0714765
-0.0292485
0.0663839
-0.997365
0.970216
0.242081
-0.00880773
0.240781
-0.967716
-0.0745034
-0.0265593
0.0701636
-0.997182
0.970061
0.242823
-0.00430297
0.241738
-0.967126
-0.0789361
-0.023329
0.0755326
-0.99687
0.969979
0.243188
-0.000437393
0.242307
-0.966614
-0.0833388
-0.0206898
0.0807309
-0.996521
0.969917
0.243415
0.00327635
0.24276
-0.966128
-0.0875442
-0.0181442
0.085706
-0.996155
0.969908
0.243349
0.00773838
0.243003
-0.965577
-0.0927971
-0.0151101
0.0918851
-0.995655
0.970274
0.241867
0.00835489
0.241516
-0.965503
-0.0973329
-0.0154749
0.0964574
-0.995217
0.971114
0.238489
0.00784298
0.238039
-0.965945
-0.101434
-0.0166149
0.10037
-0.994811
0.972305
0.233659
0.00503929
0.232887
-0.966829
-0.104904
-0.0196397
0.103172
-0.99447
0.973129
0.230259
0.00121612
0.229036
-0.967389
-0.108175
-0.0237318
0.105547
-0.994131
0.973784
0.227461
-0.00244818
0.225791
-0.967829
-0.111018
-0.0276218
0.107555
-0.993815
0.974495
0.224344
-0.00539332
0.22227
-0.96824
-0.114487
-0.0309065
0.110368
-0.99341
0.975272
0.220858
-0.00816775
0.218382
-0.968703
-0.118002
-0.0339738
0.1133
-0.99298
0.976023
0.21738
-0.0112253
0.214481
-0.969239
-0.120719
-0.037122
0.115417
-0.992623
0.976718
0.214065
-0.0141022
0.210769
-0.969776
-0.122925
-0.0399899
0.11709
-0.992316
0.97743
0.210564
-0.0171046
0.206868
-0.970398
-0.124635
-0.0428418
0.118283
-0.992055
0.978176
0.206866
-0.0194281
0.20291
-0.971199
-0.124898
-0.0447057
0.11823
-0.991979
0.978524
0.205237
-0.0191843
0.201512
-0.972037
-0.120569
-0.0433931
0.114114
-0.99252
0.977848
0.208889
-0.0133841
0.206277
-0.972532
-0.107852
-0.0355456
0.102702
-0.994077
0.976471
0.215453
-0.00915576
0.21371
-0.972506
-0.0925168
-0.028837
0.0883833
-0.995669
0.975068
0.221812
-0.0065096
0.220556
-0.971945
-0.0817193
-0.0244533
0.0782461
-0.996634
0.973934
0.226781
-0.00482307
0.225806
-0.971328
-0.0743914
-0.0215554
0.0713632
-0.997217
0.973365
0.229225
-0.00401615
0.228384
-0.971025
-0.070372
-0.0200308
0.0675805
-0.997513
0.972547
0.232691
-0.00252137
0.232007
-0.970414
-0.0668481
-0.0180017
0.064428
-0.99776
0.97155
0.236834
-0.0010267
0.236293
-0.969606
-0.0634758
-0.0160287
0.0614273
-0.997983
0.970293
0.241932
-0.000712265
0.241475
-0.968634
-0.0586293
-0.0148742
0.0567156
-0.99828
0.968111
0.250511
-0.00208189
0.250067
-0.966828
-0.0520536
-0.0150529
0.0498731
-0.998642
0.966418
0.256974
-0.000951097
0.256607
-0.96522
-0.0500259
-0.0137734
0.0481019
-0.998747
0.966358
0.257202
0.000216045
0.256812
-0.964847
-0.0558398
-0.0141536
0.0540167
-0.99844
0.966801
0.255511
0.00308243
0.255202
-0.964882
-0.0622538
-0.0129323
0.0609737
-0.998056
0.967257
0.253788
0.00234431
0.253381
-0.965094
-0.0662732
-0.0145569
0.0646972
-0.997799
0.966144
0.257995
-0.00213219
0.257267
-0.963974
-0.0675849
-0.019492
0.0647482
-0.997711
0.963129
0.268944
-0.00717118
0.267935
-0.961247
-0.0649177
-0.0243525
0.0606027
-0.997865
0.957085
0.289125
-0.0198833
0.287729
-0.956184
-0.0540785
-0.0346475
0.0460367
-0.998339
0.949075
0.313216
-0.0339417
0.311863
-0.949292
-0.0398143
-0.044691
0.0272017
-0.99863
0.942211
0.331602
-0.0477384
0.330725
-0.943384
-0.0254488
-0.0534745
0.00818984
-0.998536
0.935365
0.348668
-0.0593526
0.348757
-0.937168
-0.00918213
-0.0588249
-0.012111
-0.998195
0.926863
0.36779
-0.07521
0.369404
-0.929232
0.00830561
-0.0668328
-0.035481
-0.997133
0.916952
0.387296
-0.095919
0.391299
-0.919884
0.0264336
-0.0779967
-0.0617713
-0.995038
0.905956
0.407736
-0.113996
0.414918
-0.908614
0.047578
-0.0841788
-0.0904025
-0.992341
0.891254
0.436821
-0.121873
0.446682
-0.891992
0.0694661
-0.0783658
-0.116351
-0.990112
0.874484
0.466841
-0.131674
0.47917
-0.873593
0.0850397
-0.0753291
-0.13746
-0.987639
0.857769
0.493477
-0.143923
0.507985
-0.856603
0.0904627
-0.0786436
-0.150707
-0.985445
0.840005
0.518586
-0.159563
0.535574
-0.839598
0.0907527
-0.0869055
-0.16169
-0.983007
0.816835
0.550381
-0.172804
0.569518
-0.817067
0.0897256
-0.0918091
-0.171706
-0.980861
0.79252
0.58248
-0.180636
0.603065
-0.792588
0.0900965
-0.0906906
-0.180339
-0.979415
0.772283
0.609438
-0.179346
0.629728
-0.771635
0.0895717
-0.0838016
-0.182114
-0.9797
0.753009
0.634798
-0.173233
0.653401
-0.752462
0.0828709
-0.0777447
-0.175593
-0.981388
0.729211
0.664496
-0.163389
0.680562
-0.729148
0.0719621
-0.0713164
-0.163672
-0.983934
0.701524
0.696922
-0.148877
0.709747
-0.702078
0.0578443
-0.0642104
-0.146244
-0.987162
0.673061
0.727949
-0.130685
0.737444
-0.673992
0.0437197
-0.0562546
-0.125799
-0.99046
0.648229
0.753706
-0.108285
0.760119
-0.648913
0.0336334
-0.0449175
-0.104111
-0.993551
0.630423
0.771861
-0.0824458
0.775765
-0.630226
0.0316913
-0.0274982
-0.0839375
-0.996092
0.618397
0.784194
-0.0512305
0.785865
-0.617173
0.0389172
-0.00109945
-0.0643266
-0.997928
0.605187
0.795864
-0.0186912
0.79573
-0.604053
0.0439664
0.0237007
-0.0414811
-0.998858
0.59069
0.806739
0.0160645
0.805229
-0.590631
0.0525576
0.0518885
-0.0181097
-0.998489
0.577567
0.814986
0.0470554
0.812383
-0.57948
0.0650944
0.0803187
0.000630625
-0.996769
0.565934
0.820927
0.0761445
0.817542
-0.570725
0.0768052
0.106509
0.0187846
-0.994134
0.557566
0.824362
0.0977059
0.82061
-0.565116
0.0851072
0.125374
0.0327256
-0.99157
0.557313
0.822477
0.113729
0.818072
-0.567351
0.0941821
0.141987
0.0405494
-0.989038
0.570749
0.811496
0.125378
0.805594
-0.582945
0.105797
0.158942
0.0406199
-0.986452
0.590584
0.795886
0.133328
0.787882
-0.604413
0.11801
0.174508
0.035352
-0.984021
0.610608
0.779651
0.138929
0.770091
-0.625476
0.125454
0.184707
0.0303844
-0.982324
0.630607
0.762776
0.143208
0.751988
-0.646161
0.130348
0.191961
0.0254923
-0.981071
0.651707
0.743863
0.148141
0.731788
-0.668021
0.135034
0.199408
0.0204055
-0.979704
0.672844
0.723888
0.152537
0.71044
-0.689767
0.139632
0.206293
0.0144175
-0.978384
0.693782
0.703983
0.151904
0.689996
-0.710174
0.13985
0.20633
0.00778787
-0.978451
0.710908
0.688409
0.143887
0.675056
-0.725322
0.134936
0.197255
0.00120477
-0.980351
0.726658
0.67365
0.134775
0.661825
-0.739048
0.125682
0.184271
-0.00213027
-0.982873
0.743528
0.655571
0.131882
0.645687
-0.755133
0.113411
0.173938
0.000830529
-0.984756
0.762457
0.633033
0.133896
0.625126
-0.774089
0.10002
0.166963
0.00744085
-0.985935
0.783118
0.607788
0.131609
0.601303
-0.794044
0.0890462
0.158625
0.00940349
-0.987294
0.803567
0.581361
0.127667
0.575973
-0.813589
0.0795526
0.150117
0.00960692
-0.988622
0.822462
0.555147
0.123965
0.55103
-0.831666
0.0685354
0.141145
0.0119409
-0.989917
0.839479
0.530327
0.118436
0.527398
-0.847673
0.0574546
0.130865
0.014231
-0.991298
0.854727
0.506433
0.113874
0.504483
-0.862115
0.0474935
0.122225
0.0168535
-0.992359
0.870561
0.47977
0.109289
0.478656
-0.877183
0.037941
0.114069
0.0192817
-0.993286
0.885596
0.452405
0.105118
0.451986
-0.891549
0.0291457
0.106904
0.0217006
-0.994033
