-0.999574
-0.0292013
6.99894e-05
-0.0292013
0.999574
0.000182992
-7.53031e-05
0.00018087
-1
-0.999574
-0.0292013
6.99894e-05
-0.0292013
0.999574
0.000182992
-7.53031e-05
0.00018087
-1
-0.999634
-0.027042
0.000808387
-0.0270424
0.999634
-0.00044344
-0.000796099
-0.000465139
-1
-0.999765
-0.020525
0.00698531
-0.020564
0.999773
-0.00555952
-0.00686961
-0.00570186
-0.99996
-0.999723
-0.0174639
0.0157733
-0.0176418
0.999782
-0.011212
-0.0155741
-0.0114872
-0.999813
-0.999665
-0.0134252
0.0221237
-0.0137579
0.999794
-0.0149544
-0.0219183
-0.0152538
-0.999643
-0.999563
-0.00894027
0.0281743
-0.00947777
0.999775
-0.019002
-0.027998
-0.0192608
-0.999422
-0.999352
-0.00320662
0.0358599
-0.00404413
0.99972
-0.0233069
-0.0357752
-0.0234368
-0.999085
-0.999087
0.0017921
0.0426819
0.000657258
0.999646
-0.0265876
-0.0427145
-0.0265352
-0.998735
-0.998837
0.00627297
0.0477998
0.00484505
0.99954
-0.0299303
-0.0479656
-0.0296639
-0.998408
-0.998574
0.0100039
0.0524465
0.00819343
0.999367
-0.0346217
-0.0527596
-0.0341426
-0.998023
-0.998299
0.0127552
0.056889
0.0105
0.999154
-0.0397661
-0.0573481
-0.0391011
-0.997588
-0.998146
0.0149694
0.0589986
0.0124516
0.999005
-0.0428142
-0.0595809
-0.0420002
-0.99734
-0.998084
0.0154593
0.0599125
0.012866
0.998974
-0.0434316
-0.0605224
-0.0425776
-0.997258
-0.998075
0.0155041
0.0600499
0.0129022
0.998971
-0.0434765
-0.0606621
-0.0426181
-0.997248
-0.998092
0.0153236
0.0598108
0.0127354
0.998976
-0.0434164
-0.0604148
-0.0425718
-0.997265
-0.99798
0.0177578
0.0609925
0.0149646
0.998832
-0.0459518
-0.0617372
-0.0449462
-0.99708
-0.997527
0.0226321
0.0665477
0.0193664
0.998596
-0.0493149
-0.0675704
-0.0479041
-0.996564
-0.997069
0.0270693
0.0715583
0.0233955
0.998389
-0.051689
-0.0728422
-0.0498633
-0.996096
-0.996832
0.0297512
0.0737629
0.0259005
0.998279
-0.0526215
-0.0752014
-0.0505442
-0.995887
-0.996386
0.03273
0.0783813
0.0286986
0.998234
-0.0520194
-0.0799455
-0.049582
-0.995565
-0.995571
0.0394602
0.0853357
0.0354096
0.998197
-0.0484708
-0.0870945
-0.0452344
-0.995173
-0.99451
0.0464722
0.0937611
0.0425253
0.998141
-0.0436632
-0.0956159
-0.0394362
-0.994637
-0.993802
0.0525116
0.0979841
0.0493572
0.99819
-0.0343459
-0.0996103
-0.0292967
-0.994595
-0.993213
0.0573978
0.101162
0.0547066
0.998076
-0.0291824
-0.102643
-0.0234501
-0.994442
-0.992895
0.0604635
0.102484
0.0578274
0.99792
-0.0285031
-0.103994
-0.0223743
-0.994326
-0.992447
0.0619523
0.105882
0.0590455
0.997793
-0.0303745
-0.10753
-0.0238932
-0.993915
-0.992074
0.0648661
0.107617
0.0614489
0.997504
-0.0347751
-0.109604
-0.0278865
-0.993584
-0.991117
0.0704469
0.112803
0.0660736
0.996928
-0.0420542
-0.115419
-0.0342274
-0.992727
-0.990011
0.0744866
0.11971
0.0690479
0.996411
-0.0489606
-0.122927
-0.0402058
-0.991601
-0.989468
0.0772731
0.122401
0.0711517
0.996023
-0.0536232
-0.126058
-0.0443494
-0.991031
-0.98903
0.0794466
0.124534
0.0731113
0.995825
-0.0546495
-0.128356
-0.0449452
-0.990709
-0.989412
0.0795902
0.121366
0.0736795
0.995902
-0.0524423
-0.125042
-0.0429449
-0.991222
-0.990427
0.0779112
0.113948
0.0728668
0.996196
-0.0477906
-0.117238
-0.03903
-0.992337
-0.990684
0.0797822
0.110367
0.075093
0.996114
-0.0460168
-0.11361
-0.0373003
-0.992825
-0.990416
0.0822086
0.110986
0.077568
0.995948
-0.0455093
-0.114278
-0.0364642
-0.992779
-0.990165
0.0828671
0.112724
0.078293
0.99594
-0.0444246
-0.115948
-0.0351621
-0.992633
-0.989988
0.0849493
0.11273
0.0804552
0.995794
-0.0438418
-0.11598
-0.0343331
-0.992658
-0.989869
0.0865162
0.112582
0.0821032
0.995684
-0.0432703
-0.11584
-0.0335886
-0.9927
-0.989769
0.0880714
0.112252
0.0837137
0.995563
-0.0429696
-0.115539
-0.0331329
-0.99275
-0.9899
0.0857299
0.112913
0.0812222
0.995727
-0.0439431
-0.116197
-0.0343282
-0.992633
-0.990194
0.0801486
0.114421
0.0757327
0.996225
-0.042439
-0.117391
-0.0333574
-0.992525
-0.991578
0.0702205
0.108825
0.066994
0.997206
-0.0330307
-0.110841
-0.0254619
-0.993512
-0.994446
0.0523658
0.0912938
0.0505914
0.998485
-0.0216446
-0.0922889
-0.0169057
-0.995589
-0.995633
0.0435658
0.0825619
0.0422805
0.998957
-0.0172531
-0.0832275
-0.013687
-0.996437
-0.996567
0.0344964
0.075259
0.0335184
0.999337
-0.0142206
-0.0756997
-0.0116492
-0.997063
-0.997569
0.022696
0.0658816
0.0220931
0.999707
-0.00986615
-0.0660862
-0.00838664
-0.997779
-0.998429
0.00722734
0.0555709
0.00699897
0.999966
-0.00430301
-0.0556002
-0.00390731
-0.998445
-0.998848
-0.00793944
0.0473181
-0.00797918
0.999968
-0.000651183
-0.0473114
-0.00102799
-0.99888
-0.998883
-0.0220326
0.0418063
-0.0220211
0.999757
0.000734842
-0.0418124
-0.000186602
-0.999125
-0.998694
-0.0359352
0.0363148
-0.03589
0.999354
0.00189568
-0.0363595
0.000589864
-0.999339
-0.998277
-0.0496892
0.031205
-0.0496012
0.998763
0.00358996
-0.0313448
0.00203597
-0.999507
-0.997743
-0.0621377
0.0254687
-0.0620045
0.998058
0.0059877
-0.0257913
0.00439501
-0.999658
-0.997005
-0.0738159
0.0230886
-0.0736715
0.997258
0.00704518
-0.0235453
0.00532311
-0.999709
-0.996393
-0.0817801
0.0226601
-0.0816344
0.996636
0.0072826
-0.0231795
0.00540648
-0.999717
-0.996111
-0.0827595
0.0302443
-0.0825232
0.996549
0.00898221
-0.0308833
0.00645142
-0.999502
-0.99589
-0.0782287
0.045639
-0.0777348
0.996896
0.0125008
-0.0464753
0.0089017
-0.99888
-0.99558
-0.0742021
0.0575638
-0.0733846
0.997172
0.0161916
-0.0586025
0.0118957
-0.998211
-0.995372
-0.0712645
0.0644644
-0.0700838
0.997333
0.0203967
-0.065746
0.0157844
-0.997712
-0.995468
-0.0686735
0.0657846
-0.0669059
0.997346
0.0287095
-0.0675816
0.024178
-0.997421
-0.99554
-0.0658531
0.0675545
-0.063533
0.997332
0.0359377
-0.0697409
0.0314855
-0.997068
-0.995653
-0.0659934
0.0657243
-0.0634763
0.997194
0.0396778
-0.0681584
0.0353334
-0.997049
-0.995624
-0.0696186
0.0623365
-0.0670269
0.996835
0.0427464
-0.0651152
0.0383811
-0.997139
-0.995675
-0.0713515
0.0595069
-0.0688177
0.996676
0.0435968
-0.0624198
0.0393131
-0.997275
-0.996008
-0.0702198
0.0551091
-0.0679692
0.996815
0.0417036
-0.057862
0.0377914
-0.997609
-0.99611
-0.0681855
0.0558213
-0.0661573
0.997108
0.0374119
-0.0582108
0.0335734
-0.99774
-0.99624
-0.0656582
0.0565218
-0.0636599
0.997305
0.0364581
-0.0587633
0.0327229
-0.997735
-0.996263
-0.0652042
0.0566388
-0.0632001
0.997334
0.0364836
-0.0588667
0.0327677
-0.997728
-0.996278
-0.0640497
0.0576785
-0.0619924
0.997399
0.0367792
-0.0598841
0.0330667
-0.997657
-0.996388
-0.0626065
0.0573715
-0.0603732
0.997379
0.0398683
-0.0597171
0.0362605
-0.997557
-0.996491
-0.0623321
0.0558533
-0.0599423
0.997254
0.0434871
-0.0584106
0.0399866
-0.997491
-0.996532
-0.062728
0.0546813
-0.0601696
0.99707
0.0472432
-0.0574845
0.0437891
-0.997386
-0.996633
-0.0631353
0.0523034
-0.0605639
0.996943
0.0493704
-0.0552605
0.0460365
-0.99741
-0.996654
-0.0629968
0.0520742
-0.060436
0.99695
0.0493691
-0.0550254
0.0460568
-0.997422
-0.996762
-0.0623651
0.0507573
-0.059895
0.99701
0.0488136
-0.0536499
0.0456154
-0.997517
-0.996823
-0.062591
0.0492655
-0.0602354
0.997033
0.0479297
-0.0521193
0.0448099
-0.997635
-0.996855
-0.0623983
0.0488606
-0.0601053
0.997082
0.0470719
-0.0516552
0.0439871
-0.997696
-0.996857
-0.0623324
0.048899
-0.0600397
0.997087
0.047032
-0.0516882
0.0439483
-0.997696
-0.99686
-0.0623772
0.0487723
-0.0600881
0.997083
0.0470718
-0.0515662
0.0439934
-0.9977
-0.9969
-0.0620295
0.0484061
-0.0597267
0.997077
0.0476518
-0.0512205
0.0446129
-0.99769
-0.996928
-0.0609228
0.0492319
-0.058455
0.997032
0.0501003
-0.052138
0.0470685
-0.99753
-0.996966
-0.0607628
0.0486389
-0.0582385
0.996961
0.0517363
-0.0516347
0.0487467
-0.997476
-0.996967
-0.0616626
0.0474802
-0.0591516
0.996863
0.0525897
-0.0505741
0.0496217
-0.997487
-0.996972
-0.0615317
0.0475382
-0.0589995
0.996853
0.0529516
-0.0506467
0.0499866
-0.997465
-0.997036
-0.0608382
0.0470993
-0.0583609
0.996925
0.0522985
-0.0501362
0.0493948
-0.99752
-0.997085
-0.0604264
0.0465928
-0.0579633
0.996936
0.0525191
-0.0496236
0.0496653
-0.997532
-0.997139
-0.0602151
0.0456879
-0.057725
0.996871
0.0539941
-0.0487962
0.0512023
-0.997495
-0.997157
-0.0602932
0.0451867
-0.0577641
0.996796
0.0553267
-0.0483777
0.0525593
-0.997445
-0.997199
-0.0601494
0.0444445
-0.0576231
0.996761
0.0560901
-0.0476744
0.053372
-0.997436
-0.997238
-0.059771
0.0440847
-0.057231
0.996745
0.0567863
-0.0473353
0.0541065
-0.997413
-0.997568
-0.0553803
0.0423234
-0.0527865
0.996794
0.0601234
-0.0455174
0.057743
-0.997293
-0.997716
-0.0533072
0.0414756
-0.0507312
0.996856
0.0608612
-0.0445895
0.0586181
-0.997284
-0.997785
-0.0524938
0.040849
-0.0500468
0.997016
0.0587821
-0.0438128
0.0566075
-0.997435
-0.997855
-0.0512941
0.0406775
-0.0489644
0.99721
0.0563388
-0.0434539
0.0542262
-0.997583
-0.998048
-0.0462312
0.0419755
-0.0436858
0.997263
0.0596555
-0.0446185
0.0577053
-0.997336
-0.998192
-0.0404865
0.0444166
-0.0373538
0.996901
0.0692266
-0.0470817
0.0674424
-0.996612
-0.998299
-0.0357965
0.0460247
-0.0319624
0.996161
0.0815007
-0.0487654
0.0798909
-0.99561
-0.998278
-0.0345128
0.0474406
-0.0298921
0.99504
0.0948763
-0.0504797
0.0932948
-0.994358
-0.998328
-0.0377467
0.043782
-0.0329816
0.993939
0.104872
-0.0474752
0.103253
-0.993521
-0.998279
-0.0401209
0.0427596
-0.0353761
0.993687
0.106464
-0.0467611
0.104769
-0.993397
-0.99841
-0.0405723
0.0391336
-0.0359777
0.99309
0.111706
-0.0433954
0.110121
-0.99297
-0.998516
-0.0409477
0.0359173
-0.0361471
0.991447
0.125402
-0.040745
0.123918
-0.991456
-0.998666
-0.0402994
0.0322863
-0.0353906
0.989468
0.140357
-0.0376025
0.139027
-0.989574
-0.99884
-0.0359047
0.0320776
-0.030473
0.98726
0.156173
-0.0372763
0.155014
-0.987209
-0.998955
-0.0280765
0.0360583
-0.0214801
0.984898
0.1718
-0.0403373
0.170846
-0.984472
-0.998949
-0.0239142
0.0391017
-0.0160356
0.981532
0.190626
-0.0429382
0.189798
-0.980884
-0.999041
-0.021724
0.038002
-0.0131708
0.977111
0.212321
-0.0417446
0.211617
-0.976461
-0.999156
-0.0198064
0.0359757
-0.010926
0.972645
0.23204
-0.0395875
0.231451
-0.972041
-0.999289
-0.0174001
0.0334394
-0.00847567
0.96809
0.250461
-0.0367303
0.249999
-0.967549
-0.999396
-0.0143625
0.0316361
-0.00545321
0.964115
0.265431
-0.0343131
0.265098
-0.963611
-0.999431
-0.0135446
0.0309044
-0.00456198
0.961727
0.27397
-0.0334324
0.273673
-0.961242
-0.999469
-0.0138446
0.0295045
-0.0049555
0.959319
0.28228
-0.0322123
0.281984
-0.958878
-0.999445
-0.0125412
0.0308509
-0.00300244
0.956542
0.291578
-0.0331669
0.291324
-0.956049
-0.99945
-0.0124467
0.0307236
-0.00267301
0.954074
0.299559
-0.0330411
0.299313
-0.953583
-0.999474
-0.0134871
0.0295
-0.00379049
0.95179
0.306726
-0.0322147
0.306453
-0.951341
-0.999453
-0.0131002
0.0303739
-0.00286491
0.949067
0.315062
-0.0329542
0.314803
-0.948585
-0.99946
-0.0126414
0.0303272
-0.00214561
0.946163
0.323683
-0.0327863
0.323443
-0.945679
-0.99946
-0.0151666
0.0291497
-0.00474581
0.944433
0.32867
-0.0325147
0.328354
-0.943995
-0.999437
-0.020876
0.0262737
-0.0109941
0.943427
0.331399
-0.0317055
0.330923
-0.943125
-0.99941
-0.0298418
0.0170014
-0.0228515
0.947316
0.319483
-0.0256396
0.318906
-0.947439
-0.999208
-0.0363404
0.0161948
-0.0298626
0.954015
0.298267
-0.0262892
0.297547
-0.954345
-0.999063
-0.0386286
0.0195148
-0.0315123
0.958373
0.283776
-0.0296643
0.282895
-0.958692
-0.998888
-0.0429801
0.0193612
-0.0361896
0.962379
0.26929
-0.0302069
0.26829
-0.962864
-0.998495
-0.0515434
0.0187432
-0.0453097
0.96779
0.247646
-0.030904
0.246424
-0.968669
-0.998205
-0.0572294
0.0176333
-0.0515712
0.971195
0.232639
-0.0304392
0.231313
-0.972403
-0.998018
-0.0607039
0.0165905
-0.0554489
0.972933
0.224336
-0.0297595
0.222971
-0.974371
-0.997906
-0.0626019
0.0162832
-0.0575781
0.974377
0.217425
-0.0294772
0.216032
-0.975941
-0.997888
-0.0625837
0.0174063
-0.0574697
0.97546
0.212545
-0.030281
0.211096
-0.976996
-0.997956
-0.0610486
0.0188937
-0.0557789
0.976394
0.208669
-0.0311867
0.207189
-0.977804
-0.997989
-0.0605739
0.0186588
-0.0553806
0.976534
0.208119
-0.0308275
0.206667
-0.977926
-0.998039
-0.0598968
0.0181944
-0.0548084
0.976527
0.208304
-0.0302441
0.206898
-0.977895
-0.998142
-0.0583253
0.017648
-0.0533486
0.976357
0.209479
-0.0294487
0.208148
-0.977654
-0.99821
-0.0570596
0.0179292
-0.052016
0.976173
0.210668
-0.0295226
0.209358
-0.977393
-0.998283
-0.0558871
0.0175183
-0.0509282
0.976031
0.21159
-0.0289235
0.210335
-0.977201
-0.998344
-0.0546892
0.0178412
-0.049662
0.975897
0.212504
-0.0290329
0.211266
-0.976997
-0.998405
-0.0535367
0.0179162
-0.0484938
0.975766
0.213375
-0.0289054
0.212166
-0.976806
-0.998464
-0.0525007
0.0177038
-0.0475109
0.975699
0.213904
-0.0285037
0.212735
-0.976694
-0.998499
-0.0519819
0.0172276
-0.0471106
0.975758
0.21372
-0.0279196
0.212588
-0.976743
-0.998502
-0.0525927
0.0150938
-0.0482134
0.976132
0.211758
-0.0258705
0.210713
-0.977206
-0.998486
-0.0528025
0.0154323
-0.0484546
0.976984
0.207738
-0.0260462
0.206676
-0.978063
-0.998513
-0.0527266
0.0138357
-0.0487356
0.977182
0.206737
-0.0244205
0.205755
-0.978299
-0.998417
-0.0544913
0.013922
-0.0504593
0.977215
0.206166
-0.0248391
0.205137
-0.978418
-0.998425
-0.054879
0.0116179
-0.0512913
0.976985
0.207047
-0.0227131
0.206125
-0.978262
-0.998471
-0.054448
0.00959516
-0.0512675
0.976793
0.207957
-0.0206953
0.207147
-0.978091
-0.998284
-0.0581246
0.00714144
-0.0553857
0.976712
0.207285
-0.0190235
0.206533
-0.978255
-0.997857
-0.065428
0.00121021
-0.0638055
0.976886
0.204015
-0.0145305
0.203501
-0.978967
-0.997326
-0.0730696
0.000882797
-0.0714249
0.977288
0.199518
-0.0154414
0.198921
-0.979894
-0.996629
-0.0820403
-6.09035e-05
-0.0804859
0.977602
0.194463
-0.0158942
0.193812
-0.98091
-0.995776
-0.0918194
0.000101844
-0.0901597
0.977986
0.18819
-0.0173791
0.187386
-0.982133
-0.994702
-0.102801
0.00036973
-0.10104
0.978308
0.180843
-0.0189525
0.179847
-0.983512
-0.993306
-0.115513
-0.000905412
-0.113923
0.978272
0.173221
-0.0191235
0.172164
-0.984883
-0.991644
-0.12898
-0.00253118
-0.127648
0.978187
0.163876
-0.0186608
0.16283
-0.986478
-0.9898
-0.142361
-0.00542269
-0.141474
0.977721
0.155073
-0.0167746
0.154259
-0.987888
-0.987925
-0.154733
-0.00792906
-0.154185
0.976816
0.148516
-0.015235
0.147945
-0.988878
-0.986128
-0.165703
-0.00966585
-0.165354
0.975648
0.144113
-0.0144494
0.143712
-0.989514
-0.984118
-0.177077
-0.0124797
-0.17704
0.973902
0.142024
-0.0129952
0.141978
-0.989785
-0.982016
-0.188222
-0.0147072
-0.188411
0.972076
0.13989
-0.0120339
0.140146
-0.990058
-0.979298
-0.201639
-0.017835
-0.202167
0.969783
0.136563
-0.0102403
0.137342
-0.990471
-0.975859
-0.217286
-0.0220421
-0.21828
0.96699
0.131465
-0.00725112
0.133103
-0.991076
-0.972354
-0.232007
-0.0264719
-0.233482
0.964149
0.126107
-0.00373493
0.128802
-0.991663
-0.96898
-0.245409
-0.0291904
-0.247133
0.961352
0.121355
-0.00171938
0.124805
-0.99218
-0.965326
-0.25937
-0.02954
-0.26104
0.95825
0.116684
-0.00195774
0.120349
-0.99273
-0.961459
-0.273355
-0.0295595
-0.27494
0.954995
0.111326
-0.00220225
0.115162
-0.993344
-0.9574
-0.287157
-0.0304218
-0.288761
0.951568
0.105527
-0.00135454
0.109817
-0.993951
-0.953188
-0.30045
-0.0340991
-0.302372
0.94784
0.100846
0.00202129
0.106436
-0.994317
-0.948685
-0.31352
-0.0412423
-0.316132
0.943412
0.100173
0.00750225
0.108071
-0.994115
-0.944764
-0.324047
-0.0491465
-0.327425
0.939849
0.0973479
0.0146451
0.108063
-0.994036
-0.942099
-0.331523
-0.0504106
-0.334878
0.937964
0.0898847
0.0174845
0.101562
-0.994676
-0.940895
-0.335563
-0.0459755
-0.338321
0.937548
0.0808851
0.0159622
0.0916589
-0.995663
-0.940226
-0.336922
-0.0495776
-0.339991
0.937019
0.0800032
0.0195004
0.0920771
-0.995561
-0.942454
-0.331648
-0.0423182
-0.333946
0.939902
0.0711599
0.0161749
0.0811969
-0.996567
-0.944458
-0.32759
-0.0261574
-0.328581
0.942731
0.0573902
0.0058589
0.0627974
-0.998009
-0.946822
-0.3216
-0.0100357
-0.321707
0.945667
0.0470934
-0.00565486
0.0478176
-0.99884
-0.948768
-0.315966
0.00198051
-0.31563
0.948013
0.0405992
-0.0147055
0.0378941
-0.999174
-0.95061
-0.310207
0.0106044
-0.309647
0.950146
0.0366265
-0.0214375
0.0315339
-0.999273
-0.952606
-0.303637
0.0186304
-0.302902
0.952405
0.0342872
-0.0281546
0.0270189
-0.999238
-0.953796
-0.299333
0.0259494
-0.298539
0.95391
0.030498
-0.0338824
0.0213419
-0.999198
-0.954417
-0.297114
0.0284868
-0.296627
0.954782
0.0201163
-0.0331755
0.0107494
-0.999392
-0.955208
-0.294162
0.0323589
-0.294031
0.955755
0.00884203
-0.0335281
-0.00106853
-0.999437
-0.955827
-0.291451
0.0380804
-0.291555
0.95655
0.002939
-0.0372824
-0.00829334
-0.99927
-0.955916
-0.291259
0.0373238
-0.291406
0.956598
0.00154627
-0.0361542
-0.00939829
-0.999302
-0.954421
-0.296451
0.0346084
-0.296646
0.954987
-0.000547027
-0.0328884
-0.0107885
-0.999401
-0.953068
-0.301554
0.026963
-0.301638
0.953422
0.000978013
-0.0260021
-0.00720097
-0.999636
-0.952527
-0.304152
0.0135261
-0.304109
0.952623
0.00522933
-0.0144757
0.000867695
-0.999895
-0.951355
-0.308086
0.00268855
-0.308053
0.951329
0.00873432
-0.00524862
0.00748122
-0.999958
-0.95001
-0.312128
-0.00749518
-0.312201
0.949935
0.0123833
0.00325474
0.0141043
-0.999895
-0.948123
-0.317364
-0.0185092
-0.317664
0.94806
0.016503
0.0123104
0.0215265
-0.999692
-0.946144
-0.322553
-0.0277526
-0.323149
0.946126
0.0205195
0.0196388
0.0283827
-0.999404
-0.944401
-0.32702
-0.0341411
-0.327839
0.94448
0.0218895
0.0250872
0.0318653
-0.999177
-0.942524
-0.331619
-0.0409515
-0.332648
0.942809
0.0213714
0.0315222
0.0337655
-0.998933
-0.940545
-0.336438
-0.0467365
-0.337628
0.941062
0.0202261
0.0371772
0.0348031
-0.998702
-0.939526
-0.339031
-0.0484596
-0.340309
0.940081
0.0209096
0.038467
0.0361364
-0.998606
-0.938649
-0.34082
-0.0527211
-0.342468
0.93917
0.0259757
0.0406611
0.0424374
-0.998271
-0.937835
-0.342784
-0.0544436
-0.344805
0.938086
0.0332425
0.0396778
0.0499484
-0.997963
-0.936923
-0.344839
-0.0571067
-0.347343
0.936807
0.0417866
0.0390883
0.0589864
-0.997493
-0.936245
-0.346122
-0.0603692
-0.349244
0.935573
0.0522755
0.0383861
0.0700263
-0.996806
-0.934877
-0.349235
-0.0635688
-0.352769
0.933977
0.0569224
0.0394925
0.0756405
-0.996353
-0.934294
-0.350347
-0.0659716
-0.354049
0.933515
0.0565631
0.0417688
0.0762037
-0.996217
-0.933851
-0.351591
-0.0656261
-0.355129
0.933296
0.0533178
0.0425025
0.0730966
-0.996419
-0.933725
-0.35246
-0.0626854
-0.355546
0.93345
0.047515
0.0417666
0.0666536
-0.996902
-0.932531
-0.355307
-0.064367
-0.358344
0.93256
0.0438455
0.0444475
0.0639529
-0.996963
-0.930509
-0.359504
-0.0700653
-0.362838
0.930891
0.0423168
0.0500101
0.0647985
-0.996644
-0.929993
-0.360595
-0.0713051
-0.363906
0.930564
0.0402899
0.0518256
0.0634177
-0.996641
-0.930408
-0.360627
-0.0654927
-0.363354
0.930969
0.0356521
0.0481145
0.0569681
-0.997216
-0.931758
-0.358561
-0.0571044
-0.360566
0.932266
0.0295315
0.0426476
0.0481061
-0.997931
-0.932705
-0.356363
-0.0553863
-0.358227
0.93321
0.028138
0.0416597
0.0460853
-0.998068
-0.934379
-0.353181
-0.0468867
-0.354698
0.934527
0.0291374
0.0335261
0.043856
-0.998475
-0.936314
-0.34898
-0.0391003
-0.350191
0.936195
0.0300886
0.0261052
0.041865
-0.998782
-0.938452
-0.343992
-0.0312514
-0.344933
0.938063
0.03254
0.0181223
0.0413169
-0.998982
-0.939572
-0.341147
-0.0286987
-0.342048
0.938966
0.0366873
0.0144313
0.0442867
-0.998915
-0.939689
-0.340838
-0.0285417
-0.341758
0.938996
0.0385712
0.0136541
0.0459993
-0.998848
-0.939713
-0.340659
-0.0298329
-0.34167
0.938939
0.0406817
0.0141527
0.0484221
-0.998727
-0.93985
-0.340265
-0.0300321
-0.341285
0.939081
0.0406357
0.0143756
0.048441
-0.998723
-0.939828
-0.340243
-0.0309623
-0.341262
0.939212
0.0376881
0.016257
0.0459866
-0.99881
-0.939186
-0.341965
-0.0314474
-0.342978
0.93865
0.0360855
0.0171782
0.0446768
-0.998854
-0.938312
-0.344257
-0.0325296
-0.345321
0.937784
0.0362547
0.0180248
0.0452514
-0.998813
-0.937505
-0.346147
-0.0355906
-0.347379
0.936969
0.0376588
0.0203118
0.0476688
-0.998657
-0.937579
-0.345716
-0.0377696
-0.347115
0.936948
0.0404838
0.0213923
0.0510671
-0.998466
-0.938392
-0.343882
-0.0341377
-0.345177
0.937457
0.0450128
0.0165236
0.0540232
-0.998403
-0.938509
-0.343583
-0.0339295
-0.344934
0.937332
0.0492829
0.0148705
0.0579559
-0.998208
-0.938735
-0.343044
-0.033128
-0.344392
0.937359
0.0524546
0.0130586
0.0606499
-0.998074
-0.941366
-0.336563
-0.0235845
-0.337374
0.939665
0.0566423
0.00309786
0.0612779
-0.998116
-0.94374
-0.330573
-0.00877439
-0.330493
0.941932
0.0594813
-0.011398
0.0590348
-0.998191
-0.945148
-0.326628
0.00300937
-0.325813
0.943364
0.0625361
-0.023265
0.0581254
-0.998038
-0.946354
-0.322953
0.010742
-0.321603
0.944587
0.0657857
-0.0313925
0.0588019
-0.997776
-0.947369
-0.319706
0.0167656
-0.317946
0.945698
0.0675693
-0.0374575
0.0586825
-0.997574
-0.947786
-0.318237
0.0206434
-0.316183
0.946163
0.0693116
-0.0415895
0.0591655
-0.997381
-0.947895
-0.317849
0.0215901
-0.315714
0.946276
0.0699051
-0.0426495
0.0594464
-0.99732
-0.947745
-0.318299
0.021588
-0.316151
0.946109
0.0701909
-0.0427663
0.059698
-0.9973
-0.94761
-0.31876
0.0206644
-0.316607
0.945851
0.0715876
-0.0423647
0.0612946
-0.99722
-0.947839
-0.318211
0.0185301
-0.316057
0.945782
0.0748635
-0.0413478
0.065102
-0.997022
-0.948215
-0.317153
0.0174095
-0.314933
0.945876
0.0783278
-0.0413091
0.0687887
-0.996776
-0.948378
-0.316752
0.0157002
-0.31452
0.945739
0.0815734
-0.0406868
0.0724244
-0.996544
-0.948399
-0.316811
0.0130806
-0.314638
0.945403
0.0849507
-0.0392797
0.0764515
-0.996299
-0.948913
-0.315241
0.013715
-0.312956
0.945805
0.0866692
-0.0402934
0.0779494
-0.996143
-0.949703
-0.312787
0.0151436
-0.310359
0.946573
0.0876158
-0.0417396
0.078509
-0.996039
-0.949355
-0.313927
0.0132344
-0.311513
0.945885
0.0908865
-0.0410499
0.0821609
-0.995773
-0.94965
-0.313056
0.0126424
-0.310675
0.946115
0.0913629
-0.0405629
0.0828351
-0.995737
-0.950546
-0.31018
0.0158001
-0.307701
0.947423
0.0878036
-0.0422043
0.0785997
-0.996012
-0.951556
-0.306949
0.0179968
-0.304504
0.948861
0.0833048
-0.0426468
0.0737891
-0.996362
-0.952137
-0.304948
0.0210069
-0.302473
0.949864
0.079176
-0.0440982
0.0690324
-0.996639
-0.952059
-0.305194
0.0209845
-0.302723
0.94979
0.0791104
-0.0440749
0.0689652
-0.996645
-0.951598
-0.306645
0.0207432
-0.30418
0.949312
0.0792518
-0.0439939
0.0691062
-0.996639
-0.951465
-0.307211
0.0183282
-0.304765
0.948827
0.0827415
-0.0428094
0.0731398
-0.996402
-0.951837
-0.306102
0.0175672
-0.303529
0.948834
0.0870837
-0.0433249
0.0775573
-0.996046
-0.952243
-0.304857
0.0171894
-0.302198
0.949001
0.0898519
-0.0437048
0.0803663
-0.995807
-0.952439
-0.304286
0.0164567
-0.301626
0.949049
0.0912596
-0.0433872
0.0819554
-0.995691
-0.952565
-0.303883
0.0165791
-0.301215
0.949181
0.0912375
-0.0434621
0.0819157
-0.995691
-0.952684
-0.30358
0.0152436
-0.300991
0.949178
0.0920037
-0.0423994
0.0830623
-0.995642
-0.952864
-0.303156
0.0121298
-0.30075
0.949061
0.0939866
-0.0400046
0.0859084
-0.9955
-0.953084
-0.302468
0.011976
-0.300012
0.949131
0.0956232
-0.0402897
0.087544
-0.995346
-0.953269
-0.301902
0.0115909
-0.299413
0.949146
0.0973311
-0.0403859
0.0893121
-0.995185
-0.953365
-0.30162
0.0109977
-0.299134
0.949102
0.0986071
-0.0401798
0.0907187
-0.995066
-0.953256
-0.30203
0.00899791
-0.299669
0.948785
0.10003
-0.0387492
0.092658
-0.994944
-0.952818
-0.303431
0.00819829
-0.301116
0.948267
0.100594
-0.0382975
0.093379
-0.994894
-0.952227
-0.305232
0.00988473
-0.303028
0.948378
0.093561
-0.0379323
0.086096
-0.995564
-0.951397
-0.307636
0.0142554
-0.305575
0.948754
0.080559
-0.0383077
0.0722875
-0.996648
-0.949882
-0.312079
0.0181689
-0.310251
0.94825
0.0675725
-0.0383166
0.058549
-0.997549
-0.948579
-0.315719
0.0227754
-0.314061
0.9477
0.0568404
-0.0395298
0.0467647
-0.998123
-0.948306
-0.3159
0.0303644
-0.314302
0.948114
0.0479001
-0.0439206
0.0358804
-0.99839
-0.947707
-0.316802
0.0385709
-0.315337
0.948151
0.0396505
-0.0491324
0.0254142
-0.998469
-0.947557
-0.316306
0.0456773
-0.314881
0.948457
0.0357787
-0.05464
0.0195195
-0.998315
-0.947321
-0.315554
0.0548491
-0.314099
0.948795
0.0336067
-0.0626453
0.0146083
-0.997929
-0.947327
-0.313364
0.0661434
-0.311916
0.949589
0.0314593
-0.0726672
0.00917107
-0.997314
-0.947523
-0.310306
0.0768736
-0.308703
0.950612
0.0322337
-0.0830793
0.00681112
-0.99652
-0.947461
-0.307749
0.0872259
-0.306009
0.951457
0.032994
-0.0931456
0.00456855
-0.995642
-0.947168
-0.305351
0.0981482
-0.303691
0.95224
0.0318044
-0.103172
0.0003174
-0.994663
-0.947319
-0.300873
0.109824
-0.299136
0.953662
0.0323632
-0.114472
-0.00219413
-0.993424
-0.947333
-0.296719
0.120491
-0.295229
0.954941
0.0304489
-0.124097
-0.00672711
-0.992247
-0.947091
-0.292906
0.131246
-0.292328
0.956015
0.0240884
-0.132529
-0.015553
-0.991057
-0.946853
-0.288973
0.141297
-0.289965
0.956935
0.013973
-0.13925
-0.0277408
-0.989869
-0.94684
-0.285671
0.147939
-0.287617
0.957707
0.00853102
-0.14412
-0.0344724
-0.98896
-0.946832
-0.28413
0.150925
-0.286804
0.95798
0.00421018
-0.14578
-0.0392997
-0.988536
-0.946376
-0.284834
0.152451
-0.288777
0.957388
-0.00390339
-0.144843
-0.0477184
-0.988303
-0.945653
-0.288122
0.150749
-0.293765
0.955742
-0.0161158
-0.139434
-0.0595247
-0.988441
-0.944529
-0.293556
0.147271
-0.300737
0.953278
-0.0286181
-0.131989
-0.0713206
-0.988682
-0.943795
-0.29771
0.143596
-0.305992
0.951235
-0.0390078
-0.12498
-0.0807545
-0.988867
-0.943337
-0.298023
0.145934
-0.307707
0.950245
-0.0484924
-0.124222
-0.0906497
-0.988105
-0.943306
-0.298219
0.145734
-0.308114
0.950018
-0.0503145
-0.123445
-0.0923647
-0.988044
-0.94253
-0.301935
0.143086
-0.311718
0.948792
-0.0512313
-0.12029
-0.0928895
-0.988383
-0.942662
-0.30178
0.142536
-0.311545
0.948835
-0.0515071
-0.1197
-0.0929602
-0.988448
-0.942895
-0.30121
0.142201
-0.310908
0.949057
-0.0512534
-0.119519
-0.092538
-0.98851
-0.942938
-0.301049
0.142256
-0.310771
0.949093
-0.0514131
-0.119536
-0.0926883
-0.988494
-0.942958
-0.301119
0.141974
-0.310811
0.949082
-0.0513834
-0.119272
-0.0925795
-0.988536
-0.943315
-0.300621
0.140655
-0.310105
0.949349
-0.0507063
-0.118287
-0.0914498
-0.988759
-0.943274
-0.300913
0.140307
-0.310179
0.949408
-0.0491377
-0.118422
-0.0898705
-0.988888
-0.943301
-0.300737
0.140498
-0.309976
0.949493
-0.048772
-0.118734
-0.0895577
-0.988879
-0.943477
-0.300241
0.140378
-0.309339
0.949754
-0.0477191
-0.118997
-0.0884461
-0.988947
-0.943709
-0.299758
0.139855
-0.309019
0.949766
-0.0495099
-0.117988
-0.0899407
-0.988933
-0.943486
-0.302271
0.13589
-0.311599
0.948729
-0.0531019
-0.112872
-0.0924442
-0.9893
-0.94356
-0.305469
0.127995
-0.314371
0.947656
-0.055851
-0.104235
-0.0929368
-0.990201
-0.943815
-0.306984
0.122369
-0.315453
0.947244
-0.0567235
-0.0985002
-0.0921382
-0.990862
-0.944656
-0.306489
0.117006
-0.314275
0.947752
-0.0547502
-0.094112
-0.088492
-0.991621
-0.946549
-0.303151
0.110202
-0.310018
0.949346
-0.0512861
-0.0890722
-0.0827093
-0.992585
-0.946847
-0.303386
0.106947
-0.309655
0.949661
-0.0475166
-0.0871476
-0.0781076
-0.993129
-0.947063
-0.303939
0.103402
-0.309744
0.94974
-0.045303
-0.084436
-0.0749331
-0.993607
-0.94721
-0.306114
0.0953218
-0.311385
0.949166
-0.0460896
-0.0763675
-0.0733382
-0.994379
-0.94667
-0.31013
0.0873806
-0.314801
0.948058
-0.0456838
-0.0686739
-0.070755
-0.995127
-0.946674
-0.312303
0.0792185
-0.316249
0.947696
-0.0431229
-0.0616076
-0.0658761
-0.995924
-0.946682
-0.314468
0.0700164
-0.317603
0.947417
-0.0390921
-0.0540416
-0.0592452
-0.99678
-0.946753
-0.314899
0.0670681
-0.317799
0.9474
-0.0378978
-0.0516064
-0.057194
-0.997028
-0.948096
-0.311017
0.0661938
-0.314193
0.948318
-0.0444537
-0.0489469
-0.062944
-0.996816
-0.948027
-0.310073
0.0714112
-0.314168
0.947735
-0.0556401
-0.0504265
-0.0751835
-0.995894
-0.947879
-0.310625
0.0709713
-0.314796
0.947396
-0.0578266
-0.0492756
-0.0771541
-0.995801
-0.948042
-0.310437
0.0696149
-0.314439
0.947595
-0.0564981
-0.0484277
-0.0754522
-0.995973
-0.948401
-0.309633
0.0682858
-0.313161
0.948446
-0.0487925
-0.0496576
-0.0676593
-0.996472
-0.948845
-0.308575
0.0668858
-0.311551
0.949402
-0.0396375
-0.0512704
-0.0584481
-0.996973
-0.949166
-0.307942
0.0652278
-0.310369
0.950116
-0.0308213
-0.0524828
-0.0494992
-0.997394
-0.949423
-0.307606
0.063043
-0.309477
0.950647
-0.0222066
-0.0531008
-0.0405938
-0.997764
-0.949898
-0.306484
0.0613271
-0.307987
0.951247
-0.0165346
-0.0532696
-0.0345941
-0.997981
-0.950343
-0.305154
0.0610683
-0.306398
0.951829
-0.0119305
-0.0544859
-0.0300493
-0.998062
-0.951
-0.303166
0.0607352
-0.304119
0.952609
-0.00688565
-0.0557694
-0.025019
-0.99813
-0.951289
-0.302088
0.0615718
-0.30299
0.952977
-0.00565723
-0.0569676
-0.0240373
-0.998087
-0.951376
-0.301975
0.060788
-0.30283
0.95303
-0.00516697
-0.0563725
-0.0233242
-0.998137
-0.951045
-0.303042
0.0606512
-0.303889
0.952694
-0.00503953
-0.0562549
-0.0232241
-0.998146
-0.951151
-0.302913
0.0596251
-0.303815
0.952709
-0.00647714
-0.0548434
-0.0242758
-0.9982
-0.951847
-0.300901
0.0587071
-0.301802
0.953346
-0.00691397
-0.0538878
-0.0242989
-0.998251
-0.952951
-0.298072
0.0551105
-0.298803
0.9543
-0.00536403
-0.0509931
-0.0215789
-0.998466
-0.953528
-0.296415
0.0540644
-0.297096
0.954835
-0.00484508
-0.0501864
-0.0206822
-0.998526
-0.953819
-0.295764
0.0524688
-0.296356
0.95507
-0.00370218
-0.0490164
-0.0190806
-0.998616
-0.953892
-0.295579
0.0521838
-0.2961
0.955154
-0.00237938
-0.0491402
-0.0177213
-0.998635
-0.95393
-0.295398
0.0525051
-0.295909
0.955214
-0.00206881
-0.0495425
-0.0175102
-0.998619
-0.953816
-0.296038
0.0509532
-0.296387
0.955068
0.000736039
-0.0488817
-0.0143998
-0.998701
-0.953959
-0.295913
0.048966
-0.296167
0.955134
0.0021654
-0.0474099
-0.0124364
-0.998798
-0.955317
-0.292145
0.0449628
-0.292159
0.956348
0.00641452
-0.0448741
-0.00700837
-0.998968
-0.958507
-0.281912
0.0423021
-0.281629
0.95944
0.0126178
-0.0441434
0.000180712
-0.999025
-0.961962
-0.269954
0.0418837
-0.269429
0.962856
0.0178057
-0.0451346
0.00584375
-0.998964
-0.965082
-0.259537
0.0354503
-0.258779
0.965623
0.0245912
-0.0406139
0.0145587
-0.999069
-0.968335
-0.248158
0.0272788
-0.247287
0.968422
0.0317357
-0.0342929
0.0239851
-0.999124
-0.972005
-0.233894
0.0223512
-0.232973
0.97176
0.0375003
-0.0304911
0.0312433
-0.999047
-0.97514
-0.220918
0.0172574
-0.219991
0.974501
0.0441693
-0.0265751
0.0392747
-0.998875
-0.977378
-0.211324
0.00859943
-0.210616
0.976206
0.0516116
-0.0193016
0.0486329
-0.99863
-0.978694
-0.20524
-0.00591982
-0.205223
0.976884
0.0598412
-0.00649883
0.0597811
-0.99819
-0.98084
-0.194168
-0.015854
-0.194797
0.978597
0.0663486
0.00263186
0.0681656
-0.997671
-0.983867
-0.178413
-0.0132115
-0.1789
0.981471
0.068631
0.000722014
0.0698873
-0.997555
-0.985853
-0.167506
-0.00595923
-0.167502
0.983296
0.0712209
-0.00607026
0.0712115
-0.997443
-0.987114
-0.159837
-0.00761506
-0.159959
0.984325
0.0742738
-0.00437603
0.0745348
-0.997209
-0.988152
-0.152949
-0.0127589
-0.153478
0.985153
0.076929
0.000803316
0.0779758
-0.996955
-0.98923
-0.145418
-0.0166427
-0.1463
0.985806
0.0823608
0.0044297
0.0839086
-0.996464
-0.990287
-0.137428
-0.0211151
-0.138768
0.986388
0.08822
0.00870373
0.0902932
-0.995877
-0.991233
-0.129589
-0.025769
-0.131457
0.986877
0.0937706
0.0132792
0.096336
-0.99526
-0.992095
-0.121932
-0.0296765
-0.124301
0.98731
0.0988348
0.0172488
0.101742
-0.994661
-0.992918
-0.11422
-0.0326679
-0.117091
0.987382
0.106612
0.0200785
0.109682
-0.993764
-0.99368
-0.106465
-0.0355762
-0.109922
0.987131
0.116141
0.0227534
0.119317
-0.992595
-0.994436
-0.0984492
-0.0374785
-0.102405
0.986884
0.124794
0.0247011
0.127938
-0.991475
-0.995315
-0.0897681
-0.0359219
-0.0937418
0.986935
0.131044
0.023689
0.133798
-0.990725
-0.996567
-0.0764966
-0.0316582
-0.0801293
0.98739
0.136528
0.0208151
0.138596
-0.99013
-0.997769
-0.0597701
-0.0297483
-0.0634211
0.987748
0.142587
0.0208614
0.144156
-0.989335
-0.99857
-0.0425379
-0.0323915
-0.0468629
0.987993
0.147223
0.02574
0.14853
-0.988573
-0.999119
-0.0247522
-0.0338758
-0.0295114
0.988531
0.148104
0.0298214
0.148974
-0.988391
-0.999278
-0.0110489
-0.0363403
-0.016303
0.988908
0.14763
0.034306
0.148116
-0.988375
-0.998888
-0.00615052
-0.0467479
-0.0130796
0.988691
0.149399
0.0453003
0.149844
-0.987671
-0.99824
-4.15186e-05
-0.0593108
-0.00917495
0.98807
0.153729
0.0585969
0.154002
-0.986331
-0.998118
0.00513526
-0.0611111
-0.00437523
0.987986
0.154482
0.0611702
0.154458
-0.986104
-0.998156
0.00862536
-0.0600853
-0.000723405
0.988092
0.15386
0.0606969
0.15362
-0.986264
-0.998211
0.0153637
-0.0577875
0.00639451
0.988313
0.152301
0.0594521
0.151659
-0.986643
-0.99825
0.0162977
-0.0568377
0.00745045
0.988272
0.152524
0.0586568
0.151834
-0.986664
-0.998227
0.0140673
-0.0578334
0.00499538
0.988042
0.154107
0.0593097
0.153545
-0.98636
-0.997672
0.0112247
-0.0672701
0.00037463
0.98725
0.159176
0.0681991
0.15878
-0.984956
-0.997313
0.0189108
-0.0707817
0.00712283
0.986564
0.163221
0.0729173
0.162278
-0.984047
-0.997018
0.0319721
-0.0702353
0.0198357
0.985733
0.167143
0.0745772
0.165252
-0.983428
-0.996487
0.0360473
-0.0755916
0.0223885
0.984436
0.174311
0.0806985
0.172006
-0.981785
-0.995961
0.0368294
-0.0818817
0.0215663
0.983428
0.180014
0.0871545
0.177521
-0.98025
-0.995765
0.0425119
-0.0815177
0.0272002
0.983202
0.180485
0.0878211
0.177503
-0.980194
-0.995822
0.0510238
-0.0757247
0.036804
0.983247
0.178525
0.0835651
0.174992
-0.981017
-0.995976
0.0542218
-0.0713578
0.0413759
0.984478
0.17056
0.0794983
0.166922
-0.98276
-0.996025
0.0565404
-0.0688304
0.0447628
0.985774
0.162009
0.0770113
0.158284
-0.984386
-0.995983
0.0591665
-0.067203
0.04817
0.986762
0.154855
0.0754756
0.150996
-0.985649
-0.995853
0.0606291
-0.0678362
0.0499586
0.987541
0.149219
0.0760381
0.145211
-0.986475
-0.995713
0.0615676
-0.0690249
0.0511734
0.988345
0.14337
0.0770474
0.139223
-0.987259
-0.995591
0.0631195
-0.0693857
0.05315
0.989122
0.137163
0.0772886
0.13287
-0.988115
-0.995407
0.0654496
-0.0698726
0.0558524
0.989752
0.131424
0.0777582
0.126918
-0.988861
-0.995212
0.0656916
-0.0723664
0.0563065
0.990576
0.124858
0.0798865
0.120186
-0.989532
-0.995049
0.0646577
-0.075473
0.0557864
0.991885
0.114249
0.0822476
0.109473
-0.990581
-0.994961
0.0622081
-0.0786313
0.0539032
0.993152
0.103654
0.0845409
0.0988936
-0.9915
-0.995156
0.0578423
-0.0794931
0.0502235
0.994237
0.0947095
0.0845132
0.0902583
-0.992326
-0.995539
0.0522971
-0.0785305
0.0454304
0.995188
0.0868156
0.0826928
0.0828606
-0.993124
-0.995799
0.0457775
-0.0793053
0.0393684
0.995971
0.080576
0.0826744
0.0771154
-0.993589
-0.995811
0.0391786
-0.0826128
0.032982
0.996632
0.0750829
0.0852762
0.0720437
-0.993749
-0.995898
0.0327886
-0.0843356
0.0269464
0.997218
0.0695023
0.0863798
0.0669446
-0.994011
-0.99613
0.0262931
-0.0838722
0.0209701
0.997747
0.0637271
0.0853588
0.0617216
-0.994437
-0.996249
0.0178993
-0.0846629
0.0129618
0.998202
0.0585146
0.0855581
0.0571977
-0.99469
-0.99629
0.00711894
-0.0857654
0.00229306
0.998415
0.056236
0.0860297
0.0558307
-0.994727
-0.996323
-0.0032612
-0.0856101
-0.00807314
0.998403
0.0559217
0.085291
0.0564073
-0.994758
-0.996433
-0.00520418
-0.0842253
-0.0100534
0.998309
0.0572532
0.0837849
0.0578958
-0.994801
-0.996664
0.00360626
-0.0815361
-0.00142038
0.998106
0.0615074
0.0816034
0.0614181
-0.994771
-0.997021
0.0168266
-0.0752756
0.0118964
0.997784
0.0654715
0.0762104
0.064381
-0.995011
-0.997526
0.0293981
-0.0638609
0.0247975
0.99712
0.0716757
0.0657841
0.0699148
-0.995382
-0.997834
0.0423741
-0.0503115
0.0379711
0.995618
0.0854587
0.0537123
0.0833633
-0.995071
-0.997852
0.0540134
-0.037063
0.0498673
0.993232
0.104894
0.0424778
0.10282
-0.993793
-0.99745
0.0664188
-0.0261011
0.0626013
0.989951
0.126799
0.0342606
0.124842
-0.991585
-0.996605
0.0800347
-0.0192957
0.0763039
0.985959
0.148535
0.0309127
0.146558
-0.988719
-0.995384
0.0937452
-0.0205366
0.088879
0.981219
0.171199
0.0362
0.168583
-0.985022
-0.99388
0.107739
-0.0243722
0.101136
0.976278
0.191449
0.0444205
0.187812
-0.9812
-0.992246
0.121904
-0.0242407
0.114153
0.970963
0.210236
0.0491655
0.205839
-0.97735
-0.990533
0.135591
-0.0214498
0.127076
0.964768
0.23038
0.0519317
0.225473
-0.972864
-0.988583
0.14957
-0.0182119
0.140286
0.95778
0.250953
0.054978
0.245533
-0.967828
-0.98651
0.163157
-0.0133104
0.153641
0.950893
0.268696
0.0564963
0.263026
-0.963133
-0.984655
0.174129
-0.0115292
0.163733
0.944686
0.284184
0.060376
0.277935
-0.958701
-0.982771
0.184613
-0.00895083
0.173704
0.939077
0.296581
0.0631583
0.289917
-0.954966
-0.980971
0.194053
-0.00631255
0.182859
0.934331
0.305922
0.0652633
0.298947
-0.952036
-0.979173
0.203012
-0.00272889
0.19205
0.930496
0.311919
0.0658625
0.304899
-0.950105
-0.977409
0.211357
0.000200952
0.20051
0.926948
0.317117
0.0668385
0.309993
-0.948386
-0.976284
0.216473
0.0029351
0.205958
0.924515
0.320707
0.0667107
0.313706
-0.947174
-0.9763
0.216418
0.0013132
0.205237
0.923902
0.322928
0.0686742
0.315544
-0.946423
-0.976649
0.214842
0.000155554
0.203321
0.924041
0.323741
0.0694093
0.316212
-0.946146
-0.976425
0.215857
-0.000390867
0.204041
0.923564
0.32465
0.070439
0.316916
-0.945834
-0.974991
0.222211
0.00385399
0.211523
0.922492
0.322904
0.0681976
0.315643
-0.946424
-0.975037
0.221846
0.00929858
0.213067
0.923028
0.320347
0.0624846
0.314331
-0.947255
-0.975098
0.221452
0.0119809
0.213519
0.922821
0.320643
0.0599506
0.315216
-0.947124
-0.975245
0.220393
0.0180135
0.214625
0.923809
0.317037
0.0532316
0.313055
-0.948242
-0.975853
0.21767
0.0181751
0.212423
0.926359
0.311022
0.0508637
0.307373
-0.950229
-0.976752
0.213672
0.0172975
0.208524
0.928293
0.30788
0.0497282
0.304329
-0.951268
-0.978483
0.206091
0.0098674
0.199427
0.932418
0.301373
0.0529095
0.296856
-0.953455
-0.979195
0.202893
0.00340281
0.195247
0.937461
0.288177
0.0552792
0.282846
-0.957571
-0.97953
0.201268
0.00353428
0.19461
0.942346
0.272233
0.0514612
0.267348
-0.962225
-0.980495
0.196542
-0.000832468
0.189553
0.94673
0.260329
0.0519538
0.255094
-0.96552
-0.981078
0.193524
-0.00580816
0.185836
0.949671
0.252169
0.0543167
0.246319
-0.967666
-0.981413
0.191851
-0.00461699
0.184942
0.951948
0.244114
0.0512285
0.238723
-0.969736
-0.982234
0.187588
-0.00523155
0.181009
0.954407
0.237368
0.0495203
0.232203
-0.971406
-0.983238
0.182192
-0.00700283
0.175628
0.956731
0.231992
0.0489669
0.226874
-0.972692
-0.984444
0.175332
-0.011304
0.168329
0.959648
0.225259
0.0503429
0.219852
-0.974233
-0.985755
0.167434
-0.0159234
0.160298
0.963945
0.2124
0.0509122
0.206822
-0.977053
-0.98629
0.16356
-0.0218969
0.156258
0.96833
0.194731
0.0530536
0.18864
-0.980612
-0.986802
0.159374
-0.0286582
0.152069
0.972895
0.174216
0.0556469
0.167558
-0.98429
-0.987343
0.154999
-0.0336095
0.147936
0.976428
0.157172
0.0571788
0.15021
-0.986999
-0.988378
0.146985
-0.0387855
0.140186
0.979976
0.141402
0.0587928
0.134321
-0.989192
-0.989529
0.137896
-0.0426223
0.131546
0.983162
0.126837
0.059395
0.119902
-0.991007
-0.990449
0.129686
-0.0468313
0.123536
0.985496
0.116351
0.061241
0.109454
-0.992104
-0.991269
0.122866
-0.0478593
0.117293
0.987461
0.105653
0.0602403
0.0991169
-0.993251
-0.992041
0.11625
-0.0483723
0.111245
0.989169
0.0957531
0.0589797
0.0896099
-0.994229
-0.992564
0.11174
-0.0482778
0.107289
0.990448
0.0866168
0.0574952
0.0807931
-0.995071
-0.992967
0.107317
-0.0500047
0.102976
0.991254
0.0825276
0.0584239
0.0767978
-0.995333
-0.992947
0.104744
-0.05554
0.100026
0.991614
0.0818307
0.0636455
0.0756981
-0.995098
-0.992601
0.102545
-0.065016
0.0975361
0.992323
0.0760361
0.072314
0.0691321
-0.994983
-0.992798
0.0992178
-0.0671453
0.0954256
0.993774
0.0575119
0.0724335
0.0506903
-0.996084
-0.993014
0.0973142
-0.0667286
0.0954742
0.994973
0.0302382
0.0693357
0.0236561
-0.997313
-0.993158
0.0964176
-0.0658925
0.0959771
0.995335
0.00982462
0.0665324
0.00343322
-0.997778
-0.993279
0.0946456
-0.0666237
0.0954227
0.9954
-0.00857248
0.0655059
-0.0148723
-0.997741
-0.993175
0.0921639
-0.071484
0.0943985
0.995126
-0.0285315
0.068506
-0.0350847
-0.997034
-0.993244
0.0885762
-0.0749666
0.0925294
0.994403
-0.0510081
0.0700289
-0.0576001
-0.995881
-0.993531
0.0845404
-0.0758196
0.0902742
0.993037
-0.0756857
0.0688931
-0.0820407
-0.994245
-0.993778
0.0802367
-0.0772514
0.0876601
0.991313
-0.0980567
0.0687125
-0.104218
-0.992178
-0.993823
0.0774514
-0.0794757
0.0863519
0.989551
-0.115462
0.0697025
-0.121612
-0.990127
-0.993826
0.074703
-0.0820325
0.0849371
0.987957
-0.129332
0.0713831
-0.135501
-0.988202
-0.993851
0.0744291
-0.0819768
0.0856077
0.986073
-0.142586
0.0702225
-0.148727
-0.986382
-0.994062
0.0757902
-0.078082
0.0871412
0.984209
-0.154072
0.0651719
-0.159961
-0.98497
-0.994454
0.0759036
-0.0727984
0.0869586
0.98275
-0.163218
0.0591538
-0.168643
-0.983901
-0.994897
0.0769786
-0.0652181
0.0874424
0.980357
-0.176786
0.0503283
-0.181587
-0.982086
-0.995038
0.0796081
-0.0596883
0.0898049
0.976828
-0.194272
0.0428396
-0.198668
-0.97913
-0.995093
0.0832225
-0.0535175
0.0927947
0.972667
-0.212857
0.0343402
-0.216779
-0.975617
-0.995031
0.0887263
-0.045174
0.0967568
0.968699
-0.228603
0.023477
-0.231838
-0.972471
-0.994836
0.0935491
-0.0393635
0.100308
0.965361
-0.240866
0.0154672
-0.243571
-0.96976
-0.994523
0.0979943
-0.0363395
0.104036
0.961449
-0.254543
0.00999481
-0.25693
-0.966378
-0.994281
0.101409
-0.0335023
0.106692
0.95722
-0.268975
0.00479258
-0.271011
-0.962564
-0.993904
0.106171
-0.0296955
0.110236
0.95353
-0.280408
-0.00145552
-0.281972
-0.959421
-0.993535
0.11133
-0.0222267
0.112952
0.949695
-0.292097
-0.0114106
-0.292719
-0.95613
-0.992999
0.117059
-0.0157983
0.116332
0.946002
-0.302567
-0.0204728
-0.302287
-0.952997
-0.992223
0.124075
-0.00994039
0.121197
0.944832
-0.304307
-0.0283648
-0.303145
-0.952522
-0.991945
0.12666
-0.00156631
0.12116
0.945114
-0.303445
-0.0369541
-0.301191
-0.952848
-0.991507
0.130033
0.00244487
0.123209
0.945159
-0.302481
-0.0416433
-0.29961
-0.953152
-0.991041
0.13335
0.00747222
0.124645
0.943547
-0.30689
-0.0479742
-0.30321
-0.951716
-0.990618
0.13611
0.0122744
0.125555
0.941897
-0.311555
-0.053967
-0.307091
-0.950149
-0.990657
0.135726
0.0133187
0.12485
0.941879
-0.311892
-0.0548764
-0.307315
-0.950024
-0.991224
0.131561
0.0128994
0.121033
0.942457
-0.311651
-0.0531584
-0.307355
-0.950109
-0.991333
0.130748
0.0128276
0.120377
0.94311
-0.309924
-0.0526197
-0.305694
-0.950675
-0.99082
0.13441
0.0144598
0.123215
0.941905
-0.312462
-0.0556179
-0.307812
-0.94982
-0.990308
0.13764
0.018592
0.124573
0.939427
-0.319309
-0.0614155
-0.313898
-0.947468
-0.990935
0.133181
0.0176053
0.120657
0.939956
-0.319256
-0.0590668
-0.314238
-0.947505
-0.991158
0.132045
0.0130694
0.12101
0.939925
-0.319213
-0.0544347
-0.314809
-0.947593
-0.99085
0.134367
0.0127373
0.123316
0.939618
-0.319236
-0.054863
-0.314744
-0.94759
-0.989841
0.141507
0.0138251
0.129963
0.939928
-0.315667
-0.0576636
-0.310663
-0.948769
-0.988811
0.148798
0.0105608
0.138569
0.942437
-0.304321
-0.0552352
-0.299452
-0.952511
-0.987815
0.155601
0.00311674
0.148296
0.947136
-0.284502
-0.0472208
-0.280573
-0.95867
-0.98677
0.161953
-0.00756273
0.158373
0.952878
-0.258731
-0.0346959
-0.256506
-0.96592
-0.985753
0.167202
-0.0182872
0.166856
0.958369
-0.231707
-0.0212161
-0.231457
-0.972614
-0.984601
0.172483
-0.0284576
0.17462
0.962694
-0.20671
-0.00825812
-0.208496
-0.977988
-0.983627
0.176222
-0.0377436
0.180183
0.965826
-0.186318
0.0036203
-0.190068
-0.981764
-0.982171
0.183267
-0.0418624
0.187795
0.966591
-0.174454
0.00849215
-0.179205
-0.983775
-0.981528
0.18699
-0.0404559
0.191204
0.966024
-0.17389
0.00656562
-0.178413
-0.983934
-0.982294
0.182192
-0.0436423
0.187013
0.967467
-0.170394
0.011178
-0.175538
-0.984409
-0.983211
0.175313
-0.0506184
0.181317
0.969827
-0.162971
0.0205202
-0.169413
-0.985332
-0.983761
0.171263
-0.0536908
0.177799
0.970779
-0.161172
0.0245192
-0.168101
-0.985465
-0.984603
0.165059
-0.0575541
0.17226
0.972146
-0.158929
0.0297185
-0.166396
-0.985611
-0.98565
0.157229
-0.0614267
0.165106
0.973706
-0.156961
0.0351326
-0.16485
-0.985693
-0.986448
0.15103
-0.0641036
0.159377
0.974854
-0.155755
0.0389679
-0.163861
-0.985714
-0.986752
0.146426
-0.0698501
0.155645
0.975894
-0.152988
0.0457649
-0.161833
-0.985756
-0.986875
0.142957
-0.0751034
0.152799
0.97713
-0.147884
0.0522447
-0.157419
-0.986149
-0.986889
0.141742
-0.0771954
0.151882
0.977397
-0.147058
0.0546063
-0.156854
-0.986111
-0.986693
0.141166
-0.080676
0.151808
0.977543
-0.146165
0.0582307
-0.156467
-0.985965
-0.985741
0.140021
-0.0933174
0.151412
0.980031
-0.128891
0.0734066
-0.141182
-0.987258
-0.984291
0.138748
-0.109184
0.150526
0.982662
-0.108248
0.0922715
-0.122983
-0.98811
-0.982699
0.134405
-0.127426
0.147266
0.984277
-0.0975214
0.112315
-0.1146
-0.987042
-0.979729
0.128629
-0.153579
0.14439
0.984826
-0.0962744
0.138865
-0.116498
-0.983435
-0.97561
0.122734
-0.181996
0.141728
0.98531
-0.0952784
0.167628
-0.118748
-0.978672
-0.971023
0.115827
-0.209043
0.137794
0.986016
-0.0937303
0.195263
-0.119819
-0.973404
-0.966784
0.107527
-0.231876
0.131833
0.986996
-0.091969
0.218972
-0.119483
-0.968388
-0.962078
0.100546
-0.253567
0.127056
0.987768
-0.0903975
0.241376
-0.119187
-0.963085
-0.957398
0.0944792
-0.272878
0.123067
0.988347
-0.0895853
0.261234
-0.119351
-0.957869
-0.952021
0.0884661
-0.292966
0.119193
0.9889
-0.0887142
0.281866
-0.119377
-0.951998
-0.946704
0.0838136
-0.311008
0.116493
0.989285
-0.0879995
0.300301
-0.11954
-0.946324
-0.944266
0.0858212
-0.317798
0.118858
0.989177
-0.0860335
0.306975
-0.119011
-0.944247
-0.945234
0.0880483
-0.314294
0.120248
0.989138
-0.0845414
0.303436
-0.117705
-0.945554
-0.946774
0.0859829
-0.310202
0.11735
0.989542
-0.0838831
0.299746
-0.115821
-0.946963
-0.947482
0.0831145
-0.30882
0.113816
0.990051
-0.0827382
0.298871
-0.113542
-0.947515
-0.947956
0.0790859
-0.308422
0.109039
0.990724
-0.0810969
0.299148
-0.110506
-0.947786
-0.948202
0.0770657
-0.308178
0.106351
0.991156
-0.0793647
0.299336
-0.108029
-0.948012
-0.948089
0.0741418
-0.309242
0.102544
0.991775
-0.0766017
0.301019
-0.104336
-0.947893
-0.948607
0.0743397
-0.3076
0.101471
0.992146
-0.0731493
0.299746
-0.100603
-0.9487
-0.951492
0.0832213
-0.296206
0.108434
0.991657
-0.0697056
0.287933
-0.0984431
-0.952577
-0.954808
0.0882351
-0.283826
0.111114
0.991646
-0.0655144
0.275674
-0.0940907
-0.956635
-0.958764
0.0931807
-0.268495
0.113474
0.991664
-0.0610459
0.260569
-0.0889957
-0.961345
-0.96325
0.0965956
-0.250639
0.114456
0.991754
-0.0576544
0.243003
-0.0842226
-0.966362
-0.968358
0.100321
-0.228512
0.115691
0.99177
-0.0548508
0.221129
-0.079552
-0.971995
-0.973152
0.103669
-0.205494
0.116344
0.991921
-0.050558
0.198592
-0.0731086
-0.977352
-0.977285
0.105221
-0.183963
0.115345
0.992297
-0.0451984
0.17779
-0.065391
-0.981894
-0.980899
0.108235
-0.161622
0.115449
0.992664
-0.0359045
0.156551
-0.0538778
-0.986199
-0.983987
0.110237
-0.140061
0.114653
0.99312
-0.0238351
0.13647
-0.0395118
-0.989856
-0.986562
0.111541
-0.119388
0.11375
0.993439
-0.0118281
0.117286
-0.0252496
-0.992777
-0.988919
0.113171
-0.096083
0.113997
0.993476
-0.00312552
0.0951025
-0.014044
-0.995368
-0.990886
0.114077
-0.0716345
0.11409
0.993463
0.00393217
0.0716148
-0.00427641
-0.997423
-0.992304
0.114289
-0.0476599
0.113937
0.993437
0.0100479
0.0484955
0.00454034
-0.998813
-0.993185
0.114047
-0.0239981
0.113689
0.993391
0.0157883
0.0256401
0.0129524
-0.999587
-0.993658
0.112441
5.76776e-06
0.112415
0.993429
0.0215066
0.0024125
0.0213708
-0.999769
-0.993568
0.110594
0.0243141
0.111265
0.99339
0.0282301
-0.0210313
0.0307538
-0.999306
-0.992995
0.108245
0.0473682
0.109948
0.993323
0.0349515
-0.0432686
0.0399147
-0.998266
-0.991796
0.106799
0.0702523
0.109795
0.993139
0.0402523
-0.0654714
0.0476354
-0.996717
-0.990293
0.104646
0.0914843
0.109031
0.99305
0.0443117
-0.0862115
0.0538561
-0.99482
-0.988145
0.102008
0.11473
0.108182
0.992927
0.0489224
-0.108928
0.0607542
-0.992191
-0.985217
0.0993747
0.13954
0.107829
0.992681
0.0543747
-0.133115
0.0686174
-0.988722
-0.982087
0.0954583
0.162458
0.106655
0.992384
0.0616361
-0.155337
0.077859
-0.984788
-0.978593
0.0913325
0.184429
0.10569
0.991963
0.0695588
-0.176594
0.0875621
-0.980381
-0.975079
0.0861056
0.204469
0.103935
0.991512
0.0781059
-0.196008
0.0974109
-0.975752
-0.97099
0.0827149
0.224357
0.104338
0.990792
0.0862804
-0.215155
0.107186
-0.97068
-0.967268
0.0814675
0.240323
0.106791
0.989801
0.0942839
-0.230191
0.116862
-0.966103
-0.964526
0.0842314
0.250189
0.111923
0.988815
0.0985778
-0.239088
0.123083
-0.963166
-0.964355
0.0858553
0.250297
0.114028
0.988402
0.100295
-0.238783
0.125261
-0.96296
-0.965342
0.0900608
0.244958
0.11743
0.988084
0.0994953
-0.233079
0.124812
-0.964415
-0.967585
0.102543
0.230788
0.127358
0.987269
0.0952908
-0.218079
0.121595
-0.968327
-0.96839
0.119192
0.219121
0.142007
0.985632
0.0914519
-0.205072
0.119678
-0.971402
-0.967504
0.135659
0.213385
0.157831
0.983312
0.0904786
-0.19755
0.121217
-0.97277
-0.967565
0.150526
0.202877
0.17229
0.980534
0.0941747
-0.184752
0.126074
-0.974665
-0.966756
0.165534
0.194889
0.186958
0.977557
0.0970992
-0.174442
0.130307
-0.976007
-0.966557
0.179161
0.183491
0.199409
0.974957
0.0984581
-0.161256
0.131755
-0.978078
-0.965579
0.195041
0.172095
0.213872
0.971882
0.0985135
-0.148042
0.131929
-0.980142
-0.962153
0.217058
0.164764
0.234833
0.967164
0.0972002
-0.138255
0.132213
-0.981532
-0.958148
0.236781
0.160893
0.254122
0.962276
0.0971971
-0.131809
0.134016
-0.982174
-0.95481
0.254122
0.154145
0.270925
0.957415
0.0997855
-0.122223
0.137038
-0.982997
-0.951182
0.272877
0.144194
0.288747
0.951791
0.103531
-0.108991
0.140112
-0.984119
-0.946216
0.29302
0.137164
0.308165
0.94538
0.106261
-0.098535
0.142815
-0.984832
-0.941129
0.31252
0.128871
0.326707
0.938785
0.109294
-0.0868252
0.144963
-0.98562
-0.936831
0.329207
0.118192
0.342193
0.932601
0.114717
-0.0724601
0.147915
-0.986342
-0.931923
0.344692
0.112729
0.357135
0.926308
0.120036
-0.0630465
0.152123
-0.986349
-0.930682
0.349845
0.106955
0.361681
0.92383
0.125403
-0.0549368
0.155394
-0.986324
-0.931938
0.347977
0.102001
0.359188
0.924447
0.127986
-0.0497584
0.155913
-0.986517
-0.932201
0.348411
0.0980351
0.359082
0.924242
0.129755
-0.0454003
0.15616
-0.986688
-0.931758
0.350796
0.0936477
0.360854
0.923232
0.132011
-0.0401497
0.156795
-0.986815
-0.92802
0.361278
0.0908693
0.370823
0.91919
0.132587
-0.0356253
0.15674
-0.986997
-0.922128
0.377368
0.0852869
0.385842
0.913195
0.131154
-0.0283904
0.153848
-0.987687
-0.916104
0.392944
0.0796727
0.400374
0.907122
0.129735
-0.0212941
0.15075
-0.988343
-0.909136
0.40969
0.0750088
0.416237
0.900108
0.128657
-0.0148064
0.148188
-0.988848
-0.90192
0.425879
0.071889
0.431802
0.892745
0.128661
-0.00938467
0.147083
-0.98908
-0.894484
0.441953
0.0676487
0.447094
0.884972
0.130121
-0.00235969
0.146637
-0.989188
-0.886674
0.457941
0.064019
0.462373
0.876754
0.132341
0.00447534
0.146944
-0.989135
-0.878206
0.474221
0.0622012
0.478187
0.86798
0.133967
0.00954062
0.147395
-0.989032
-0.868885
0.49127
0.0607764
0.494808
0.858401
0.135327
0.0143117
0.147657
-0.988935
-0.859226
0.50828
0.0581495
0.511198
0.848514
0.136752
0.0201679
0.147227
-0.988897
-0.847847
0.527098
0.0576449
0.529699
0.837048
0.137005
0.0239637
0.146694
-0.988892
-0.834609
0.547705
0.0587094
0.5502
0.823739
0.136876
0.0266066
0.14654
-0.988847
-0.823295
0.564183
0.0623116
0.566965
0.812138
0.13778
0.0271278
0.148762
-0.988501
-0.811765
0.580222
0.0661821
0.583324
0.800235
0.13913
0.0277652
0.151547
-0.98806
-0.801431
0.594481
0.0655841
0.597214
0.789509
0.141462
0.0323173
0.15254
-0.987769
-0.792874
0.605999
0.0641513
0.608269
0.780654
0.143485
0.0368718
0.152787
-0.987571
-0.791158
0.608608
0.0605436
0.610099
0.778365
0.148082
0.0429987
0.154094
-0.98712
-0.79237
0.607201
0.058787
0.608347
0.779317
0.150264
0.0454271
0.154828
-0.986896
-0.793403
0.606098
0.0561793
0.606708
0.779983
0.153399
0.0491559
0.155792
-0.986566
-0.792404
0.607449
0.055697
0.607965
0.77902
0.153316
0.0497425
0.15535
-0.986606
-0.788505
0.612305
0.0578182
0.61332
0.775829
0.148079
0.0458124
0.152222
-0.987284
-0.784465
0.617037
0.0622938
0.618915
0.772518
0.14199
0.0394897
0.14994
-0.987906
-0.784446
0.617085
0.0620475
0.619078
0.773095
0.138082
0.0372399
0.14673
-0.988475
-0.786565
0.614411
0.0617645
0.616604
0.776066
0.132368
0.0333949
0.1422
-0.989274
-0.793006
0.606434
0.0581228
0.608405
0.783429
0.126816
0.0313707
0.135928
-0.990222
-0.800568
0.597025
0.0514952
0.598365
0.791793
0.122571
0.0324047
0.12894
-0.991123
-0.807304
0.588396
0.0452705
0.58918
0.799262
0.11852
0.0335536
0.122354
-0.991919
-0.814459
0.578823
0.0402527
0.579218
0.807015
0.115033
0.0340995
0.117005
-0.992546
-0.822138
0.568029
0.0378478
0.568285
0.814927
0.113781
0.0337878
0.115052
-0.992785
-0.829448
0.557406
0.0362441
0.557581
0.822331
0.113468
0.0334432
0.114325
-0.99288
-0.835732
0.547947
0.0361263
0.54819
0.828624
0.113447
0.0322279
0.114615
-0.992887
-0.841099
0.539638
0.0366432
0.540027
0.834038
0.112923
0.0303759
0.114768
-0.992928
-0.846852
0.5303
0.0403
0.531217
0.839808
0.111943
0.025519
0.116207
-0.992897
-0.851357
0.52193
0.0527294
0.52436
0.843721
0.114811
0.0154341
0.125394
-0.991987
-0.851049
0.520933
0.065913
0.525051
0.842789
0.11844
0.00614878
0.135406
-0.990771
-0.847452
0.524757
0.0803397
0.530833
0.839456
0.11632
-0.00640209
0.141222
-0.989957
-0.844338
0.527851
0.0920145
0.535515
0.837045
0.112155
-0.017819
0.143972
-0.989421
-0.842097
0.530736
0.0958757
0.538835
0.835519
0.107538
-0.0230316
0.142219
-0.989567
-0.841128
0.532465
0.0947851
0.540357
0.834748
0.105881
-0.0227436
0.140278
-0.989851
-0.840325
0.533996
0.0932799
0.541647
0.834017
0.105039
-0.0217066
0.138792
-0.990084
-0.839711
0.535882
0.087838
0.54274
0.83352
0.10333
-0.017842
0.134441
-0.990761
-0.839152
0.537623
0.0823713
0.543657
0.8336
0.0977099
-0.0161336
0.126775
-0.9918
-0.838
0.539896
0.0791753
0.545412
0.833208
0.0910526
-0.0168105
0.119485
-0.992694
-0.837032
0.541679
0.0772077
0.546876
0.832733
0.0865034
-0.0174363
0.114629
-0.993255
-0.836716
0.542333
0.0760402
0.547367
0.832565
0.0849978
-0.0172114
0.112741
-0.993475
-0.835277
0.544738
0.0746484
0.549594
0.83116
0.08438
-0.0160797
0.111507
-0.993634
-0.833554
0.547223
0.0757215
0.552156
0.829643
0.0825632
-0.0176413
0.110631
-0.993705
-0.83078
0.550786
0.0802416
0.556148
0.827245
0.0797821
-0.0224365
0.110908
-0.993577
-0.827687
0.554555
0.0860447
0.560482
0.824567
0.0771248
-0.0281797
0.112062
-0.993302
-0.826113
0.556536
0.0883514
0.562654
0.823276
0.0750755
-0.0309554
0.111732
-0.993256
-0.826078
0.556866
0.086576
0.562743
0.823342
0.0736737
-0.0302553
0.10958
-0.993517
-0.828485
0.554374
0.0792569
0.559412
0.825813
0.0713513
-0.0258961
0.103451
-0.994297
-0.828158
0.555156
0.0771729
0.55995
0.825544
0.0702373
-0.024717
0.10138
-0.994541
-0.827974
0.555362
0.0776674
0.560198
0.825398
0.0699725
-0.0252464
0.101445
-0.994521
-0.83054
0.55216
0.0729609
0.55659
0.827608
0.0726181
-0.0202862
0.100922
-0.994688
-0.834199
0.547643
0.0648028
0.551347
0.830663
0.0775611
-0.0113535
0.10043
-0.994879
-0.838067
0.542588
0.0569439
0.545563
0.833915
0.0833462
-0.0022638
0.100916
-0.994892
-0.841402
0.538021
0.050757
0.540384
0.836733
0.088668
0.00523522
0.102034
-0.994767
-0.8431
0.535629
0.0478007
0.537694
0.838299
0.090225
0.00825586
0.101771
-0.994774
-0.845297
0.532744
0.0407082
0.53414
0.840739
0.0886174
0.0129855
0.0966518
-0.995234
-0.850832
0.524824
0.0253951
0.524839
0.846561
0.0887656
0.0250879
0.0888529
-0.995729
-0.854342
0.519592
0.0111507
0.518453
0.850586
0.0878039
0.0361375
0.0807957
-0.996075
-0.855888
0.517147
0.00375133
0.515444
0.852434
0.0875953
0.0421019
0.0769054
-0.996149
-0.854411
0.519589
0.00287816
0.517795
0.850974
0.0879317
0.0432391
0.0766201
-0.996122
-0.854218
0.5199
0.00400424
0.518142
0.850643
0.0890824
0.0429078
0.0781705
-0.996016
-0.854739
0.519039
0.00440192
0.517293
0.851104
0.0896054
0.0427622
0.0788663
-0.995968
-0.854934
0.518722
0.00390624
0.516938
0.851321
0.0895996
0.0431518
0.078621
-0.99597
-0.854478
0.519467
0.00462205
0.517764
0.850886
0.0889627
0.0422803
0.0784098
-0.996024
-0.855806
0.51709
0.014621
0.516005
0.85133
0.094739
0.0365413
0.0886227
-0.995395
-0.857163
0.51465
0.0201935
0.5138
0.851706
0.102985
0.0358022
0.0986502
-0.994478
-0.858411
0.512341
0.0252622
0.511855
0.852283
0.107788
0.0336938
0.105457
-0.993853
-0.859458
0.510314
0.0301775
0.510274
0.852832
0.110894
0.0308547
0.110708
-0.993374
-0.861078
0.507293
0.0346094
0.507699
0.854024
0.113508
0.0280248
0.115311
-0.992934
-0.862357
0.504806
0.0388587
0.505645
0.854798
0.116806
0.0257479
0.120377
-0.992394
-0.863273
0.502804
0.0441299
0.50419
0.854963
0.12178
0.0235021
0.127379
-0.991576
-0.864154
0.500611
0.0512556
0.502805
0.854764
0.128708
0.020621
0.136995
-0.990357
-0.864866
0.498642
0.0579982
0.501678
0.854358
0.135613
0.018071
0.146383
-0.989063
-0.865658
0.49655
0.0638224
0.500388
0.854163
0.141484
0.0157394
0.154413
-0.987881
-0.866538
0.49427
0.0693533
0.49893
0.854074
0.147061
0.0134549
0.162036
-0.986693
-0.867604
0.491686
0.0742105
0.497108
0.854001
0.153511
0.0121036
0.170078
-0.985356
-0.870035
0.487015
0.0765201
0.492834
0.85532
0.159821
0.0123861
0.176762
-0.984176
-0.875499
0.477889
0.0715755
0.482934
0.860243
0.163572
0.016597
0.177774
-0.983931
-0.879382
0.471682
0.0648293
0.475596
0.863877
0.165903
0.0222491
0.176725
-0.984009
-0.88103
0.469053
0.061451
0.472338
0.865049
0.169076
0.0261476
0.177987
-0.983685
-0.882923
0.46611
0.0564598
0.468421
0.86626
0.173711
0.0320595
0.17982
-0.983177
-0.883794
0.464786
0.0536931
0.466512
0.866633
0.176956
0.0357146
0.181441
-0.982753
-0.884352
0.463856
0.0525201
0.465362
0.867106
0.17767
0.0368729
0.181564
-0.982688
-0.885046
0.462675
0.0512358
0.463967
0.86783
0.177778
0.0377895
0.181114
-0.982736
-0.885343
0.462734
0.045217
0.463117
0.869094
0.173776
0.0411145
0.174793
-0.983747
-0.886339
0.461028
0.0430773
0.461188
0.870669
0.170999
0.0413292
0.17143
-0.984329
-0.886761
0.460369
0.0414197
0.460289
0.871284
0.170292
0.0423087
0.170073
-0.984523
-0.887154
0.459627
0.0412463
0.459515
0.871625
0.170636
0.0424777
0.170334
-0.98447
-0.887429
0.459226
0.0397589
0.458799
0.871695
0.172193
0.0444181
0.171051
-0.98426
-0.887516
0.459118
0.0390599
0.458567
0.871788
0.172343
0.0450737
0.170868
-0.984262
-0.887886
0.458538
0.0374352
0.457704
0.872172
0.172693
0.0465363
0.170466
-0.984264
-0.888894
0.456788
0.0348276
0.45549
0.87312
0.173756
0.048961
0.170314
-0.984173
-0.890075
0.454603
0.0332055
0.452919
0.873874
0.176658
0.0512916
0.172278
-0.983712
-0.890856
0.45316
0.0319671
0.451229
0.874515
0.177809
0.0526201
0.172826
-0.983546
-0.891695
0.451699
0.0291243
0.449366
0.875694
0.176718
0.0543196
0.170666
-0.98383
-0.893146
0.448965
0.0268239
0.446291
0.87727
0.176696
0.0557988
0.169787
-0.9839
-0.894036
0.447387
0.0233382
0.444
0.877916
0.179241
0.0597014
0.17061
-0.983528
-0.894477
0.446589
0.0216607
0.442878
0.878311
0.18008
0.0613971
0.170671
-0.983413
-0.895025
0.445548
0.020449
0.441575
0.878724
0.181262
0.0627918
0.171264
-0.983222
-0.896505
0.44283
0.0134695
0.437995
0.881325
0.177277
0.0666326
0.164829
-0.984069
-0.898311
0.439264
0.00916363
0.434371
0.884784
0.168757
0.0660211
0.155577
-0.985615
-0.900558
0.434717
0.0040167
0.429887
0.889099
0.157161
0.0647492
0.143259
-0.987565
-0.903082
0.429459
-0.00281245
0.424624
0.893857
0.143926
0.0643242
0.128783
-0.989584
-0.905281
0.424709
-0.00939168
0.419865
0.897883
0.132361
0.0646474
0.11588
-0.991157
-0.907076
0.420704
-0.0148914
0.415879
0.901034
0.123214
0.065254
0.105571
-0.992268
-0.908258
0.417997
-0.018587
0.413364
0.903298
0.11482
0.0647841
0.0966033
-0.993212
-0.908581
0.417246
-0.0196567
0.4131
0.904533
0.10568
0.0618748
0.0878988
-0.994206
-0.909606
0.414979
-0.0202158
0.411527
0.906592
0.0934728
0.0571167
0.0767041
-0.995417
-0.910119
0.413819
-0.020924
0.411217
0.908285
0.0769346
0.0508419
0.0614153
-0.996817
-0.907949
0.418785
-0.0157393
0.417139
0.906715
0.0621518
0.0402994
0.0498652
-0.997943
-0.906598
0.421893
-0.00928692
0.421053
0.905825
0.0468479
0.0281771
0.038562
-0.998859
-0.909406
0.415731
-0.0121489
0.415128
0.909101
0.0347009
0.0254709
0.0265139
-0.999324
-0.913157
0.407065
-0.0210241
0.406495
0.913261
0.0267683
0.0300969
0.0158975
-0.999421
-0.916025
0.399991
-0.0300891
0.399341
0.91645
0.02543
0.037747
0.0112787
-0.999224
-0.918054
0.394135
-0.0428233
0.39324
0.91901
0.0279859
0.0503852
0.00885281
-0.998691
-0.920276
0.388406
-0.0472507
0.38727
0.921426
0.0315751
0.055802
0.010759
-0.998384
-0.923048
0.381318
-0.0507897
0.379994
0.924365
0.033962
0.0598986
0.0120488
-0.998132
-0.92597
0.373494
-0.0555243
0.372137
0.927576
0.0334296
0.0639887
0.0102922
-0.997898
-0.928921
0.364838
-0.0632334
0.363527
0.93105
0.0315324
0.0703777
0.00630407
-0.9975
-0.932129
0.355822
-0.0672718
0.35453
0.934542
0.0306624
0.0737786
0.00473143
-0.997263
-0.935577
0.345489
-0.0730236
0.344173
0.938417
0.0302964
0.0789937
0.00321188
-0.99687
-0.939205
0.333568
-0.081404
0.332355
0.942726
0.0284287
0.0862246
-0.000354608
-0.996276
-0.942618
0.322788
-0.0853173
0.321916
0.94646
0.0241735
0.0885523
-0.00467864
-0.996061
-0.945991
0.312724
-0.0854661
0.312255
0.949805
0.0191582
0.0871674
-0.00856368
-0.996157
-0.948676
0.30525
-0.0826802
0.305136
0.952201
0.0143232
0.0831003
-0.0116406
-0.996473
-0.951363
0.296875
-0.0823007
0.297049
0.954805
0.0104033
0.0816696
-0.0145501
-0.996553
-0.953855
0.288309
-0.0838967
0.288751
0.957378
0.00708709
0.0823641
-0.0174652
-0.996449
-0.956099
0.281253
-0.0822906
0.28226
0.959338
-0.000635204
0.0787658
-0.0238347
-0.996608
-0.958207
0.275188
-0.0781774
0.276932
0.960812
-0.0121966
0.0717575
-0.0333367
-0.996865
-0.960222
0.269217
-0.0741351
0.271567
0.962133
-0.023494
0.0650028
-0.0426921
-0.996971
-0.96217
0.263475
-0.0693487
0.266287
0.963263
-0.0348696
0.0576137
-0.0520172
-0.996983
-0.964226
0.256806
-0.0657266
0.25995
0.964586
-0.0447215
0.0519142
-0.0602072
-0.996835
-0.966109
0.250164
-0.0636484
0.253625
0.965811
-0.0537024
0.0480379
-0.0680252
-0.996526
-0.968104
0.243066
-0.0607738
0.24672
0.967083
-0.062285
0.043634
-0.0752924
-0.996206
-0.969987
0.236236
-0.0576064
0.239953
0.968289
-0.0695575
0.0393477
-0.0812927
-0.995913
-0.971878
0.228676
-0.0562083
0.232538
0.969616
-0.0759736
0.0371271
-0.0869076
-0.995524
-0.97387
0.219873
-0.0568523
0.224035
0.971136
-0.0818711
0.0372101
-0.0924688
-0.99502
-0.975571
0.212743
-0.0547821
0.217002
0.972062
-0.0894756
0.0342164
-0.0991776
-0.994481
-0.976876
0.208051
-0.0492747
0.212084
0.972116
-0.100055
0.0270842
-0.108192
-0.993761
-0.977481
0.20698
-0.0411026
0.210429
0.970657
-0.11638
0.0158082
-0.122408
-0.992354
-0.977222
0.210184
-0.0293086
0.212217
0.967541
-0.137214
-0.000482889
-0.140308
-0.990108
-0.977335
0.210812
-0.0193554
0.211232
0.965032
-0.155225
-0.0140447
-0.155795
-0.98769
-0.977726
0.209277
-0.0159747
0.208968
0.963515
-0.167244
-0.0196085
-0.166857
-0.985786
-0.978613
0.205145
-0.0152182
0.204563
0.962701
-0.177087
-0.021678
-0.176413
-0.984078
-0.979027
0.203251
-0.0139854
0.202242
0.96129
-0.187138
-0.0245919
-0.186041
-0.982234
-0.979132
0.202858
-0.0122128
0.201275
0.959677
-0.196235
-0.0280874
-0.194598
-0.980481
-0.97918
0.202764
-0.00969708
0.20041
0.958001
-0.205109
-0.0322989
-0.202782
-0.978691
-0.979157
0.202998
-0.00666884
0.199657
0.955976
-0.215053
-0.0372801
-0.211902
-0.97658
-0.979087
0.203423
-0.00284963
0.198776
0.953548
-0.226349
-0.0433275
-0.222182
-0.974042
-0.979089
0.203432
1.12881e-05
0.19774
0.951707
-0.234846
-0.0477858
-0.229932
-0.972033
-0.979232
0.20274
0.00118232
0.19671
0.951491
-0.236581
-0.0490893
-0.231435
-0.971611
-0.979717
0.200385
0.000446657
0.194617
0.952042
-0.236094
-0.047735
-0.231219
-0.97173
-0.980242
0.197792
-0.00180922
0.192679
0.952756
-0.2348
-0.0447177
-0.230509
-0.972042
-0.980692
0.195478
-0.00563692
0.191465
0.953894
-0.231144
-0.0398064
-0.22776
-0.972903
-0.981042
0.193591
-0.00888352
0.190596
0.955536
-0.224999
-0.0350695
-0.222427
-0.974318
-0.981376
0.191852
-0.00968477
0.189172
0.956447
-0.222314
-0.0333884
-0.220006
-0.974927
-0.981601
0.190713
-0.00934545
0.188004
0.956789
-0.221831
-0.0333644
-0.219507
-0.97504
-0.981853
0.189389
-0.00986442
0.186875
0.957341
-0.220399
-0.0322975
-0.218243
-0.97536
-0.982084
0.188159
-0.0103921
0.18584
0.957887
-0.218897
-0.0312329
-0.216906
-0.975693
-0.98231
0.186965
-0.0105526
0.184756
0.958434
-0.217417
-0.0305353
-0.21552
-0.976022
-0.982558
0.185619
-0.0111691
0.183623
0.959003
-0.21586
-0.0293566
-0.214146
-0.97636
-0.982787
0.18439
-0.0114343
0.182523
0.959542
-0.214395
-0.0285607
-0.212792
-0.97668
-0.983007
0.183162
-0.0122126
0.181537
0.960103
-0.212712
-0.0272355
-0.211314
-0.977039
-0.982698
0.184759
-0.0130151
0.18328
0.959875
-0.212246
-0.0267216
-0.210959
-0.97713
-0.98281
0.184159
-0.0130247
0.182697
0.960002
-0.212176
-0.0265704
-0.210909
-0.977145
-0.983214
0.182009
-0.0127966
0.180552
0.96043
-0.212076
-0.0263095
-0.210826
-0.977169
-0.983541
0.180174
-0.0135469
0.178915
0.960716
-0.212166
-0.025212
-0.211097
-0.97714
-0.983731
0.17894
-0.0159603
0.178189
0.96056
-0.213479
-0.022869
-0.212849
-0.976817
-0.983818
0.178443
-0.0161521
0.177665
0.959903
-0.216845
-0.0231899
-0.216206
-0.976072
-0.984271
0.175791
-0.0175775
0.175298
0.959434
-0.22081
-0.021952
-0.220418
-0.975158
-0.984713
0.173454
-0.0159265
0.172417
0.957654
-0.23059
-0.0247448
-0.229811
-0.972921
-0.985664
0.168131
-0.0140856
0.166593
0.956621
-0.239003
-0.0267092
-0.237923
-0.970917
-0.986156
0.165234
-0.0139251
0.163583
0.955667
-0.24483
-0.0271465
-0.243718
-0.969466
-0.986228
0.165217
-0.0076038
0.161642
0.953117
-0.255811
-0.035017
-0.253517
-0.966697
-0.986918
0.161103
-0.00614731
0.157154
0.952815
-0.259703
-0.0359817
-0.257271
-0.965669
-0.987729
0.156072
-0.00576796
0.152336
0.95463
-0.25588
-0.0344295
-0.253619
-0.966691
-0.987949
0.154758
-0.00242442
0.150229
0.955034
-0.255621
-0.0372439
-0.252905
-0.966774
-0.988367
0.15206
0.00291452
0.146081
0.95449
-0.260016
-0.0423199
-0.256565
-0.9656
-0.989262
0.146134
0.00217718
0.140518
0.955129
-0.260737
-0.040182
-0.257632
-0.965407
-0.99028
0.13907
-0.00221531
0.134958
0.956904
-0.257139
-0.0336404
-0.254939
-0.966372
-0.990844
0.134824
-0.00709392
0.132229
0.958477
-0.252661
-0.0272655
-0.251286
-0.967529
-0.99132
0.130832
-0.0129264
0.12993
0.959963
-0.248172
-0.02006
-0.247697
-0.96863
-0.991852
0.125975
-0.018977
0.126828
0.962363
-0.240357
-0.0120161
-0.240805
-0.970499
-0.992065
0.123445
-0.0238397
0.125588
0.964118
-0.233891
-0.00588829
-0.235029
-0.97197
-0.992128
0.123237
-0.0222475
0.125061
0.965823
-0.227035
-0.00649194
-0.22803
-0.973632
-0.991969
0.124878
-0.0200546
0.126231
0.967603
-0.218657
-0.00790042
-0.219432
-0.975596
-0.991872
0.126382
-0.0147216
0.126629
0.969212
-0.211172
-0.01242
-0.21132
-0.977338
-0.991824
0.12731
-0.0088391
0.12642
0.970696
-0.204369
-0.0174381
-0.203815
-0.978854
-0.991578
0.12946
-0.00361693
0.1276
0.971795
-0.198324
-0.0221601
-0.197116
-0.98013
-0.991294
0.131663
-0.00103269
0.129403
0.972764
-0.192315
-0.0243162
-0.190774
-0.981333
-0.99113
0.132875
-0.00244446
0.130976
0.973516
-0.187384
-0.0225189
-0.186042
-0.982284
-0.990874
0.134735
-0.00399656
0.13317
0.973912
-0.183742
-0.0208642
-0.182598
-0.982966
-0.990527
0.137295
-0.00261719
0.135563
0.974639
-0.178051
-0.0218947
-0.176719
-0.984018
-0.990259
0.139233
-0.000632389
0.137351
0.976112
-0.168346
-0.0228219
-0.166793
-0.985728
-0.990098
0.140367
0.0018072
0.13837
0.978022
-0.155971
-0.0236606
-0.154176
-0.98776
-0.99006
0.140595
0.0037819
0.138641
0.980116
-0.141954
-0.0236648
-0.140019
-0.989866
-0.989994
0.140937
0.0069733
0.138893
0.981979
-0.128166
-0.024911
-0.125915
-0.991728
-0.990022
0.140515
0.0105696
0.138404
0.983752
-0.114351
-0.0264659
-0.111747
-0.993384
-0.990053
0.140122
0.012677
0.138193
0.985412
-0.0993283
-0.0264101
-0.0965885
-0.994974
-0.990047
0.139889
0.015448
0.138103
0.986778
-0.0848377
-0.0271115
-0.0818599
-0.996275
-0.990009
0.139731
0.0189318
0.138067
0.987863
-0.0711652
-0.028646
-0.0678402
-0.997285
-0.990043
0.139147
0.021307
0.137733
0.988796
-0.0575578
-0.0290773
-0.05405
-0.998115
-0.990034
0.138865
0.0234474
0.137741
0.989482
-0.0441922
-0.0293375
-0.0405222
-0.998748
-0.990128
0.137627
0.0265707
0.136767
0.990091
-0.0318434
-0.03069
-0.027895
-0.99914
-0.990244
0.136368
0.028651
0.135806
0.990519
-0.0207278
-0.031206
-0.0166346
-0.999375
-0.990398
0.135294
0.028427
0.134943
0.990755
-0.013931
-0.030049
-0.00996119
-0.999499
-0.990475
0.135279
0.0256655
0.135182
0.990806
-0.00546364
-0.0261686
-0.00194209
-0.999656
-0.990261
0.137208
0.023609
0.137341
0.990515
0.0040819
-0.022825
0.00728462
-0.999713
-0.990053
0.138841
0.0227431
0.139161
0.990182
0.0131453
-0.0206947
0.0161796
-0.999655
-0.989654
0.141544
0.0234505
0.142009
0.989672
0.0195516
-0.0204409
0.0226795
-0.999534
-0.989166
0.144688
0.0248379
0.145196
0.9892
0.0200293
-0.0216717
0.0234187
-0.999491
-0.989122
0.144895
0.0253654
0.145368
0.989215
0.0179228
-0.022495
0.0214151
-0.999518
-0.989295
0.143778
0.0249481
0.144231
0.98939
0.0174308
-0.0221772
0.0208425
-0.999537
-0.989561
0.142143
0.0237718
0.142568
0.989635
0.0172536
-0.0210729
0.0204626
-0.999569
-0.989447
0.143166
0.0223328
0.143526
0.989526
0.0154417
-0.0198882
0.0184841
-0.999631
-0.989374
0.143752
0.0217703
0.144078
0.989463
0.0142652
-0.0194903
0.0172503
-0.999661
-0.989912
0.140194
0.0205085
0.140456
0.990014
0.011978
-0.0186244
0.0147377
-0.999718
-0.991166
0.131565
0.0167722
0.131703
0.991262
0.00738452
-0.0156541
0.00952824
-0.999832
-0.992907
0.118486
0.00988431
0.118527
0.992944
0.00369125
-0.00937721
0.00483663
-0.999944
-0.994581
0.103915
0.00305066
0.10392
0.994585
0.00135743
-0.00289308
0.0016671
-0.999994
-0.99599
0.0894534
-0.00122407
0.0894525
0.995991
0.000759483
0.0012871
0.000646941
-0.999999
-0.996983
0.0771489
-0.00855083
0.0770849
0.996996
0.00757824
0.0091098
0.00689624
-0.999935
-0.997661
0.0672883
-0.0120001
0.0670459
0.997558
0.0195721
0.0132878
0.0187217
-0.999736
-0.998061
0.0604871
-0.0147108
0.0599829
0.997667
0.0325894
0.0166478
0.0316438
-0.999361
-0.998392
0.0535204
-0.0186965
0.052624
0.997576
0.0455336
0.0210881
0.0444765
-0.998788
-0.998586
0.0472073
-0.0244457
0.0457657
0.997353
0.0565098
0.0270486
0.0553112
-0.998103
-0.998697
0.0407397
-0.0307499
0.0386667
0.99712
0.0652385
0.0333192
0.0639644
-0.997396
-0.998661
0.0307552
-0.0415876
0.0276466
0.996922
0.0733632
0.0437159
0.0721153
-0.996438
-0.998318
0.0195537
-0.0545715
0.0150949
0.996604
0.0809523
0.0559691
0.0799924
-0.995223
-0.997776
0.00996799
-0.0659071
0.00424533
0.996251
0.0864055
0.0665213
0.0859336
-0.994078
-0.99733
0.00614502
-0.072767
-0.000287554
0.996115
0.088061
0.0730254
0.0878468
-0.993454
-0.997182
0.00474203
-0.0748706
-0.00194086
0.996036
0.088935
0.0749955
0.0888297
-0.993219
-0.997072
0.00277049
-0.0764241
-0.0041286
0.995936
0.0899682
0.0763628
0.0900203
-0.993008
-0.996795
0.000517754
-0.0799926
-0.00687208
0.995728
0.0920785
0.0796986
0.0923331
-0.992533
-0.99651
-0.00189949
-0.0834566
-0.00983605
0.995449
0.0947903
0.0828967
0.0952804
-0.991993
-0.996265
-0.00573204
-0.0861541
-0.0141845
0.995103
0.0978195
0.0851715
0.0986762
-0.991468
-0.995827
-0.0091833
-0.0907956
-0.0185786
0.994489
0.103181
0.0893477
0.104437
-0.99051
-0.99563
-0.0106868
-0.0927693
-0.0205321
0.994172
0.105831
0.0910976
0.107273
-0.990047
-0.995861
-0.0098433
-0.0903504
-0.0192014
0.994465
0.103299
0.0888336
0.104606
-0.990538
-0.9966
-0.0071965
-0.0820825
-0.0146849
0.995743
0.0909949
0.0810782
0.0918909
-0.992463
-0.997241
-0.00532683
-0.0740342
-0.0111259
0.99688
0.0781399
0.073387
0.0787481
-0.99419
-0.997781
-0.00524321
-0.0663765
-0.00968488
0.997721
0.0667725
0.0658751
0.0672671
-0.995558
-0.998245
-0.00640117
-0.0588781
-0.00973656
0.998353
0.0565377
0.0584193
0.0570117
-0.996663
-0.99859
-0.00767923
-0.0525259
-0.0101925
0.998807
0.0477482
0.0520966
0.0482162
-0.997477
-0.998876
-0.00820439
-0.0466845
-0.00999797
0.999216
0.0383162
0.0463335
0.0387399
-0.998175
-0.999046
-0.00858257
-0.0428161
-0.00986139
0.999509
0.0297466
0.0425398
0.0301405
-0.99864
-0.99929
-0.0090308
-0.0365705
-0.00973938
0.999767
0.0192442
0.0363882
0.0195867
-0.999146
-0.999486
-0.00991389
-0.0304855
-0.0101585
0.999917
0.00787803
0.0304049
0.00818367
-0.999504
-0.999618
-0.010878
-0.0254002
-0.0107958
0.999936
-0.00337446
0.0254353
-0.00309895
-0.999672
-0.999697
-0.0115989
-0.0217093
-0.0113083
0.999845
-0.01346
0.0218621
-0.0132104
-0.999674
-0.999766
-0.0120552
-0.0179634
-0.0116657
0.999698
-0.0216306
0.0182187
-0.0214159
-0.999605
-0.999812
-0.0124141
-0.0149036
-0.0120268
0.999595
-0.0258011
0.0152179
-0.025617
-0.999556
-0.999844
-0.0124039
-0.0125446
-0.0120825
0.999605
-0.0253799
0.0128545
-0.0252244
-0.999599
-0.999887
-0.0115201
-0.00963384
-0.0113108
0.999705
-0.0215055
0.00987874
-0.0213941
-0.999722
-0.999947
-0.00877564
-0.00536365
-0.00867275
0.999784
-0.0189127
0.00552846
-0.0188652
-0.999807
-0.999991
-0.00395926
0.00121922
-0.00398033
0.999834
-0.0177939
-0.00114857
-0.0177986
-0.999841
-0.999958
0.000665035
0.00917624
0.000512468
0.999862
-0.0166186
-0.00918603
-0.0166132
-0.99982
-0.999784
0.0066235
0.0196931
0.0063146
0.999857
-0.0157067
-0.0197943
-0.0155789
-0.999683
-0.999505
0.0120528
0.0290477
0.0116901
0.999852
-0.0126222
-0.0291956
-0.0122764
-0.999498
-0.99919
0.0174281
0.0362757
0.0171375
0.999819
-0.00830682
-0.0364139
-0.00767841
-0.999307
-0.998762
0.0241743
0.0434845
0.0239984
0.999702
-0.00456325
-0.0435819
-0.00351404
-0.999044
-0.998223
0.0311133
0.0508279
0.0310579
0.999516
-0.00187932
-0.0508618
-0.000297372
-0.998706
-0.997546
0.0388555
0.0582382
0.0388714
0.999244
-0.000859338
-0.0582275
0.00140657
-0.998302
-0.996718
0.0474699
0.0655698
0.0474097
0.998872
-0.00247569
-0.0656134
0.000641079
-0.997845
-0.995587
0.0543441
0.0765123
0.0539274
0.998517
-0.00750379
-0.0768066
-0.00334457
-0.99704
-0.995428
0.0554824
0.077745
0.0549186
0.998447
-0.00937341
-0.0781443
-0.00506092
-0.996929
-0.995673
0.0530277
0.0763082
0.0524617
0.998579
-0.00940439
-0.0766985
-0.00536044
-0.99704
-0.995877
0.0516275
0.074595
0.051091
0.998653
-0.00908375
-0.0749635
-0.00523516
-0.997173
-0.995998
0.0528334
0.0720895
0.0523927
0.998595
-0.00799269
-0.0724104
-0.00418374
-0.997366
-0.996033
0.0535146
0.071097
0.0531002
0.998559
-0.00770681
-0.071407
-0.00390097
-0.99744
-0.995781
0.0584472
0.0707427
0.0579115
0.998276
-0.00960137
-0.0711818
-0.00546405
-0.997448
-0.994619
0.0685249
0.0777033
0.0676438
0.997612
-0.0139174
-0.0784715
-0.00858638
-0.996879
-0.993388
0.0769752
0.0851741
0.075843
0.996984
-0.0164551
-0.0861839
-0.00988645
-0.99623
-0.991774
0.0854773
0.0952761
0.0842039
0.996298
-0.0173149
-0.0964034
-0.00914986
-0.9953
-0.990215
0.094531
0.102651
0.0933883
0.995503
-0.0158914
-0.103691
-0.00614955
-0.994591
-0.989153
0.100496
0.107131
0.0993518
0.994924
-0.0159799
-0.108193
-0.00516292
-0.994117
-0.988288
0.104092
0.111586
0.102751
0.994549
-0.0177238
-0.112822
-0.00605074
-0.993597
-0.988262
0.104331
0.111598
0.103
0.994525
-0.0176457
-0.112828
-0.00594399
-0.993597
-0.988296
0.104287
0.111338
0.102978
0.99453
-0.0174646
-0.11255
-0.00579485
-0.993629
-0.988673
0.102465
0.109666
0.101268
0.994723
-0.0164414
-0.110772
-0.00514942
-0.993832
-0.988936
0.101958
0.107747
0.100843
0.994777
-0.0157608
-0.108791
-0.00472088
-0.994053
-0.988927
0.102953
0.106884
0.101815
0.994674
-0.016067
-0.107969
-0.00500673
-0.994142
-0.989041
0.103469
0.105322
0.102311
0.994618
-0.0163501
-0.106447
-0.00539525
-0.994304
-0.98921
0.10411
0.103076
0.102913
0.994547
-0.0168735
-0.10427
-0.00608356
-0.99453
-0.9883
0.110383
0.105252
0.108668
0.993837
-0.021909
-0.107021
-0.0102151
-0.994204
-0.986938
0.11837
0.109279
0.115929
0.99285
-0.0284458
-0.111864
-0.0154057
-0.993604
-0.985596
0.126578
0.112152
0.123243
0.991716
-0.0362134
-0.115807
-0.0218698
-0.993031
-0.984459
0.134978
0.112344
0.130696
0.990415
-0.0446731
-0.117297
-0.0292959
-0.992665
-0.983662
0.142684
0.109774
0.137684
0.989116
-0.0518963
-0.115984
-0.0359343
-0.992601
-0.981851
0.150549
0.115342
0.144434
0.987712
-0.0597053
-0.122913
-0.0419625
-0.99153
-0.980909
0.154187
0.118511
0.147686
0.987098
-0.0618594
-0.12652
-0.0431759
-0.991024
-0.980556
0.155099
0.120223
0.148422
0.986935
-0.0626854
-0.128375
-0.0436228
-0.990766
-0.980846
0.154426
0.118715
0.147781
0.987016
-0.0629294
-0.126891
-0.0441803
-0.990932
-0.983158
0.147491
0.10792
0.141137
0.987896
-0.0643563
-0.116106
-0.0480408
-0.992074
-0.984936
0.143208
0.0969145
0.136933
0.988202
-0.0685986
-0.105595
-0.0542944
-0.992926
-0.986061
0.140331
0.0893864
0.133912
0.988212
-0.0741903
-0.098744
-0.0611863
-0.99323
-0.986714
0.139491
0.0832868
0.133134
0.988058
-0.0775733
-0.0931129
-0.0654544
-0.993502
-0.986611
0.140919
0.0820989
0.134385
0.987667
-0.0803353
-0.0924072
-0.0682269
-0.993381
-0.986877
0.139793
0.0808229
0.133305
0.987777
-0.0807824
-0.0911279
-0.0689482
-0.993449
-0.98709
0.138562
0.0803317
0.132127
0.987954
-0.0805582
-0.0905263
-0.0689043
-0.993508
-0.987809
0.136751
0.074387
0.130974
0.988338
-0.0776763
-0.0841418
-0.0669865
-0.9942
-0.988304
0.135378
0.0701959
0.130322
0.988839
-0.0722106
-0.0791881
-0.062218
-0.994916
-0.988762
0.133723
0.06685
0.129402
0.989442
-0.0652624
-0.0748713
-0.0558784
-0.995626
-0.989218
0.131949
0.0635436
0.128386
0.990071
-0.0572409
-0.0704656
-0.0484656
-0.996336
-0.989648
0.13007
0.0606545
0.127205
0.990668
-0.048938
-0.0664539
-0.0407158
-0.996958
-0.990124
0.127787
0.0576621
0.125597
0.991269
-0.0401425
-0.0622883
-0.0325039
-0.997529
-0.990573
0.125453
0.055008
0.123862
0.991801
-0.031451
-0.0585026
-0.0243411
-0.99799
-0.990801
0.124334
0.0534321
0.123225
0.992098
-0.0235912
-0.0559431
-0.01679
-0.998293
-0.990832
0.124514
0.0524234
0.12377
0.992161
-0.0172205
-0.0541566
-0.0105741
-0.998476
-0.990856
0.12461
0.0517308
0.124177
0.992193
-0.0115184
-0.0527622
-0.00498932
-0.998595
-0.990914
0.12437
0.0512055
0.124211
0.992236
-0.00628613
-0.0515897
0.000131262
-0.998668
-0.991024
0.123785
0.0504895
0.123939
0.99229
-8.38941e-05
-0.0501106
0.00617446
-0.998725
-0.991203
0.122807
0.0493361
0.123338
0.992334
0.00785761
-0.0479929
0.0138735
-0.998751
-0.991536
0.120902
0.0473126
0.121794
0.992419
0.016443
-0.0449659
0.0220662
-0.998745
-0.992012
0.117805
0.0450975
0.119018
0.992572
0.0252182
-0.0417917
0.0303842
-0.998664
-0.992484
0.114644
0.0428083
0.116113
0.992668
0.0335816
-0.0386445
0.0382998
-0.998519
-0.993096
0.11059
0.0391253
0.112245
0.99275
0.0429851
-0.0340879
0.04708
-0.998309
-0.993657
0.106669
0.0356003
0.108459
0.992696
0.0528393
-0.0297039
0.0563653
-0.997968
-0.993954
0.104348
0.0341657
0.106298
0.99244
0.0613496
-0.0275057
0.0646104
-0.997531
-0.994289
0.101682
0.0324128
0.103766
0.992073
0.0708831
-0.0249484
0.0738416
-0.996958
-0.994644
0.0987565
0.0305075
0.100908
0.991701
0.0796615
-0.0223872
0.0823132
-0.996355
-0.994987
0.095581
0.0294202
0.0978233
0.991331
0.0877076
-0.020782
0.0901459
-0.995712
-0.99531
0.09276
0.0274631
0.0949693
0.99096
0.0947582
-0.0184251
0.0969219
-0.995121
-0.995581
0.0902772
0.0258501
0.0924388
0.990628
0.10055
-0.0165305
0.102495
-0.994596
-0.995809
0.0881843
0.0242567
0.0902845
0.990189
0.106647
-0.0146141
0.10839
-0.994001
-0.995328
0.0921693
0.028765
0.0948197
0.989276
0.111099
-0.0182166
0.113308
-0.993393
-0.9944
0.0991185
0.0366642
0.102676
0.988268
0.113068
-0.025027
0.116199
-0.992911
-0.993114
0.106781
0.048192
0.111567
0.987542
0.110969
-0.0357423
0.115581
-0.992655
-0.991842
0.113768
0.0575079
0.11957
0.986683
0.110272
-0.0441966
0.116249
-0.992236
-0.990899
0.119098
0.0627247
0.125518
0.985864
0.110982
-0.0486202
0.117845
-0.991841
-0.989803
0.124784
0.0686914
0.131964
0.984857
0.112439
-0.0536206
0.120357
-0.991281
-0.989165
0.129171
0.0697652
0.136743
0.983592
0.117681
-0.0534196
0.125946
-0.990598
-0.988996
0.131495
0.0677913
0.138968
0.982895
0.12085
-0.0507405
0.128941
-0.990353
-0.988249
0.136499
0.0687951
0.143937
0.982495
0.11826
-0.0514484
0.126773
-0.990597
-0.986719
0.143444
0.0762126
0.151607
0.981718
0.115088
-0.0583105
0.125114
-0.990427
-0.985553
0.147613
0.0830362
0.156719
0.980729
0.116656
-0.064216
0.127984
-0.989695
-0.986008
0.147144
0.0783379
0.156087
0.979931
0.123981
-0.0585227
0.134474
-0.989187
-0.988085
0.139732
0.064519
0.147383
0.97981
0.135094
-0.0443393
0.142994
-0.98873
-0.989626
0.134466
0.0505928
0.14056
0.979054
0.147296
-0.0297269
0.152879
-0.987798
-0.990395
0.132501
0.0395069
0.137043
0.978621
0.153363
-0.0183415
0.157305
-0.98738
-0.990917
0.130919
0.0307317
0.134131
0.978601
0.156043
-0.00964503
0.158748
-0.987272
-0.991362
0.129563
0.0203519
0.131147
0.97794
0.162586
0.00116218
0.16385
-0.986485
-0.99134
0.130318
0.0161861
0.131156
0.976413
0.171511
0.00654663
0.172149
-0.985049
-0.990565
0.135863
0.0179781
0.1369
0.974872
0.175736
0.00634964
0.176539
-0.984273
-0.990487
0.136407
0.0181477
0.137456
0.974526
0.177215
0.00648787
0.178024
-0.984005
-0.990528
0.136393
0.0158506
0.137028
0.974472
0.177841
0.00881031
0.178328
-0.983932
-0.990429
0.137232
0.0147531
0.137654
0.974312
0.178235
0.0100853
0.17856
-0.983877
-0.989709
0.14211
0.0167675
0.142818
0.97369
0.17757
0.008908
0.178137
-0.983965
-0.989508
0.143233
0.0189393
0.144326
0.973859
0.17541
0.0066803
0.176303
-0.984313
-0.990137
0.139039
0.0172531
0.139894
0.974369
0.176168
0.00768331
0.176844
-0.984209
-0.990712
0.13513
0.0151613
0.135632
0.97409
0.180978
0.00968707
0.181353
-0.98337
-0.991029
0.132916
0.0139795
0.133186
0.973479
0.186012
0.0111152
0.186205
-0.982448
-0.991605
0.128666
0.0128636
0.128793
0.973898
0.186911
0.0115213
0.186999
-0.982293
-0.992661
0.120427
0.0110167
0.120428
0.976151
0.18063
0.0109987
0.180631
-0.983489
-0.994006
0.109041
0.00793163
0.10878
0.979146
0.171579
0.0109429
0.171413
-0.985139
-0.994681
0.102726
0.00757776
0.102567
0.980997
0.164699
0.00948506
0.1646
-0.986315
-0.995497
0.0944164
0.0084015
0.0945422
0.982596
0.159894
0.00684136
0.159969
-0.987098
-0.996423
0.0841548
0.00768989
0.0843203
0.984095
0.156357
0.00559058
0.156446
-0.987671
-0.997294
0.0731954
0.00687814
0.0733826
0.985419
0.153506
0.00445811
0.153596
-0.988124
-0.998022
0.0624799
0.00700976
0.0628211
0.986518
0.151116
0.00252642
0.151257
-0.988491
-0.998605
0.0521859
0.00802753
0.0527996
0.987254
0.150138
-9.0129e-05
0.150352
-0.988632
-0.999113
0.0412874
0.00831057
0.0420675
0.987767
0.150156
-0.00200935
0.150372
-0.988627
-0.999443
0.0303555
0.0138721
0.0321151
0.987831
0.152179
-0.00908382
0.15254
-0.988256
-0.999669
0.0206774
0.0152969
0.0228496
0.987002
0.159078
-0.0118087
0.159375
-0.987147
-0.999836
0.0126965
0.0129084
0.014659
0.986098
0.165517
-0.0106274
0.165679
-0.986123
-0.999901
0.00999893
0.00987052
0.011517
0.985689
0.168182
-0.00804762
0.168279
-0.985707
-0.999932
0.00916104
0.00728099
0.0102683
0.985311
0.17046
-0.00561245
0.170523
-0.985338
-0.999905
0.0116349
0.00735192
0.0126872
0.986261
0.164707
-0.00533456
0.164785
-0.986315
-0.999948
0.00944909
0.00384625
0.0099248
0.988278
0.152344
-0.00236165
0.152375
-0.98832
-0.999966
0.0082984
0.000177395
0.00824166
0.990138
0.139853
0.000984916
0.13985
-0.990172
-0.999961
0.00863858
-0.00189944
0.00831932
0.99152
0.129688
0.00300365
0.129667
-0.991553
-0.999954
0.00857085
-0.00421013
0.00799151
0.992456
0.122337
0.0052269
0.122298
-0.99248
-0.999944
0.00911761
-0.00537372
0.00841304
0.99285
0.11907
0.00642094
0.119018
-0.992871
-0.999934
0.0101604
-0.00527351
0.00946128
0.992857
0.118934
0.00644426
0.118876
-0.992888
-0.999938
0.00825899
-0.00752796
0.0072948
0.992727
0.120162
0.00846563
0.1201
-0.992726
-0.999925
0.00684488
-0.0101415
0.0055442
0.992373
0.123146
0.0109071
0.12308
-0.992337
-0.99991
0.0068205
-0.011581
0.00533244
0.99227
0.12398
0.0123371
0.123907
-0.992217
-0.999906
0.00658796
-0.01205
0.0051875
0.993608
0.112767
0.0127158
0.112694
-0.993548
-0.999938
0.00469087
-0.0101276
0.00368896
0.995299
0.0967746
0.0105339
0.0967312
-0.995255
-0.99993
0.00170532
-0.0117348
0.000734958
0.996615
0.0822037
0.0118353
0.0821893
-0.996546
-0.999915
-0.000603396
-0.0130319
-0.00150441
0.997599
0.0692407
0.0129588
0.0692544
-0.997515
-0.999909
-0.0019807
-0.013345
-0.00274514
0.998341
0.0575103
0.013209
0.0575417
-0.998256
-0.999911
-0.00316842
-0.0129246
-0.00379275
0.998813
0.0485707
0.0127554
0.0486154
-0.998736
-0.9999
-0.00453061
-0.0134018
-0.00511534
0.999022
0.0439224
0.0131897
0.0439866
-0.998945
-0.99988
-0.00547266
-0.0144855
-0.00607182
0.999114
0.0416477
0.0142447
0.0417307
-0.999027
-0.999885
-0.00509196
-0.01431
-0.00568153
0.999124
0.0414656
0.0140863
0.0415422
-0.999037
-0.999902
-0.00506586
-0.013049
-0.00561676
0.999079
0.0425332
0.0128216
0.0426023
-0.99901
-0.999866
-0.00638745
-0.0150925
-0.00706936
0.998936
0.0455692
0.0147854
0.0456698
-0.998847
-0.999824
-0.00765275
-0.0171196
-0.0084575
0.998838
0.0474397
0.0167367
0.0475762
-0.998727
-0.999788
-0.00828755
-0.0188271
-0.00920057
0.998759
0.0489377
0.0183982
0.0491006
-0.998624
-0.99977
-0.00854986
-0.0196822
-0.00951979
0.998718
0.0497252
0.0192318
0.0499011
-0.998569
-0.999752
-0.00867985
-0.0204926
-0.00971191
0.998661
0.0508121
0.0200242
0.0509985
-0.998498
-0.999756
-0.00822635
-0.0204867
-0.00925865
0.998665
0.0508145
0.0200413
0.0509918
-0.998498
-0.999761
-0.00796517
-0.0203735
-0.00899546
0.998659
0.0509885
0.0199401
0.0511596
-0.998491
-0.999748
-0.00864564
-0.0207009
-0.00969381
0.998647
0.0510806
0.0202313
0.0512684
-0.99848
-0.999705
-0.00871903
-0.0226552
-0.00985557
0.998673
0.0505493
0.0221844
0.0507577
-0.998465
-0.99971
-0.00760463
-0.0228516
-0.00873331
0.998726
0.0497051
0.0224445
0.0498902
-0.998502
-0.999748
-0.00663736
-0.0214508
-0.00770456
0.998717
0.0500573
0.021091
0.05021
-0.998516
-0.999809
-0.00543719
-0.0187486
-0.0064259
0.998569
0.0530849
0.0184332
0.0531953
-0.998414
-0.999765
-0.00701911
-0.0205125
-0.00821655
0.998231
0.0588873
0.0200628
0.059042
-0.998054
-0.999732
-0.00883032
-0.0214053
-0.0102237
0.997775
0.0658863
0.0207759
0.0660874
-0.997598
-0.999717
-0.00936135
-0.0218904
-0.0109423
0.997253
0.0732545
0.0211445
0.0734732
-0.997073
-0.9997
-0.00980232
-0.0224602
-0.0114995
0.996986
0.0767255
0.0216405
0.0769608
-0.996799
-0.999651
-0.0120449
-0.0235163
-0.0138407
0.996876
0.0777596
0.0225062
0.0780579
-0.996695
-0.999541
-0.0147306
-0.0264645
-0.0167756
0.99675
0.0787912
0.0252179
0.079199
-0.99654
-0.999456
-0.0155655
-0.0290854
-0.0178984
0.996492
0.0817504
0.0277109
0.0822265
-0.996228
-0.999362
-0.0167114
-0.0315613
-0.0193156
0.996271
0.084094
0.0300383
0.08465
-0.995958
-0.999262
-0.0176327
-0.0341124
-0.0205096
0.996092
0.0859125
0.0324642
0.0865488
-0.995719
-0.999256
-0.0169857
-0.034616
-0.0198839
0.996167
0.085179
0.0330365
0.085804
-0.995764
-0.999272
-0.0149467
-0.0350903
-0.017741
0.996579
0.0807211
0.0337638
0.0812849
-0.996119
-0.999417
-0.0110242
-0.0323236
-0.0134048
0.99714
0.0743815
0.0314111
0.0747714
-0.996706
-0.999583
-0.00501562
-0.0284227
-0.00693206
0.997679
0.0677344
0.028017
0.0679032
-0.997298
-0.999684
-0.00158371
-0.0250969
-0.00310764
0.998145
0.0607997
0.0249541
0.0608584
-0.997834
-0.999701
0.000684497
-0.0244519
-0.000602112
0.998617
0.0525719
0.024454
0.0525709
-0.998318
-0.999652
0.000908985
-0.0263799
-0.000204605
0.99911
0.0421803
0.0263947
0.042171
-0.998762
-0.999606
0.00271814
-0.0279522
0.0018595
0.999527
0.0306985
0.0280224
0.0306344
-0.999138
-0.999565
0.00610409
-0.0288638
0.00559226
0.999826
0.0177803
0.0289673
0.0176111
-0.999425
-0.999498
0.00900486
-0.0303812
0.00889299
0.999953
0.00381536
0.0304142
0.00354326
-0.999531
-0.999467
0.0125757
-0.0301388
0.0129473
0.999842
-0.0121664
0.0299811
-0.0125502
-0.999472
-0.999419
0.0170845
-0.0294977
0.0179096
0.999449
-0.0279377
0.0290042
-0.0284498
-0.999174
-0.99937
0.0213588
-0.028336
0.0225572
0.998834
-0.0426724
0.0273915
-0.0432847
-0.998687
-0.999324
0.025822
-0.0261688
0.0272627
0.998043
-0.0562795
0.0246643
-0.0569549
-0.998072
-0.999241
0.0299689
-0.024892
0.031641
0.997063
-0.0697434
0.0227287
-0.0704781
-0.997254
-0.999154
0.0343266
-0.0226413
0.0361173
0.995802
-0.0841039
0.0196592
-0.0848505
-0.9962
-0.999055
0.0379354
-0.0212129
0.0398404
0.994381
-0.0980803
0.017373
-0.0988327
-0.994952
-0.998946
0.0417149
-0.0191468
0.0436007
0.992769
-0.111842
0.0143428
-0.112559
-0.993542
-0.998823
0.0451158
-0.0178166
0.0470027
0.990953
-0.125709
0.011984
-0.126398
-0.991907
-0.998695
0.0484751
-0.0160876
0.0502476
0.98897
-0.139332
0.00915599
-0.139959
-0.990115
-0.998577
0.051243
-0.0148015
0.0529031
0.986896
-0.152436
0.00679629
-0.153002
-0.988202
-0.998443
0.0539359
-0.0142198
0.0555419
0.984828
-0.164404
0.00513682
-0.164938
-0.986291
-0.998334
0.056121
-0.0133941
0.0576003
0.982879
-0.175015
0.00334276
-0.175495
-0.984475
-0.998269
0.0571693
-0.0138397
0.058737
0.981409
-0.18272
0.00313642
-0.183217
-0.983068
-0.998293
0.0563794
-0.0152283
0.0582401
0.980392
-0.188252
0.00431617
-0.188818
-0.982003
-0.998281
0.0563528
-0.016079
0.0584044
0.979238
-0.194118
0.00480607
-0.194724
-0.980846
-0.998266
0.0564053
-0.0168513
0.058638
0.978063
-0.199885
0.00520707
-0.200527
-0.979674
-0.998245
0.0563057
-0.0183356
0.0588729
0.976967
-0.205109
0.00636445
-0.205828
-0.978567
-0.998235
0.0560018
-0.0197875
0.0589136
0.975905
-0.210092
0.00754523
-0.210886
-0.977481
-0.998226
0.0555066
-0.0215181
0.0588417
0.974819
-0.215096
0.00903694
-0.215981
-0.976356
-0.998226
0.0549187
-0.0230111
0.0586463
0.973661
-0.220329
0.0103049
-0.221287
-0.975154
