0.890247
-0.01891
0.356493
0.889732
-0.0197412
0.331641
0.889705
-0.0202737
0.306857
0.889279
-0.0210014
0.282085
0.889199
-0.0215706
0.257312
0.888826
-0.0222902
0.232511
0.888717
-0.0228805
0.20773
0.889039
-0.0224147
0.228855
0.888924
-0.0221252
0.228757
0.888999
-0.0221762
0.228874
0.888998
-0.0222199
0.228747
0.888888
-0.0223662
0.228602
0.913686
-0.0206802
0.228474
0.913707
-0.0209843
0.228532
0.913656
-0.0209146
0.228357
0.913709
-0.0208697
0.228479
0.866617
-0.0235203
0.229129
0.866675
-0.0234777
0.229156
0.866555
-0.0232325
0.229034
0.866628
-0.023325
0.229218
0.86661
-0.0232945
0.229077
0.866628
-0.0232702
0.229161
0.866566
-0.0235203
0.228945
0.843079
-0.0246542
0.229644
0.843155
-0.0245973
0.229619
0.843044
-0.024357
0.229494
0.843081
-0.0244681
0.229648
0.8431
-0.0244387
0.229662
0.843071
-0.0243994
0.229702
0.843074
-0.0245939
0.229456
0.819567
-0.0257255
0.230171
0.819568
-0.0257114
0.230225
0.819468
-0.0254402
0.230021
0.819514
-0.0256017
0.230144
0.819534
-0.0255424
0.230158
0.819528
-0.0254872
0.230123
0.819535
-0.025849
0.230151
0.795964
-0.0267274
0.230763
0.79597
-0.0266387
0.230826
0.795857
-0.0265232
0.230596
0.795963
-0.0264813
0.230786
0.795961
-0.0265442
0.230787
0.795975
-0.0265442
0.230723
0.795978
-0.0266987
0.230676
0.772466
-0.027595
0.231466
0.772423
-0.0273482
0.23135
0.772406
-0.0274777
0.231455
0.772409
-0.0274478
0.231359
0.772387
-0.027661
0.231395
0.89754
0.00164634
0.228484
0.89764
0.00175254
0.22833
0.897584
0.00198787
0.228318
0.897629
0.00187404
0.228454
0.897635
0.00184401
0.228311
0.897661
0.00184995
0.228312
0.897559
0.0016517
0.228288
0.89678
0.0264634
0.229691
0.89685
0.0264777
0.229522
0.896823
0.0267149
0.229776
0.896867
0.0266108
0.229574
0.89688
0.0266409
0.229696
0.896843
0.0262811
0.229637
0.896848
0.0264614
0.229633
0.896169
0.0511469
0.231229
0.8962
0.0512781
0.231247
0.896175
0.0513132
0.231048
0.896211
0.0513221
0.231205
0.896187
0.0512613
0.231223
0.896151
0.0513721
0.231132
0.895663
0.0758854
0.233007
0.898464
-0.0420504
0.223882
0.89835
-0.0424585
0.223947
0.898283
-0.0419986
0.22394
0.898362
-0.0421231
0.22398
0.898382
-0.0420946
0.223996
0.898266
-0.042046
0.223948
0.898291
-0.0422421
0.223769
0.898829
-0.0654802
0.221705
0.898855
-0.0657
0.221964
0.89874
-0.0655316
0.221837
0.898838
-0.0655372
0.222014
0.898838
-0.06562
0.22187
0.898797
-0.0654635
0.221906
0.89878
-0.0658582
0.221725
0.899177
-0.0890006
0.219511
0.899251
-0.0893283
0.219689
0.899131
-0.0889454
0.219636
0.899185
-0.0890429
0.219755
0.899184
-0.0890657
0.219758
0.899154
-0.089005
0.219697
0.899086
-0.0892855
0.219533
0.899444
-0.112522
0.217008
0.899526
-0.1127
0.21729
0.899428
-0.112377
0.217162
0.899434
-0.112487
0.217301
0.899456
-0.112514
0.2173
0.899435
-0.112469
0.217274
0.899361
-0.112778
0.217143
0.89964
-0.135933
0.214533
0.899573
-0.136246
0.214626
0.89957
-0.135919
0.214476
0.899724
-0.135986
0.214617
0.899638
-0.13594
0.21453
0.899627
-0.135817
0.214623
0.899544
-0.136146
0.21438
0.899749
-0.159261
0.211555
0.89968
-0.159524
0.211775
0.899767
-0.159169
0.211554
0.899735
-0.159253
0.211765
0.899708
-0.159332
0.211572
0.899723
-0.159327
0.211671
0.899686
-0.159494
0.211413
0.899711
-0.182651
0.208316
0.899659
-0.182851
0.208662
0.899699
-0.182639
0.208465
0.899714
-0.182636
0.208625
0.899711
-0.182714
0.208471
0.899713
-0.182699
0.208612
0.89967
-0.183107
0.208285
0.899621
-0.206085
0.205005
0.899528
-0.206277
0.205256
0.899623
-0.205972
0.205302
0.899626
-0.206084
0.205191
0.899614
-0.20599
0.205221
0.899639
-0.206317
0.204941
0.899414
-0.229373
0.201493
0.89933
-0.229571
0.201737
0.899406
-0.229389
0.201703
0.899452
-0.22934
0.201564
0.899434
-0.229367
0.20164
0.899344
-0.229788
0.201359
0.927152
0.0184524
0.240186
0.927127
0.0186758
0.240244
0.927181
0.0185739
0.240069
0.927186
0.0185493
0.240038
0.927164
0.018509
0.240151
0.927197
0.0184124
0.239953
0.952305
0.0427771
0.242527
0.927484
-0.0278169
0.231645
0.927549
-0.0279484
0.231519
0.927517
-0.02793
0.231746
0.927561
-0.0278732
0.231594
0.927557
-0.0278975
0.231617
0.927521
-0.0278422
0.231665
0.92756
-0.0281288
0.231564
0.951723
-0.0511899
0.225257
0.951735
-0.0514511
0.225148
0.951747
-0.051162
0.225381
0.951801
-0.0512292
0.225167
0.951777
-0.0511971
0.225214
0.951733
-0.0511522
0.225191
0.951769
-0.0513934
0.225116
0.975856
-0.0745056
0.218546
0.975825
-0.0748653
0.218398
0.975864
-0.0743825
0.218728
0.975904
-0.0745237
0.21844
0.975927
-0.0745247
0.218463
0.97585
-0.0744377
0.218546
0.999876
-0.0977854
0.211464
0.999903
-0.0980871
0.21132
0.999925
-0.0978689
0.211466
0.999873
-0.0978148
0.211613
0.885708
-0.0205989
0.238806
0.885788
-0.0208233
0.238765
0.885708
-0.0204569
0.238958
0.885732
-0.0206716
0.238813
0.885729
-0.0206937
0.23889
0.885742
-0.0206066
0.238902
0.88573
-0.0208558
0.238604
0.861372
-0.0432543
0.235862
0.861409
-0.0434058
0.235847
0.861335
-0.0431653
0.236098
0.861408
-0.0432038
0.23595
0.861404
-0.0432833
0.235966
0.861346
-0.0432173
0.23627
0.861339
-0.0435517
0.235766
0.836977
-0.0657294
0.232851
0.837043
-0.0659899
0.232871
0.836881
-0.0657239
0.23306
0.836964
-0.0657327
0.232904
0.836976
-0.0658728
0.232964
0.836967
-0.0656887
0.233261
0.836913
-0.0659996
0.232872
0.812441
-0.088136
0.22978
0.81249
-0.0884629
0.229709
0.812425
-0.0880408
0.229983
0.812436
-0.0881792
0.22977
0.812423
-0.0882437
0.229859
0.812373
-0.0883658
0.229695
0.920359
0.00159045
0.266594
0.920432
0.0013936
0.266411
0.920382
0.00148417
0.266515
0.920383
0.00155302
0.266765
0.92042
0.00133613
0.266496
0.945054
0.000971542
0.263722
0.945069
0.000992585
0.263788
0.944998
0.000812484
0.263619
0.945023
0.000868768
0.263646
0.945017
0.000883432
0.26371
0.945013
0.000675001
0.263668
