-0.294729
1.09275
-0.160566
-0.297047
1.09321
-0.160272
-0.29933
1.09333
-0.159916
-0.301611
1.09333
-0.159546
-0.303814
1.09352
-0.159412
-0.306182
1.09367
-0.159092
-0.308414
1.09377
-0.158866
-0.310617
1.09386
-0.158585
-0.312941
1.09402
-0.158446
-0.315294
1.09417
-0.158222
-0.317699
1.09433
-0.158087
-0.320084
1.09451
-0.157936
-0.322437
1.09452
-0.157688
-0.324798
1.09468
-0.15766
-0.327267
1.09476
-0.157498
-0.329775
1.09489
-0.15742
-0.332171
1.09498
-0.157402
-0.33462
1.09513
-0.157347
-0.337173
1.09514
-0.157305
-0.339778
1.09523
-0.157391
-0.342333
1.09527
-0.15737
-0.34486
1.09529
-0.157316
-0.347343
1.09536
-0.157438
-0.349916
1.09538
-0.157407
-0.352469
1.09526
-0.157577
-0.354734
1.09484
-0.158031
-0.355156
1.09493
-0.158918
-0.351911
1.09754
-0.163558
-0.347675
1.10067
-0.168872
-0.344772
1.10154
-0.172752
-0.3421
1.10173
-0.174822
-0.341471
1.09989
-0.176561
-0.340885
1.09778
-0.178905
-0.338537
1.0968
-0.181493
-0.334835
1.09469
-0.184787
-0.331065
1.09225
-0.18745
-0.327794
1.09127
-0.188482
-0.324358
1.0905
-0.188382
-0.319535
1.08896
-0.187824
-0.314737
1.08743
-0.188214
-0.310912
1.08648
-0.191325
-0.3082
1.08575
-0.196894
-0.306963
1.08521
-0.202024
-0.305267
1.08417
-0.205729
-0.302386
1.08439
-0.207759
-0.298342
1.0864
-0.209121
-0.294705
1.08814
-0.209526
-0.29266
1.08816
-0.206591
-0.291533
1.08857
-0.199864
-0.287824
1.09035
-0.19385
-0.285168
1.09135
-0.188046
-0.283943
1.09084
-0.181592
-0.282797
1.0906
-0.174507
-0.281823
1.09096
-0.167196
-0.281461
1.09156
-0.160053
-0.280853
1.09326
-0.153356
-0.280813
1.0959
-0.147554
-0.281138
1.09869
-0.14222
-0.281325
1.10095
-0.137379
-0.281467
1.10414
-0.133274
-0.281256
1.10709
-0.129082
-0.280643
1.10964
-0.125628
-0.2796
1.1122
-0.123275
-0.277959
1.11591
-0.124209
-0.276673
1.11925
-0.125754
-0.276543
1.12156
-0.127941
-0.275962
1.12257
-0.130641
-0.275983
1.12207
-0.135118
-0.276783
1.12056
-0.139857
-0.277869
1.1192
-0.144231
-0.277999
1.11762
-0.148434
-0.278256
1.11601
-0.15186
-0.278994
1.11308
-0.154513
-0.279276
1.1094
-0.156518
-0.279035
1.10683
-0.160449
-0.279023
1.10516
-0.166622
-0.279604
1.1033
-0.172745
-0.279784
1.102
-0.177593
-0.280055
1.10126
-0.181922
-0.2819
1.10178
-0.185979
-0.283545
1.10273
-0.189029
-0.285077
1.10351
-0.191112
-0.286287
1.10413
-0.19286
-0.287211
1.10443
-0.191482
-0.287601
1.10683
-0.190041
-0.287717
1.11115
-0.187951
-0.287366
1.11462
-0.185491
-0.287105
1.11793
-0.182029
-0.287292
1.12044
-0.178812
-0.288206
1.12317
-0.176374
-0.288441
1.12713
-0.175608
-0.288607
1.13107
-0.174769
-0.288586
1.13471
-0.173199
-0.288222
1.13837
-0.170608
-0.287181
1.1419
-0.169024
-0.286848
1.14504
-0.168628
-0.286423
1.14684
-0.168553
-0.286308
1.14844
-0.167823
-0.285881
1.15029
-0.168615
-0.285291
1.1516
-0.170554
-0.285839
1.15235
-0.17313
-0.286768
1.15322
-0.174684
-0.288375
1.15462
-0.17546
-0.290996
1.15677
-0.175387
-0.294173
1.16052
-0.173618
-0.297517
1.16362
-0.170983
-0.300472
1.16621
-0.169695
-0.30471
1.16751
-0.168107
-0.307273
1.16776
-0.166055
-0.309137
1.16702
-0.164889
-0.310997
1.16628
-0.163713
-0.313658
1.16623
-0.162339
-0.314369
1.16704
-0.16126
-0.314608
1.16764
-0.160246
-0.314819
1.16784
-0.159142
-0.314351
1.16831
-0.15839
-0.314038
1.16843
-0.157833
-0.313694
1.16806
-0.157341
-0.312995
1.16743
-0.157481
-0.311996
1.16687
-0.158014
-0.310269
1.16619
-0.158635
-0.308102
1.16552
-0.157865
-0.305777
1.16519
-0.156734
-0.304389
1.1641
-0.155076
-0.302911
1.16339
-0.154029
-0.301731
1.16407
-0.153629
-0.300774
1.165
-0.153226
-0.299971
1.1649
-0.152523
-0.29932
1.16342
-0.153165
-0.297753
1.16198
-0.153923
-0.295072
1.16074
-0.154361
-0.29253
1.15918
-0.154946
-0.290963
1.15758
-0.155787
-0.28952
1.15612
-0.156589
-0.28823
1.15498
-0.156726
-0.287452
1.1548
-0.157349
-0.287488
1.15447
-0.158174
-0.288129
1.15392
-0.159277
-0.288837
1.15354
-0.160952
-0.289645
1.15332
-0.163087
-0.290279
1.15327
-0.16503
-0.291069
1.15375
-0.166554
-0.291294
1.15436
-0.167576
-0.29254
1.1551
-0.168458
-0.293908
1.15587
-0.169371
-0.295353
1.1567
-0.170454
-0.29704
1.15819
-0.171672
-0.297934
1.16091
-0.172367
-0.300414
1.16214
-0.172211
-0.302812
1.164
-0.171497
-0.305292
1.1661
-0.170569
-0.308018
1.16767
-0.170139
-0.310453
1.16904
-0.170043
-0.31205
1.17063
-0.169353
-0.313707
1.17212
-0.167888
-0.314926
1.17366
-0.166152
-0.316732
1.1746
-0.164889
-0.319728
1.17598
-0.164904
-0.321312
1.17736
-0.165017
-0.322325
1.17843
-0.164379
-0.32346
1.17956
-0.163261
-0.32324
1.18055
-0.162487
-0.323198
1.18105
-0.161757
-0.32348
1.1816
-0.160801
-0.322779
1.18285
-0.161077
-0.323408
1.1844
-0.16171
-0.323537
1.1853
-0.162315
-0.323255
1.186
-0.163229
-0.322768
1.18724
-0.164736
-0.323725
1.18839
-0.166822
-0.323581
1.19063
-0.16461
-0.323143
1.19369
-0.161974
-0.322701
1.19679
-0.161001
-0.322288
1.20027
-0.160416
-0.321894
1.20145
-0.160401
-0.322405
1.20311
-0.161088
-0.32213
1.20568
-0.160363
-0.320874
1.20828
-0.158225
-0.320049
1.21052
-0.155803
-0.319285
1.21195
-0.152539
-0.318493
1.21289
-0.148778
-0.318721
1.21388
-0.145502
-0.319407
1.21392
-0.143771
-0.320029
1.21337
-0.142733
-0.320696
1.21368
-0.141178
-0.321058
1.21483
-0.139661
-0.320919
1.21497
-0.138895
-0.32081
1.21497
-0.138837
-0.321497
1.21464
-0.139439
-0.32194
1.21421
-0.139943
-0.321818
1.21389
-0.140129
-0.321883
1.21373
-0.140457
-0.321453
1.21378
-0.142154
-0.320867
1.21366
-0.144829
-0.320404
1.21376
-0.146216
-0.319764
1.21391
-0.14674
-0.318457
1.21376
-0.146813
-0.3178
1.21378
-0.146568
-0.317123
1.21324
-0.145613
-0.31608
1.21374
-0.143788
-0.314912
1.2158
-0.141063
-0.313162
1.21788
-0.137887
-0.310136
1.22072
-0.134266
-0.30754
1.22322
-0.129359
-0.305362
1.22582
-0.123587
-0.302716
1.22886
-0.117896
-0.299406
1.23266
-0.113501
-0.29637
1.2363
-0.111372
-0.293446
1.23908
-0.112361
-0.291194
1.24151
-0.115414
-0.289699
1.24346
-0.118642
-0.288466
1.24491
-0.122473
-0.287987
1.24608
-0.127526
-0.287156
1.24759
-0.132999
-0.286684
1.24818
-0.138426
-0.286444
1.24689
-0.144015
-0.28663
1.24549
-0.148439
-0.286454
1.24446
-0.151305
-0.285889
1.24437
-0.153561
-0.284939
1.2445
-0.153474
-0.283441
1.24405
-0.152917
-0.283125
1.2437
-0.152954
-0.283242
1.2438
-0.153936
-0.282845
1.2443
-0.154008
-0.282347
1.24481
-0.15305
-0.282977
1.24502
-0.152096
-0.284986
1.24568
-0.151021
-0.287014
1.24684
-0.149003
-0.288631
1.24791
-0.146401
-0.290952
1.24847
-0.143956
-0.292152
1.25039
-0.141041
-0.294994
1.25149
-0.138619
-0.298359
1.25188
-0.135426
-0.302329
1.25197
-0.132103
-0.306454
1.25218
-0.129933
-0.309551
1.25287
-0.126905
-0.313459
1.2527
-0.125106
-0.317752
1.25253
-0.123239
-0.32148
1.25226
-0.121378
-0.325866
1.25175
-0.11957
-0.329603
1.25183
-0.117907
-0.333056
1.25117
-0.1168
-0.334922
1.25117
-0.115634
-0.33573
1.25147
-0.114948
-0.335142
1.25062
-0.113822
-0.337068
1.24875
-0.112903
-0.337974
1.2458
-0.113287
-0.339344
1.24437
-0.115786
-0.34029
1.24304
-0.117525
-0.339545
1.2415
-0.118766
-0.34006
1.23946
-0.118216
-0.340316
1.23766
-0.118119
-0.340346
1.23498
-0.118761
-0.339993
1.23078
-0.120057
-0.339927
1.22539
-0.122203
-0.339994
1.22121
-0.124796
-0.339564
1.21823
-0.126519
-0.337654
1.2161
-0.127682
-0.335588
1.21428
-0.128852
-0.333825
1.21282
-0.130236
-0.33198
1.21188
-0.131664
-0.330104
1.21144
-0.133222
-0.328203
1.21101
-0.134981
-0.326024
1.2113
-0.136867
-0.324071
1.2117
-0.139258
-0.322663
1.21249
-0.14159
-0.320642
1.21346
-0.143541
-0.318806
1.21464
-0.144986
-0.317129
1.21615
-0.146219
-0.315472
1.21804
-0.147503
-0.314331
1.21917
-0.149303
-0.313961
1.22005
-0.151158
-0.313981
1.22054
-0.153309
-0.314448
1.22142
-0.156184
-0.314839
1.22261
-0.1592
-0.315877
1.22351
-0.16219
-0.317311
1.22366
-0.164488
-0.318817
1.2237
-0.166052
-0.320499
1.22345
-0.166761
-0.321743
1.2232
-0.16648
-0.32385
1.22255
-0.165806
-0.326422
1.22314
-0.164835
-0.330084
1.22285
-0.164084
-0.333342
1.22179
-0.163134
-0.336083
1.22113
-0.161779
-0.33799
1.22211
-0.159756
-0.339735
1.22255
-0.157824
-0.341387
1.22207
-0.156125
-0.342709
1.22146
-0.154828
-0.343446
1.22123
-0.153632
-0.343577
1.22126
-0.152539
-0.343734
1.22042
-0.151212
-0.343886
1.21939
-0.149714
-0.344729
1.21937
-0.148637
-0.345427
1.21745
-0.145296
-0.34484
1.21661
-0.140006
-0.345073
1.21663
-0.133832
-0.346554
1.21558
-0.128472
-0.348596
1.21399
-0.123501
-0.351021
1.21234
-0.118305
-0.353227
1.21159
-0.112983
-0.354611
1.21134
-0.107884
-0.354944
1.21182
-0.102925
-0.353883
1.21244
-0.0969992
-0.3531
1.21344
-0.0912313
-0.352964
1.21451
-0.0862315
-0.353983
1.21497
-0.0815923
-0.355204
1.2149
-0.0773206
-0.355927
1.21447
-0.0735127
-0.355995
1.21362
-0.070966
-0.355666
1.21296
-0.069462
-0.3556
1.21203
-0.0685194
-0.355397
1.20962
-0.0680982
-0.35581
1.20539
-0.0681164
-0.357628
1.20018
-0.0690485
-0.358887
1.19691
-0.0712972
-0.360525
1.19358
-0.0723557
-0.361116
1.18953
-0.0734969
-0.361238
1.1866
-0.0756664
-0.360889
1.18478
-0.0786787
-0.359413
1.18436
-0.0818455
-0.357587
1.18337
-0.0841818
-0.356434
1.18271
-0.0864115
-0.356127
1.18236
-0.0900757
-0.355749
1.1819
-0.0942734
-0.355091
1.18144
-0.0983398
-0.354345
1.18113
-0.102494
-0.35321
1.18092
-0.106415
-0.351421
1.18151
-0.109543
-0.349459
1.18257
-0.112279
-0.346267
1.18353
-0.11383
-0.343927
1.18456
-0.114833
-0.342098
1.18612
-0.115668
-0.340755
1.18781
-0.116602
-0.340235
1.18995
-0.1175
-0.339456
1.1925
-0.118242
-0.338714
1.19544
-0.118899
-0.338297
1.19857
-0.119098
-0.338774
1.20084
-0.118555
-0.339424
1.20306
-0.117565
-0.340555
1.20496
-0.116413
-0.343119
1.20648
-0.11542
-0.346324
1.2072
-0.115471
-0.350552
1.20707
-0.116218
-0.354788
1.2078
-0.118141
-0.358461
1.20898
-0.1192
-0.362132
1.2098
-0.119942
-0.365741
1.20983
-0.120696
-0.369003
1.20995
-0.121078
-0.372491
1.20964
-0.121819
-0.37674
1.20945
-0.12229
-0.379578
1.20884
-0.12198
-0.381133
1.20834
-0.12167
-0.38166
1.2071
-0.121337
-0.382465
1.20584
-0.120634
-0.383231
1.20404
-0.119917
-0.383408
1.20218
-0.119308
-0.383486
1.20059
-0.119074
-0.383163
1.19908
-0.118912
-0.382773
1.19753
-0.11872
-0.381881
1.19598
-0.118623
-0.380727
1.19423
-0.118787
-0.379443
1.19247
-0.119359
-0.378363
1.18961
-0.120817
-0.377547
1.18594
-0.121854
-0.37682
1.18194
-0.122946
-0.37603
1.17846
-0.124851
-0.374541
1.17561
-0.12711
-0.372794
1.17273
-0.129059
-0.37125
1.16953
-0.131457
-0.369696
1.16685
-0.134978
-0.368917
1.16461
-0.13892
-0.369692
1.16106
-0.141883
-0.369324
1.15786
-0.145843
-0.368153
1.15492
-0.151926
-0.368289
1.15088
-0.157385
-0.3682
1.14775
-0.16146
-0.36819
1.14472
-0.165275
-0.368337
1.14334
-0.167822
-0.369548
1.14347
-0.169499
-0.371883
1.14196
-0.170181
-0.374849
1.13994
-0.171887
-0.37776
1.13808
-0.173237
-0.380551
1.13615
-0.175041
-0.383606
1.13577
-0.178666
-0.386752
1.13517
-0.181908
-0.39056
1.13382
-0.183874
-0.39345
1.13339
-0.184243
-0.394869
1.13316
-0.182576
-0.395833
1.13372
-0.178392
-0.396794
1.13433
-0.173229
-0.397283
1.13584
-0.167245
-0.397529
1.13768
-0.161354
-0.399001
1.13867
-0.158071
-0.402361
1.13887
-0.156804
-0.406708
1.13806
-0.154488
-0.40996
1.13869
-0.149781
-0.410327
1.14
-0.142838
-0.411128
1.1414
-0.134187
-0.411506
1.14163
-0.125292
-0.411501
1.14158
-0.11792
-0.411388
1.1416
-0.111719
-0.410326
1.14246
-0.106493
-0.41029
1.14232
-0.100967
-0.412044
1.14238
-0.0939983
-0.413875
1.14311
-0.0869404
-0.41524
1.1445
-0.0799479
-0.415837
1.14708
-0.0734919
-0.416732
1.1504
-0.0675412
-0.41627
1.15474
-0.0618178
-0.414346
1.1597
-0.0564212
-0.412395
1.16398
-0.0531378
-0.411416
1.16652
-0.0551497
-0.412415
1.16901
-0.0593633
-0.413911
1.17083
-0.0647521
-0.41521
1.17244
-0.0703883
-0.4163
1.17347
-0.0739261
-0.416724
1.17479
-0.077825
-0.4173
1.17677
-0.08225
-0.418163
1.17881
-0.0866127
-0.418981
1.18122
-0.09079
-0.420218
1.18445
-0.0949743
-0.421935
1.18847
-0.0985086
-0.423659
1.1918
-0.101498
-0.425286
1.19562
-0.104117
-0.426676
1.2002
-0.106457
-0.428593
1.20468
-0.108628
-0.43017
1.2089
-0.113685
-0.432124
1.21305
-0.120438
-0.433695
1.21675
-0.127028
-0.434516
1.22036
-0.133278
-0.43468
1.2236
-0.13966
-0.435657
1.22743
-0.145668
-0.43623
1.23086
-0.151145
-0.437307
1.23341
-0.156694
-0.438559
1.23574
-0.162506
-0.439516
1.23724
-0.168921
-0.440265
1.23848
-0.175276
-0.440317
1.23916
-0.180697
-0.44028
1.23909
-0.184945
-0.440282
1.23826
-0.187799
-0.439822
1.237
-0.189722
-0.438483
1.23599
-0.190179
-0.43675
1.23602
-0.188938
-0.435661
1.2353
-0.188241
-0.434902
1.23429
-0.187193
-0.433424
1.23388
-0.183905
-0.431876
1.23307
-0.177534
-0.430712
1.23206
-0.171134
-0.430619
1.23055
-0.165012
-0.429876
1.22957
-0.158055
-0.42886
1.22952
-0.150456
-0.426919
1.2294
-0.142526
-0.424132
1.22873
-0.133986
-0.421045
1.22788
-0.125288
-0.418541
1.22661
-0.117106
-0.416703
1.22514
-0.10975
-0.415225
1.22367
-0.104121
-0.413956
1.222
-0.0992942
-0.41275
1.22013
-0.0947763
-0.412149
1.21765
-0.0913378
-0.411684
1.21426
-0.0880088
-0.411308
1.2114
-0.0851198
-0.412403
1.20881
-0.0825194
-0.412797
1.20594
-0.0803019
-0.412309
1.20344
-0.0784529
-0.412552
1.20105
-0.0773032
-0.413188
1.19914
-0.0766951
-0.413823
1.19744
-0.0757423
-0.413748
1.19576
-0.0746066
-0.413981
1.19383
-0.0742155
-0.414193
1.19182
-0.0746697
-0.415205
1.18953
-0.0750776
-0.416472
1.1874
-0.0760827
-0.417582
1.1849
-0.0776373
-0.418702
1.18161
-0.0800087
-0.420398
1.17862
-0.0824753
-0.422206
1.17589
-0.0860997
-0.423164
1.17388
-0.0896377
-0.42365
1.17225
-0.0922481
-0.424191
1.17027
-0.094325
-0.424784
1.16821
-0.0966106
-0.425591
1.16654
-0.0994003
-0.426113
1.16554
-0.102595
-0.426403
1.16508
-0.105955
-0.426216
1.16446
-0.108999
-0.426067
1.16295
-0.111418
-0.426371
1.16039
-0.113599
-0.427098
1.15816
-0.116195
-0.427382
1.15661
-0.119031
-0.427555
1.15514
-0.122179
-0.426394
1.15385
-0.125822
-0.426084
1.15265
-0.130667
-0.42579
1.15214
-0.136398
-0.425378
1.15215
-0.14227
-0.424416
1.15226
-0.148122
-0.42263
1.15233
-0.153545
-0.420751
1.15219
-0.159355
-0.41973
1.15213
-0.165622
-0.419028
1.15223
-0.171348
-0.418702
1.15125
-0.176557
-0.418848
1.14841
-0.180996
-0.420327
1.14523
-0.184271
-0.422573
1.14157
-0.187978
-0.42314
1.13922
-0.190615
-0.420739
1.13734
-0.19162
-0.419184
1.13596
-0.193692
-0.416451
1.135
-0.194497
-0.411482
1.13536
-0.18911
-0.407885
1.13583
-0.182914
-0.40505
1.13597
-0.176567
-0.401795
1.13675
-0.171152
-0.398054
1.13737
-0.166395
-0.395049
1.13857
-0.161998
-0.391618
1.13837
-0.157783
-0.388343
1.13773
-0.154611
-0.384374
1.13714
-0.15177
-0.378914
1.13638
-0.149747
-0.37398
1.13627
-0.146855
-0.370739
1.13723
-0.142666
-0.370182
1.13898
-0.140535
-0.370401
1.14198
-0.139678
-0.369114
1.14681
-0.136442
-0.367349
1.14921
-0.13036
-0.364252
1.15133
-0.123855
-0.361634
1.15259
-0.116793
-0.35945
1.15328
-0.109923
-0.356792
1.15519
-0.103496
-0.354096
1.15832
-0.0990824
-0.35289
1.16221
-0.0960722
-0.351688
1.16602
-0.0955523
-0.350693
1.16909
-0.0962752
-0.349447
1.17158
-0.0975616
-0.347267
1.174
-0.0986985
-0.344231
1.17727
-0.100328
-0.341239
1.17929
-0.10249
-0.339756
1.18142
-0.104136
-0.339838
1.1862
-0.105994
-0.339626
1.1905
-0.108424
-0.339511
1.19431
-0.110946
-0.339148
1.19813
-0.114002
-0.338652
1.20215
-0.117946
-0.338297
1.20599
-0.122585
-0.338276
1.2096
-0.127682
-0.338188
1.21284
-0.133263
-0.337653
1.21534
-0.138734
-0.336085
1.21657
-0.144813
-0.335127
1.21745
-0.151013
-0.334142
1.21817
-0.1568
-0.333457
1.21843
-0.162117
-0.333696
1.2174
-0.168197
-0.333406
1.21643
-0.175079
-0.332712
1.21607
-0.180211
-0.331666
1.21622
-0.183261
-0.330826
1.21685
-0.185834
-0.329332
1.21889
-0.187339
-0.327712
1.2213
-0.188504
-0.325546
1.22384
-0.188982
-0.323325
1.22594
-0.189206
-0.321312
1.22724
-0.189273
-0.318578
1.22825
-0.18881
-0.316008
1.22849
-0.187175
-0.314545
1.22828
-0.185445
-0.312628
1.22792
-0.183102
-0.31105
1.22793
-0.181156
-0.309562
1.22746
-0.179564
-0.30819
1.22646
-0.178089
-0.307001
1.22565
-0.176722
-0.306101
1.22433
-0.175727
-0.304936
1.22313
-0.175153
-0.304135
1.22221
-0.174817
-0.304287
1.2216
-0.1747
-0.303607
1.22135
-0.174739
-0.302702
1.22128
-0.174492
-0.301624
1.22121
-0.17381
-0.301109
1.22093
-0.173225
-0.300971
1.22064
-0.173058
-0.300479
1.22029
-0.172337
-0.299409
1.21965
-0.17134
-0.299148
1.2188
-0.170462
-0.299238
1.21739
-0.170054
-0.29982
1.21589
-0.169825
-0.299555
1.21461
-0.169556
-0.299949
1.21388
-0.169044
-0.300649
1.21282
-0.167716
-0.301411
1.21207
-0.166505
-0.300758
1.21132
-0.165299
-0.300147
1.21064
-0.164381
-0.299145
1.20976
-0.162917
-0.298377
1.20913
-0.160003
-0.297565
1.208
-0.156124
-0.296386
1.20676
-0.152073
-0.295692
1.20572
-0.148014
-0.295059
1.20437
-0.144319
-0.294182
1.20368
-0.142031
-0.292826
1.20356
-0.140519
-0.291226
1.20348
-0.139718
-0.289404
1.20382
-0.1397
-0.287904
1.20449
-0.140251
-0.286862
1.20486
-0.142228
-0.287255
1.20505
-0.145533
-0.288261
1.20598
-0.146907
-0.289044
1.2078
-0.146449
-0.289166
1.20923
-0.145081
-0.289121
1.20981
-0.142492
-0.288188
1.21031
-0.138476
-0.287804
1.21045
-0.132707
-0.28743
1.21012
-0.127182
-0.28752
1.20947
-0.121628
-0.286851
1.20838
-0.114953
-0.285878
1.2075
-0.107265
-0.284589
1.20652
-0.0995052
-0.283869
1.20558
-0.0925985
-0.283095
1.20435
-0.0857359
-0.281302
1.20259
-0.0793732
-0.28014
1.2002
-0.0726954
-0.279392
1.19711
-0.0658938
-0.279264
1.19299
-0.0607781
-0.279982
1.18734
-0.0580716
-0.28131
1.18238
-0.0572849
-0.282138
1.17823
-0.0578689
-0.283159
1.17435
-0.0590842
-0.284712
1.1697
-0.0614907
-0.285631
1.16444
-0.0635056
-0.286455
1.16076
-0.0659146
-0.287378
1.15613
-0.0708665
-0.287918
1.15212
-0.0764242
-0.287055
1.14866
-0.0824935
-0.286914
1.14553
-0.0888523
-0.286773
1.14254
-0.0941875
-0.286254
1.14091
-0.0987139
-0.285772
1.13985
-0.103201
-0.285298
1.13896
-0.106802
-0.284672
1.13841
-0.110333
-0.284577
1.13751
-0.114795
-0.285336
1.1367
-0.118829
-0.285108
1.13549
-0.122029
-0.284606
1.13405
-0.124878
-0.284495
1.13322
-0.127485
-0.284072
1.13279
-0.129955
-0.283609
1.13225
-0.132248
-0.283121
1.13237
-0.133649
-0.282213
1.13289
-0.134613
-0.282014
1.13354
-0.135777
-0.282507
1.13302
-0.138368
-0.282164
1.13259
-0.142408
-0.281627
1.13262
-0.147507
-0.282418
1.13197
-0.151645
-0.284036
1.13128
-0.155915
-0.286218
1.13171
-0.162326
-0.286515
1.13229
-0.168316
-0.287989
1.13455
-0.173621
-0.291151
1.13662
-0.176819
-0.296001
1.13869
-0.179616
-0.300216
1.141
-0.184
-0.3039
1.14218
-0.188283
-0.307217
1.14285
-0.191149
-0.310355
1.14373
-0.193061
-0.313296
1.14548
-0.194382
-0.315942
1.14871
-0.194757
-0.318757
1.15189
-0.19297
-0.321063
1.15458
-0.189258
-0.322316
1.15633
-0.185387
-0.322882
1.15701
-0.181612
-0.322654
1.15751
-0.177871
-0.321781
1.15813
-0.173521
-0.320582
1.15928
-0.168483
-0.318532
1.16054
-0.163293
-0.315469
1.1612
-0.158852
-0.313728
1.16134
-0.156147
-0.313846
1.1618
-0.154856
-0.313233
1.16282
-0.152321
-0.312865
1.1637
-0.146351
-0.311763
1.16464
-0.141075
-0.309723
1.16614
-0.13638
-0.307205
1.16839
-0.131448
-0.305072
1.17151
-0.127057
-0.303447
1.17422
-0.123238
-0.30186
1.17703
-0.120718
-0.300826
1.18129
-0.118428
-0.301008
1.18653
-0.117946
-0.302759
1.19198
-0.119231
-0.307131
1.19611
-0.120752
-0.312502
1.1983
-0.120496
-0.317516
1.19813
-0.117436
-0.321728
1.19587
-0.112643
-0.324587
1.19103
-0.108116
-0.326921
1.18373
-0.104772
-0.327853
1.17776
-0.101012
-0.328069
1.17284
-0.0972139
-0.328593
1.16759
-0.0943585
-0.329681
1.1626
-0.0926246
-0.331875
1.15575
-0.0909795
-0.33491
1.1488
-0.0900064
-0.334908
1.14415
-0.0903036
-0.334818
1.14058
-0.0925045
-0.3357
1.13692
-0.0958626
-0.33664
1.13353
-0.100247
-0.336902
1.13158
-0.105342
-0.336557
1.13104
-0.110618
-0.336875
1.13004
-0.116631
-0.336971
1.12938
-0.122886
-0.337453
1.12897
-0.129609
-0.338479
1.12857
-0.136444
-0.339933
1.12856
-0.14285
-0.342349
1.12821
-0.148857
-0.347249
1.12842
-0.155276
-0.351921
1.12928
-0.160891
-0.355791
1.1307
-0.165281
-0.35972
1.13224
-0.169407
-0.363228
1.13395
-0.173301
-0.368706
1.13562
-0.176321
-0.374838
1.13703
-0.178568
-0.379987
1.13897
-0.179431
-0.385348
1.14115
-0.179001
-0.391543
1.14467
-0.177356
-0.398492
1.1475
-0.175065
-0.404342
1.14919
-0.172947
-0.408774
1.15133
-0.17078
-0.412879
1.15495
-0.168434
-0.415296
1.15917
-0.166715
-0.417931
1.16312
-0.163991
-0.419297
1.16813
-0.161167
-0.419372
1.17332
-0.158361
-0.417729
1.17867
-0.155212
-0.415133
1.18412
-0.151958
-0.413126
1.18962
-0.149052
-0.412989
1.19517
-0.147507
-0.414007
1.20052
-0.147126
-0.415464
1.20603
-0.14886
-0.416189
1.21204
-0.151918
-0.415653
1.21753
-0.154785
-0.413606
1.22164
-0.156847
-0.410425
1.22406
-0.158003
-0.404876
1.2253
-0.159116
-0.398889
1.22598
-0.159462
-0.393454
1.22651
-0.160347
-0.387399
1.22718
-0.161668
-0.380515
1.22709
-0.162434
-0.373787
1.22711
-0.163025
-0.367804
1.2273
-0.163549
-0.362299
1.22812
-0.164638
-0.356961
1.22904
-0.166964
-0.352535
1.2308
-0.170944
-0.346396
1.23299
-0.172685
-0.339346
1.23571
-0.17328
-0.335348
1.23631
-0.173426
-0.33172
1.23566
-0.173191
-0.326499
1.23472
-0.174002
-0.319836
1.23469
-0.175268
-0.311638
1.23548
-0.176441
-0.302316
1.2361
-0.1765
-0.294187
1.23508
-0.175762
-0.288373
1.23225
-0.175097
-0.284269
1.22764
-0.175584
-0.281375
1.22344
-0.176224
-0.279045
1.21969
-0.175694
-0.27743
1.21563
-0.176035
-0.276768
1.2116
-0.176476
-0.2755
1.20883
-0.175459
-0.273835
1.20758
-0.172314
-0.272478
1.20606
-0.168231
-0.271182
1.20358
-0.164367
-0.270649
1.20088
-0.161766
-0.269974
1.19919
-0.158325
-0.268331
1.19838
-0.153453
-0.267529
1.19661
-0.146937
-0.267162
1.19379
-0.140522
-0.267453
1.19083
-0.135155
-0.269559
1.18786
-0.131096
-0.272143
1.18461
-0.128148
-0.27453
1.18163
-0.125671
-0.275982
1.17945
-0.124619
-0.277182
1.17748
-0.124129
-0.279374
1.17469
-0.124015
-0.281837
1.17192
-0.12336
-0.283668
1.16988
-0.122864
-0.286216
1.16821
-0.123686
-0.289524
1.16589
-0.125886
-0.292179
1.16333
-0.128057
-0.29467
1.16123
-0.129866
-0.297639
1.15986
-0.13217
-0.30131
1.15807
-0.135446
-0.30358
1.15674
-0.137993
-0.305925
1.15512
-0.140509
-0.307829
1.15417
-0.142912
-0.308581
1.1537
-0.144904
-0.307791
1.15319
-0.145818
-0.305503
1.15225
-0.14611
-0.302526
1.15083
-0.147215
-0.300606
1.1498
-0.149712
-0.300021
1.14816
-0.153624
-0.300347
1.1468
-0.158296
-0.299722
1.14635
-0.162968
-0.299796
1.14442
-0.167288
-0.300751
1.14231
-0.171652
-0.301669
1.14074
-0.175976
-0.301643
1.14071
-0.179718
-0.301295
1.14224
-0.181958
-0.301035
1.14431
-0.183351
-0.300923
1.1469
-0.18366
-0.30166
1.1486
-0.183435
-0.302351
1.15065
-0.183337
-0.303181
1.15369
-0.182892
-0.303724
1.15717
-0.182229
-0.303532
1.16095
-0.181232
-0.3038
1.16431
-0.181104
-0.305014
1.1677
-0.181561
-0.306832
1.17149
-0.181749
-0.308043
1.17523
-0.179703
-0.308814
1.17886
-0.17471
-0.309829
1.18078
-0.170007
-0.31198
1.182
-0.166983
-0.313788
1.18371
-0.163982
-0.315716
1.18552
-0.160209
-0.318504
1.18601
-0.155673
-0.320703
1.18704
-0.150374
-0.322885
1.18774
-0.145744
-0.326848
1.18757
-0.142091
-0.331552
1.18722
-0.138509
-0.335717
1.18735
-0.135053
-0.340393
1.18851
-0.131653
-0.344397
1.18932
-0.127791
-0.347323
1.19042
-0.12305
-0.350157
1.19119
-0.117881
-0.352364
1.19076
-0.112553
-0.35411
1.19002
-0.110249
-0.356941
1.18968
-0.108621
-0.358492
1.18948
-0.106232
-0.360417
1.18936
-0.103596
-0.362117
1.18872
-0.101382
-0.362419
1.18759
-0.0996967
-0.361805
1.18689
-0.0978292
-0.361878
1.1849
-0.0963975
-0.36216
1.18305
-0.096767
-0.361557
1.18116
-0.0969822
-0.359299
1.17991
-0.0976198
-0.355878
1.17873
-0.0991297
-0.352684
1.17766
-0.100831
-0.351281
1.17538
-0.102694
-0.350585
1.17264
-0.101634
-0.349785
1.17123
-0.100404
-0.34876
1.1704
-0.0999381
-0.346829
1.17062
-0.0991834
-0.345609
1.17111
-0.0994798
-0.344737
1.17082
-0.100188
-0.344568
1.16942
-0.101558
-0.344887
1.16859
-0.104613
-0.344494
1.16848
-0.107519
-0.343578
1.16915
-0.109468
-0.342925
1.17047
-0.110364
-0.342699
1.17259
-0.110929
-0.341782
1.17314
-0.112917
-0.342203
1.17445
-0.114989
-0.343187
1.17491
-0.115613
-0.34499
1.17405
-0.116241
-0.345049
1.17389
-0.119936
-0.343036
1.1751
-0.123999
-0.341032
1.17552
-0.125518
-0.340724
1.17657
-0.127213
-0.341177
1.17906
-0.130402
-0.34217
1.18216
-0.135777
-0.343523
1.18526
-0.139482
-0.345165
1.18958
-0.14204
-0.347254
1.19487
-0.143156
-0.350491
1.20005
-0.144602
-0.352795
1.2053
-0.14787
-0.356133
1.20899
-0.154041
-0.362341
1.21194
-0.161185
-0.367627
1.21369
-0.166863
-0.372434
1.2141
-0.168811
-0.376517
1.21303
-0.168634
-0.379755
1.2114
-0.170705
-0.383714
1.21
-0.175265
-0.390382
1.20768
-0.179684
-0.397967
1.20498
-0.183429
-0.404965
1.20272
-0.186525
-0.408136
1.20152
-0.186829
-0.407613
1.2023
-0.186151
-0.40851
1.20209
-0.184729
-0.412128
1.2006
-0.1828
-0.413427
1.19879
-0.183221
-0.414672
1.19687
-0.183253
-0.41557
1.19498
-0.182504
-0.415972
1.19344
-0.181065
-0.41596
1.19138
-0.179774
-0.415799
1.18924
-0.178882
-0.415502
1.18707
-0.178499
-0.413982
1.18564
-0.178419
-0.412632
1.18352
-0.177462
-0.41107
1.18201
-0.17667
-0.40919
1.18056
-0.176409
-0.407008
1.17872
-0.176473
-0.40511
1.17564
-0.176067
-0.404675
1.17093
-0.176208
-0.402916
1.16601
-0.177239
-0.401507
1.16012
-0.178736
-0.397873
1.15352
-0.180363
-0.392507
1.14784
-0.181154
-0.386693
1.14321
-0.18152
-0.380187
1.1405
-0.179067
-0.373138
1.13972
-0.172363
-0.367205
1.13941
-0.166706
-0.360865
1.14065
-0.161182
-0.355739
1.14248
-0.154514
-0.352259
1.14533
-0.150067
-0.351582
1.14711
-0.151681
-0.353732
1.14977
-0.159447
-0.355543
1.15278
-0.168625
-0.356908
1.15604
-0.177803
-0.357696
1.15983
-0.185779
-0.358396
1.16325
-0.191348
-0.358188
1.16724
-0.195149
-0.355042
1.17196
-0.196266
-0.351606
1.17678
-0.193538
-0.348304
1.18192
-0.189148
-0.34488
1.18712
-0.18335
-0.340625
1.19264
-0.175238
-0.336399
1.19775
-0.166229
-0.332059
1.20247
-0.157045
-0.326701
1.20725
-0.146929
-0.319017
1.21215
-0.137234
-0.311965
1.21584
-0.129523
-0.304456
1.21798
-0.122141
-0.296389
1.21902
-0.114554
-0.288892
1.21881
-0.108216
-0.282483
1.21747
-0.103474
-0.276778
1.21585
-0.0996917
-0.271786
1.21409
-0.0969164
-0.266088
1.21187
-0.0944615
-0.259996
1.20951
-0.0924888
-0.255073
1.20639
-0.0919605
-0.252548
1.20066
-0.0941254
-0.253252
1.19495
-0.0991465
-0.253329
1.18961
-0.10358
-0.253139
1.18379
-0.107787
-0.253645
1.17712
-0.112266
-0.254904
1.17109
-0.11699
-0.256012
1.1649
-0.121447
-0.258128
1.15981
-0.125498
-0.259857
1.15622
-0.129104
-0.261548
1.15321
-0.133397
-0.264176
1.14882
-0.137869
-0.268567
1.1448
-0.142529
-0.272749
1.14169
-0.147441
-0.276097
1.1375
-0.152442
-0.281076
1.13351
-0.158958
-0.285403
1.13139
-0.165149
-0.288346
1.12992
-0.171985
-0.29114
1.12898
-0.178691
-0.29434
1.1301
-0.183066
-0.299042
1.1308
-0.187359
-0.304182
1.13244
-0.191925
-0.307116
1.13514
-0.195166
-0.30919
1.13961
-0.197639
-0.311267
1.14399
-0.200087
-0.312154
1.14857
-0.202768
-0.311509
1.1541
-0.204791
-0.310514
1.15964
-0.204978
-0.309911
1.16486
-0.20358
-0.310254
1.16887
-0.200421
-0.309543
1.17315
-0.194739
-0.307781
1.1779
-0.187421
-0.305178
1.18115
-0.181277
-0.302564
1.18242
-0.176285
-0.299114
1.18305
-0.172022
-0.295945
1.18331
-0.169168
-0.293695
1.18509
-0.163496
-0.293156
1.18946
-0.154078
-0.291883
1.19281
-0.143679
-0.291157
1.19678
-0.135845
-0.287307
1.19978
-0.129719
-0.285096
1.20265
-0.123934
-0.285266
1.20472
-0.120821
-0.287115
1.20581
-0.117913
-0.289424
1.20685
-0.113922
-0.292109
1.20717
-0.10843
-0.297251
1.20678
-0.102754
-0.302668
1.20605
-0.098208
-0.308631
1.20532
-0.094671
-0.315064
1.20507
-0.0922733
-0.32098
1.20711
-0.0895552
-0.327512
1.2116
-0.0872894
-0.333532
1.21496
-0.0836815
-0.339626
1.21692
-0.0802506
-0.344245
1.21923
-0.0769828
-0.348227
1.22145
-0.0736713
-0.351725
1.22357
-0.071955
-0.354933
1.22527
-0.0715964
-0.358373
1.22486
-0.0726056
-0.36156
1.22592
-0.0738443
-0.362638
1.22826
-0.0741697
-0.362357
1.22977
-0.0735705
-0.363323
1.23033
-0.0735473
-0.365642
1.23107
-0.0749313
-0.368371
1.23168
-0.0773598
-0.371946
1.23176
-0.0813525
-0.375597
1.2318
-0.0874898
-0.378293
1.23241
-0.0938517
-0.38221
1.23207
-0.100638
