-0.0703176
0.994135
0.00460057
-0.0702023
0.994201
0.00447912
-0.0704185
0.994678
0.00397779
-0.0704101
0.995366
0.00454871
-0.0703173
0.995732
0.00490808
-0.0703936
0.996347
0.00509098
-0.0704812
0.996735
0.00524907
-0.0705128
0.997178
0.00544535
-0.0707949
0.997447
0.00555114
-0.0710003
0.99786
0.00565483
-0.0724911
0.998654
0.00526427
-0.0745659
1.00195
0.00383319
-0.0755717
1.0056
0.0023597
-0.0767942
1.00834
-0.0011257
-0.0747299
1.00939
-0.00275146
-0.0730217
1.01137
-0.00456154
-0.0711975
1.01386
-0.008313
-0.0676452
1.01516
-0.0114582
-0.0633509
1.01721
-0.015123
-0.0583006
1.01914
-0.0186119
-0.0514418
1.01999
-0.0217568
-0.0445717
1.01801
-0.0237795
-0.039102
1.01273
-0.0246777
-0.0318649
1.00605
-0.0259807
-0.025222
1.00086
-0.0287869
-0.0190079
0.99727
-0.0325604
-0.015505
0.993178
-0.036011
-0.0107336
0.991253
-0.0397576
-0.00818095
0.994279
-0.0447287
-0.00730242
1.00018
-0.047211
-0.00957465
1.00476
-0.0475889
-0.0127505
1.00809
-0.0464175
-0.0167703
1.01045
-0.0467017
-0.0221235
1.01322
-0.0476623
-0.026912
1.0135
-0.0498496
-0.0295151
1.01242
-0.0526605
-0.0315691
1.01146
-0.0559799
-0.034033
1.01171
-0.0575571
-0.0344649
1.01044
-0.0579923
-0.0351185
1.00669
-0.0597329
-0.0349796
1.00477
-0.0646503
-0.0352657
1.00399
-0.0667918
-0.0340791
1.00145
-0.0647121
-0.0278234
0.999043
-0.0626033
-0.0234262
0.998845
-0.0628826
-0.0177647
0.997515
-0.0619927
-0.0153368
0.99427
-0.0611389
-0.0144232
0.991465
-0.0596037
-0.0137141
0.989728
-0.0584302
-0.0133233
0.989107
-0.0577688
-0.0123993
0.989327
-0.0563358
-0.0106103
0.98938
-0.0553322
-0.00941101
0.988987
-0.0522843
-0.0109815
0.988959
-0.0511734
-0.0122338
0.987919
-0.0509988
-0.012326
0.985847
-0.0517442
-0.0124816
0.983531
-0.0550888
-0.0111785
0.981699
-0.0573877
-0.00910266
0.978746
-0.0566952
-0.00897203
0.975186
-0.0522775
-0.00924781
0.970463
-0.0470568
-0.00795815
0.966111
-0.0422144
-0.00778826
0.963277
-0.0381058
-0.0092367
0.961411
-0.0345305
-0.0108602
0.961705
-0.0306794
-0.0121442
0.961936
-0.0263743
-0.0149567
0.962646
-0.0210385
-0.0191718
0.963667
-0.0148791
-0.0224767
0.965288
-0.00873966
-0.0251008
0.967295
-0.004179
-0.0264139
0.969485
0.000341092
-0.0274643
0.971934
0.00507317
-0.0273958
0.974037
0.00999783
-0.0265036
0.976294
0.0142352
-0.0250534
0.97892
0.0176846
-0.0233837
0.981473
0.0199668
-0.0208859
0.984002
0.021421
-0.0178834
0.986735
0.0225702
-0.0146421
0.989211
0.0237437
-0.0105071
0.991425
0.0247824
-0.00582897
0.994236
0.0251199
-0.000963516
0.996603
0.0244438
0.00330663
0.998743
0.0223395
0.00903805
0.999872
0.0205379
0.0149326
1.00081
0.0190467
0.0206017
1.00135
0.0173273
0.0273386
1.00137
0.0145009
0.034057
1.00138
0.00960501
0.0407429
1.00108
0.00384939
0.0465764
1.00089
-0.0021641
0.0507273
1.00005
-0.0093731
0.0538234
0.998307
-0.0164108
0.0558797
0.995724
-0.0226213
0.057497
0.992811
-0.0289368
0.0594082
0.989181
-0.0344282
0.0593517
0.984479
-0.0391096
0.0593852
0.979321
-0.0403961
0.0580354
0.974936
-0.038746
0.056804
0.971239
-0.0353272
0.0549755
0.968025
-0.0309666
0.0533279
0.964434
-0.0258038
0.051707
0.961183
-0.0201785
0.0498842
0.957814
-0.0148714
0.047685
0.954053
-0.00824072
0.045146
0.95149
-0.0027329
0.0415214
0.94983
0.00168229
0.0393788
0.947374
0.00609966
0.0367466
0.94572
0.0119191
0.0341528
0.944416
0.018394
0.032494
0.943342
0.0252356
0.031686
0.942777
0.0319608
0.0312274
0.942582
0.0390836
0.0313209
0.942553
0.0466573
0.0326043
0.943312
0.052777
0.0325188
0.944228
0.0588241
0.0316405
0.945453
0.0649061
0.0304934
0.947277
0.0702899
0.0273179
0.949424
0.0736302
0.0222616
0.953111
0.0744272
0.0193706
0.95733
0.0729348
0.0177145
0.959087
0.0732187
0.0168254
0.957548
0.0753724
0.0150746
0.957324
0.0779745
0.0113323
0.958272
0.0808434
0.00918802
0.960104
0.0816291
0.00758568
0.961657
0.0813407
0.00617036
0.964116
0.0796846
0.00470236
0.966017
0.0777694
0.00298261
0.967279
0.0756632
-3.44832e-05
0.969064
0.0723077
-0.00276662
0.970754
0.0688685
-0.0041852
0.972167
0.0653232
-0.00594768
0.974161
0.0605291
-0.00702516
0.976879
0.0549426
-0.00765995
0.979495
0.0495986
-0.00670026
0.981798
0.0437896
-0.00511504
0.984532
0.0370451
-0.00271621
0.986231
0.0313653
0.000434876
0.986887
0.0265567
0.00295619
0.987614
0.021611
0.00620419
0.988139
0.0167974
0.0103283
0.988492
0.0117979
0.0132466
0.988749
0.00667223
0.0154544
0.988209
0.00178774
0.0156787
0.987128
-0.00314941
0.0148849
0.985507
-0.00714068
0.0137032
0.982857
-0.0105531
0.0124743
0.978477
-0.0131342
0.0113954
0.97541
-0.015494
0.0102587
0.974629
-0.0170446
0.0101198
0.975726
-0.0188068
0.0102375
0.977208
-0.020175
0.0103554
0.979324
-0.0200456
0.0116472
0.980133
-0.0200203
0.0144363
0.979563
-0.0204341
0.0150589
0.979039
-0.0213843
0.0156419
0.978798
-0.0216699
0.0174297
0.978656
-0.0224582
0.0198365
0.979864
-0.0243548
0.0218964
0.980471
-0.029212
0.0229964
0.9807
-0.0363347
0.02407
0.978882
-0.0412921
0.02632
0.976862
-0.0446969
0.0298643
0.975157
-0.0490784
0.0333317
0.97308
-0.0543371
0.0371853
0.970443
-0.0584859
0.0391643
0.966554
-0.0617204
0.0414099
0.960943
-0.064396
0.043484
0.956148
-0.0668726
0.0448531
0.951355
-0.0678589
0.0488869
0.945808
-0.0677926
0.0488836
0.943063
-0.0647168
0.0483965
0.940623
-0.0612692
0.0475869
0.937804
-0.0577992
0.0455617
0.934724
-0.0538582
0.0434886
0.930991
-0.0504829
0.0412114
0.928951
-0.0476496
0.0381432
0.927299
-0.0444856
0.0345101
0.926043
-0.0418218
0.0314945
0.924002
-0.0394992
0.0293616
0.921475
-0.0369785
0.026613
0.919854
-0.0337645
0.0228112
0.918726
-0.0295245
0.020215
0.917491
-0.0245966
0.0180759
0.91684
-0.0194024
0.0161612
0.916914
-0.0145431
0.0142999
0.916996
-0.00992278
0.0127761
0.917011
-0.00522072
0.0113624
0.917162
-6.34535e-05
0.0093369
0.917175
0.00540859
0.00826937
0.917069
0.0111563
0.00784772
0.916942
0.0165529
0.00788234
0.916491
0.0213443
0.00852037
0.916467
0.0266536
0.00947218
0.916582
0.0334853
0.0116458
0.916829
0.0427837
0.0149396
0.916557
0.0541491
0.0185928
0.916179
0.0636938
0.0201417
0.918092
0.0672841
0.0210809
0.921763
0.0670375
0.0238029
0.924381
0.0657796
0.0239779
0.927126
0.0635767
0.0248656
0.927922
0.0616443
0.0252233
0.92652
0.0609482
0.0248459
0.925135
0.0631061
0.0239794
0.92423
0.0641793
0.0242399
0.922467
0.0642095
0.022109
0.920917
0.0633519
0.0194454
0.920648
0.0631746
0.0170791
0.919905
0.06023
0.0159105
0.917635
0.0592811
0.0132917
0.916949
0.0578586
0.0102196
0.916807
0.056815
0.00711182
0.916175
0.0587089
0.00468539
0.915808
0.0626767
0.00224436
0.915293
0.066533
0.000656081
0.913938
0.068852
-0.00138865
0.912764
0.0696221
-0.0053043
0.912805
0.0697372
-0.00725816
0.912279
0.0675737
-0.00595624
0.911341
0.0637163
-0.00509143
0.90989
0.0593626
-0.00471987
0.90802
0.0545466
-0.00192567
0.906312
0.0490157
0.000428353
0.904991
0.0430051
0.00312303
0.904987
0.0366199
0.00661731
0.904454
0.0301622
0.0090666
0.903333
0.0248283
0.0102365
0.902631
0.0206773
0.0124469
0.901908
0.0161229
0.0143941
0.900489
0.0116374
0.0167641
0.899618
0.00719845
0.0195582
0.899035
0.00290553
0.0218277
0.898661
-0.00171574
0.0231736
0.898061
-0.00671064
0.0269347
0.896379
-0.0121917
0.0287114
0.895296
-0.0183792
0.0299963
0.893694
-0.0237985
0.0301216
0.891181
-0.0278906
0.0295461
0.88816
-0.0321076
0.0269502
0.885431
-0.0368209
0.0247177
0.881732
-0.0416638
0.0229454
0.877959
-0.0463169
0.0201678
0.874894
-0.0506946
0.0167006
0.872986
-0.0509518
0.0136929
0.870819
-0.0485292
0.0123102
0.868791
-0.0446546
0.00805077
0.864943
-0.0392682
0.00436765
0.860563
-0.0322264
0.00186492
0.856997
-0.0264497
0.000567607
0.854334
-0.0199536
-0.00126023
0.851919
-0.0119006
-0.00112722
0.849257
-0.00439781
-0.00043359
0.846903
0.00259216
0.00119771
0.844267
0.00912596
0.00312683
0.841606
0.0151673
0.00497502
0.839145
0.0207894
0.00881368
0.836094
0.0263624
0.0119221
0.833128
0.0318226
0.0131664
0.830635
0.0365234
0.0155906
0.827719
0.0407269
0.0183901
0.825873
0.0450428
0.0214342
0.824879
0.0495669
0.0238014
0.82487
0.0561668
0.02482
0.825417
0.0625235
0.0246944
0.826363
0.06755
0.0236794
0.827758
0.0710566
0.0211149
0.829898
0.0727394
0.0178399
0.831739
0.0735067
0.0141125
0.834516
0.0741136
0.0100873
0.836687
0.0744797
0.00638488
0.837956
0.0737918
0.00128699
0.837676
0.072174
-0.00367422
0.836307
0.0700664
-0.00818226
0.834606
0.0678667
-0.0131149
0.832711
0.0650373
-0.0191477
0.831084
0.0628889
-0.0258929
0.828923
0.0595622
-0.0337824
0.828181
0.0566844
-0.0408093
0.827782
0.0531281
-0.0464249
0.82851
0.0496889
-0.0492645
0.830429
0.0452852
-0.0536326
0.831722
0.0409105
-0.057679
0.831636
0.0370396
-0.061345
0.831556
0.0322752
-0.0631708
0.831981
0.0275974
-0.0640053
0.832886
0.0222992
-0.0632566
0.833682
0.016024
-0.0631671
0.834778
0.00931898
-0.0623582
0.835827
0.00241972
-0.0614077
0.837019
-0.0044228
-0.0620786
0.837183
-0.00881915
-0.0622842
0.836883
-0.0101608
-0.0625989
0.836993
-0.0105863
-0.0633935
0.836626
-0.0123306
-0.0631286
0.834885
-0.0166967
-0.0631733
0.832359
-0.0217643
-0.0640717
0.829341
-0.0252329
-0.0662548
0.828552
-0.030114
-0.0682583
0.830337
-0.0337412
-0.0704951
0.831893
-0.0341345
-0.0729712
0.833362
-0.0336181
-0.0752262
0.834927
-0.0324651
-0.0780753
0.836394
-0.0286854
-0.0805495
0.83805
-0.0230982
-0.0801117
0.839708
-0.0166939
-0.080599
0.841251
-0.0116183
-0.0814142
0.842444
-0.00781959
-0.0798548
0.843193
-0.00532016
-0.0771726
0.845104
-0.00445242
-0.0734152
0.849755
-0.00442939
-0.0692761
0.851831
-0.0051735
-0.0622909
0.852547
-0.00348045
-0.0549259
0.851713
-0.000783304
-0.0469315
0.852027
0.0012666
-0.0400583
0.852306
0.00499593
-0.0348708
0.853523
0.0102661
-0.028281
0.85375
0.0165127
-0.02328
0.853798
0.0225633
-0.0188737
0.853399
0.0280958
-0.0124753
0.852936
0.0328513
-0.00658632
0.852673
0.0362826
-0.00263217
0.853555
0.0388834
0.00172629
0.853787
0.0415685
0.00461848
0.85427
0.0438835
0.00800727
0.854608
0.0459078
0.010776
0.854482
0.0471555
0.0125837
0.853056
0.0474553
0.0141749
0.851942
0.0478041
0.0153851
0.849898
0.0480605
0.0163377
0.847806
0.0476401
0.0163572
0.845807
0.0471027
0.0165698
0.843191
0.0469502
0.0158929
0.84021
0.0468795
0.0158572
0.837206
0.0467596
0.0148659
0.834706
0.0465982
0.012618
0.831945
0.0467617
0.00998336
0.830217
0.0467624
0.00739802
0.830314
0.0468375
0.00506586
0.831697
0.047853
0.00165091
0.832934
0.0492646
-0.00141238
0.835908
0.0498536
-0.00483274
0.840328
0.0505615
-0.00780373
0.845674
0.0510164
-0.0101404
0.852047
0.050881
-0.0152817
0.860584
0.0508838
-0.017348
0.868307
0.0532902
-0.0184542
0.874171
0.0562832
-0.0196412
0.879236
0.0599615
-0.0201295
0.883254
0.0634546
-0.0187894
0.887794
0.0659244
-0.0159688
0.892764
0.0671262
-0.0147552
0.897537
0.0695709
-0.0130789
0.902937
0.0737015
-0.00947124
0.906937
0.0782674
-0.00611422
0.911431
0.0837255
-0.00228388
0.913985
0.0887188
0.00243318
0.915668
0.0930298
0.00717774
0.915462
0.0971071
0.0112108
0.915001
0.100248
0.0150148
0.914499
0.103548
0.0170711
0.913023
0.107672
0.0186386
0.91084
0.112203
0.0193769
0.908064
0.115292
0.0217129
0.903829
0.118252
0.0248517
0.899899
0.120394
0.0261583
0.896809
0.121472
0.026738
0.895108
0.121094
0.026841
0.895058
0.118804
0.0268633
0.896422
0.11343
0.0259444
0.897645
0.10888
0.0257973
0.898132
0.10642
0.0250528
0.898908
0.105392
0.0241079
0.899638
0.10457
0.0236349
0.899826
0.103872
0.023085
0.899152
0.101954
0.0204799
0.898302
0.0999085
0.0179543
0.899211
0.0969446
0.0159289
0.903051
0.0932816
0.0135901
0.906897
0.0900879
0.0119795
0.910509
0.0876902
0.0109428
0.914423
0.0851135
0.0100698
0.916429
0.0838974
0.00921724
0.916959
0.0835946
0.0093535
0.917802
0.0825773
0.00982441
0.918381
0.0814241
0.0114196
0.916091
0.0800735
0.0137105
0.910521
0.0808834
0.015461
0.906117
0.0821167
0.0161135
0.903325
0.0826209
0.0166121
0.90268
0.0836503
0.0151684
0.904615
0.0834217
0.0123386
0.908168
0.0827006
0.0105034
0.910881
0.0826912
0.00937846
0.913483
0.0832399
0.00828774
0.915239
0.0843349
0.0062332
0.917801
0.0855621
0.00312176
0.921949
0.084761
0.00181424
0.925599
0.0839341
0.000725804
0.929093
0.0836072
-0.000494556
0.934119
0.0830962
-0.00221146
0.941202
0.0805565
-0.00469059
0.947888
0.0775873
-0.00535364
0.952548
0.0732985
-0.00581864
0.956098
0.0690187
-0.00531643
0.959179
0.0635584
-0.0048605
0.962141
0.0572301
-0.00461074
0.964316
0.0515631
-0.00330879
0.965825
0.0463661
-0.00145338
0.966219
0.0409228
0.000485092
0.967402
0.0346865
0.00142337
0.970346
0.0279494
0.000133875
0.972411
0.0225608
-0.00369725
0.975284
0.0177728
-0.00734479
0.976781
0.0145565
-0.0109493
0.977925
0.0113852
-0.0118758
0.97858
0.00744579
-0.0150896
0.978117
0.00298813
-0.0170017
0.975542
-0.00148826
-0.0175487
0.972776
-0.00545993
-0.0181714
0.970246
-0.00818468
-0.0178471
0.967228
-0.0118416
-0.0164577
0.963229
-0.015632
-0.0145244
0.960033
-0.019138
-0.0108696
0.957831
-0.0232333
-0.00580326
0.957213
-0.0284974
-0.000897972
0.956716
-0.0344535
0.002686
0.956554
-0.0401303
0.00548017
0.955436
-0.0435716
0.00692854
0.955781
-0.0457555
0.00775621
0.957261
-0.0461965
0.00843169
0.960844
-0.0450065
0.00913918
0.963368
-0.0426055
0.00874286
0.964812
-0.0405379
0.00935105
0.964441
-0.0386914
0.00986887
0.962088
-0.0357719
0.00899997
0.961265
-0.0344845
0.0029032
0.963415
-0.0344342
-0.00430133
0.966901
-0.0352261
-0.00930502
0.969985
-0.0355614
-0.0150142
0.973814
-0.0352515
-0.0199089
0.977228
-0.0341499
-0.0236355
0.97992
-0.0315777
-0.0261788
0.979759
-0.0266188
-0.0285837
0.977818
-0.0211992
-0.0299959
0.978498
-0.0137135
-0.0304842
0.978174
-0.00544654
-0.0336892
0.976686
0.00177903
-0.0390276
0.976074
0.00656947
-0.04573
0.976007
0.00987294
-0.0519315
0.975145
0.0129432
-0.0577214
0.973033
0.0149861
-0.0634004
0.970476
0.0153271
-0.0688477
0.968442
0.0142808
-0.0735189
0.965192
0.00957788
-0.0794307
0.963266
0.00665197
-0.0843833
0.961097
0.00261897
-0.0892559
0.959683
-0.00219375
-0.0934139
0.958737
-0.0081499
-0.0968947
0.959552
-0.0162943
-0.100333
0.961763
-0.0241457
-0.102941
0.962352
-0.0306646
-0.105492
0.961121
-0.0353303
-0.107321
0.959145
-0.0403379
-0.10904
0.955017
-0.0465891
-0.11123
0.947537
-0.0509792
-0.112375
0.941438
-0.0544316
-0.113423
0.937208
-0.0569968
-0.113142
0.932539
-0.059603
-0.113649
0.928484
-0.0622682
-0.11459
0.924128
-0.0648893
-0.115281
0.919255
-0.0658549
-0.115967
0.916147
-0.0644651
-0.116265
0.913424
-0.0633823
-0.117774
0.909505
-0.0619399
-0.118178
0.906816
-0.0594218
-0.120611
0.905028
-0.0597711
-0.123064
0.90314
-0.0621523
-0.123997
0.901011
-0.0656744
-0.126341
0.899196
-0.0679721
-0.126569
0.894935
-0.0683373
-0.122657
0.890686
-0.0673218
-0.118278
0.886514
-0.0681749
-0.115028
0.880793
-0.0694557
-0.111569
0.874042
-0.0692367
-0.108077
0.866943
-0.06795
-0.106204
0.860654
-0.0669504
-0.106754
0.856893
-0.068784
-0.105813
0.85301
-0.0715456
-0.103655
0.848722
-0.0738902
-0.100269
0.845313
-0.0751932
-0.0961221
0.842076
-0.0755437
-0.0920136
0.838844
-0.075052
-0.0857872
0.83579
-0.0733678
-0.0786209
0.832724
-0.0700162
-0.0731689
0.830208
-0.066713
-0.0700671
0.828648
-0.0623225
-0.0673473
0.827307
-0.0568334
-0.0647393
0.828402
-0.0510638
-0.0636658
0.83021
-0.043766
-0.0632447
0.831948
-0.0356754
-0.064146
0.833948
-0.0288131
-0.0656103
0.836307
-0.0229338
-0.0676032
0.839777
-0.0181668
-0.0698356
0.84358
-0.0139744
-0.0719589
0.848525
-0.0113004
-0.0741217
0.854506
-0.0103304
-0.0754229
0.859983
-0.0103005
-0.077823
0.866018
-0.0123492
-0.0792056
0.871696
-0.0168016
-0.0795465
0.877009
-0.0224304
-0.0790896
0.881674
-0.0280956
-0.0781956
0.886098
-0.032626
-0.0775659
0.890211
-0.0369736
-0.0763202
0.893774
-0.0427824
-0.0737416
0.898936
-0.0487639
-0.0700783
0.904192
-0.0532984
-0.0667618
0.909103
-0.0558438
-0.0631842
0.914125
-0.0576913
-0.058938
0.91967
-0.0590527
-0.0544041
0.92569
-0.059245
-0.0498432
0.932503
-0.059118
-0.0442179
0.940092
-0.0593712
-0.0372503
0.947508
-0.0594546
-0.0291165
0.95425
-0.056251
-0.0213494
0.959485
-0.0515482
-0.0125768
0.96423
-0.0465495
-0.0046513
0.969706
-0.0417651
0.00310274
0.97482
-0.0357427
0.00947903
0.97984
-0.0285854
0.014662
0.983539
-0.0192403
0.0184747
0.985448
-0.00930573
0.0200223
0.987337
-0.00033148
0.0200437
0.991217
0.00464602
0.0187906
0.996
0.00831407
0.0165348
1.00016
0.0112741
0.0126519
1.00364
0.0130045
0.0084164
1.0062
0.0148223
0.00432195
1.00788
0.0166964
-6.89477e-05
1.00841
0.0187955
-0.00417584
1.00779
0.0206669
-0.00752336
1.00497
0.0216745
-0.0118119
1.00119
0.0226895
-0.0154285
0.998128
0.020958
-0.0179744
0.995596
0.0189744
-0.0198288
0.992313
0.0171905
-0.0206928
0.98969
0.0148969
-0.0216917
0.985628
0.0128946
-0.026136
0.980525
0.0106197
-0.0286225
0.975125
0.0083365
-0.0295919
0.970092
0.00631911
-0.0318365
0.966098
0.00177911
-0.0312435
0.961838
-0.00316024
-0.0300786
0.958818
-0.00891074
-0.0284226
0.9576
-0.0149036
-0.0259651
0.956392
-0.0204733
-0.0246222
0.95623
-0.0255699
-0.0231365
0.955217
-0.0307781
-0.0213416
0.95467
-0.0357099
-0.0198572
0.954458
-0.0401243
-0.0175872
0.954528
-0.0456298
-0.0151123
0.955148
-0.0511661
-0.0123405
0.955982
-0.0543861
-0.00886973
0.956682
-0.0557647
-0.00456288
0.95656
-0.0563234
0.000143522
0.956378
-0.0569734
0.00323506
0.955649
-0.0573807
0.00734279
0.95452
-0.0577768
0.0117991
0.953729
-0.0581253
0.0165204
0.952323
-0.0587163
0.0214775
0.950879
-0.0607582
0.0260641
0.949727
-0.0632272
0.0286659
0.94901
-0.064406
0.0318035
0.947914
-0.0636794
0.0340338
0.94518
-0.0598472
0.0386701
0.941706
-0.052429
0.0426286
0.937413
-0.0441708
0.0437748
0.936974
-0.0375845
0.0453824
0.937289
-0.0325721
0.0458515
0.937623
-0.0280975
0.0478751
0.936268
-0.0243708
0.0451817
0.9337
-0.0203676
0.0442251
0.932305
-0.0186422
0.0458383
0.931236
-0.0168035
0.045949
0.928259
-0.0151556
0.0462524
0.926961
-0.0149911
0.0472271
0.927578
-0.0151586
0.0491791
0.927642
-0.0150201
0.0507011
0.927079
-0.0154819
0.053041
0.925627
-0.0146416
0.0538633
0.92458
-0.0143063
0.0544814
0.924287
-0.0145103
0.056651
0.92462
-0.0149042
0.0590826
0.925591
-0.0156255
0.0597669
0.927475
-0.0177524
0.0587703
0.928574
-0.0202421
0.0579012
0.929356
-0.0223584
0.0570133
0.929806
-0.0258679
0.0565923
0.930935
-0.032991
0.0561057
0.930942
-0.0414038
0.0542437
0.927868
-0.0495544
0.0515539
0.920524
-0.0579769
0.0478758
0.91094
-0.0639841
0.0431883
0.900632
-0.0669119
0.0371497
0.890771
-0.0676766
0.0301062
0.88082
-0.0684707
0.0205658
0.8703
-0.0687147
0.0116389
0.859088
-0.0668426
0.00221634
0.848502
-0.0623211
-0.00707933
0.840184
-0.0599958
-0.00919328
0.838693
-0.0622278
-0.0110949
0.845327
-0.0574285
-0.0162613
0.855035
-0.0498392
-0.0227705
0.860737
-0.0416972
-0.028308
0.861
-0.0344606
-0.0343302
0.860086
-0.0275708
-0.0419389
0.861418
-0.0229738
-0.0503236
0.86524
-0.0189971
-0.0562621
0.868175
-0.0138443
-0.0618693
0.869469
-0.00771654
-0.0657265
0.871368
-0.000296928
-0.0714543
0.873312
0.00528435
-0.0749638
0.876234
0.00890022
-0.0743712
0.876491
0.0114748
-0.0734482
0.874573
0.0130113
-0.0732797
0.873785
0.0136993
-0.073795
0.875245
0.0145054
-0.0773587
0.876405
0.0139016
-0.0799965
0.877091
0.015517
-0.0813307
0.877447
0.0186677
-0.0819313
0.878886
0.0206767
-0.083799
0.882132
0.0206352
-0.0884475
0.887642
0.0204594
-0.0904433
0.890031
0.021483
-0.090918
0.891066
0.0240975
-0.0903187
0.892011
0.0272895
-0.0886338
0.892532
0.0298427
-0.087537
0.89274
0.0318239
-0.0870914
0.892668
0.0328196
-0.0868035
0.892649
0.0333082
-0.0870256
0.893567
0.0329169
-0.0896941
0.899527
0.0306869
-0.0904573
0.90559
0.0302194
-0.0909906
0.909922
0.0303322
-0.0947346
0.915551
0.0301638
-0.096142
0.922745
0.0309353
-0.0961566
0.929633
0.0320765
-0.0960343
0.935547
0.0335869
-0.0951369
0.941017
0.0358129
-0.0933061
0.945943
0.0375401
-0.0923833
0.952848
0.037167
-0.0899909
0.960204
0.0356173
-0.0843443
0.967477
0.034108
-0.0802379
0.974385
0.0331309
-0.0752787
0.980564
0.035053
-0.0713949
0.986895
0.0359993
-0.0671569
0.994637
0.034977
-0.0638416
1.00381
0.0334213
-0.05759
1.01327
0.0311094
-0.0533851
1.02286
0.0276384
-0.0485434
1.03038
0.0237661
-0.0464093
1.03689
0.0188017
-0.0444059
1.04279
0.011143
-0.0437233
1.04568
0.00306181
-0.0464274
1.04328
-0.00345401
-0.0480601
1.03941
-0.00972672
-0.0495019
1.0346
-0.0170318
-0.0511783
1.02891
-0.023797
-0.0538067
1.02142
-0.0297227
-0.0577055
1.01322
-0.0360994
-0.0599906
1.00403
-0.0408695
-0.0602491
0.996103
-0.0433407
-0.0595809
0.989943
-0.0435567
-0.0589403
0.983875
-0.0445587
-0.0572179
0.977019
-0.0456729
-0.0550247
0.968965
-0.0457987
-0.0526426
0.961098
-0.0444176
-0.0501228
0.95308
-0.0420787
-0.0471467
0.945136
-0.0407136
-0.0434611
0.938987
-0.0428273
-0.0394264
0.933607
-0.0458144
-0.0326402
0.927908
-0.0507906
-0.0249301
0.922448
-0.0567059
-0.0173151
0.91778
-0.0620855
-0.00958929
0.914122
-0.0663168
-0.0030337
0.91152
-0.0703047
0.00322242
0.910722
-0.0743742
0.00923858
0.910472
-0.0785466
0.0134687
0.912386
-0.083126
0.0181782
0.914513
-0.0873917
0.022693
0.918052
-0.092715
0.0252221
0.922273
-0.0981111
0.0286593
0.927936
-0.101527
0.0333481
0.934661
-0.101972
0.0371997
0.943793
-0.101679
0.040314
0.953037
-0.100176
0.0435834
0.962572
-0.0982407
0.0440089
0.972111
-0.0949792
0.0428451
0.980149
-0.0908293
0.0406722
0.987678
-0.0848871
0.037262
0.995989
-0.0792648
0.031169
1.00532
-0.0722836
0.0259962
1.01197
-0.0635097
0.0210097
1.01695
-0.0550341
0.0169935
1.02115
-0.047058
0.0123775
1.02268
-0.0391291
0.00672405
1.01917
-0.0306483
0.00338343
1.0148
-0.024201
-0.000273122
1.01179
-0.0186938
-0.00383904
1.00962
-0.0135931
-0.00551797
1.00891
-0.00958911
-0.00585255
1.00765
-0.00691677
-0.0077737
1.0044
-0.00619072
-0.00919621
0.997574
-0.00743781
-0.0097396
0.989153
-0.00537054
-0.010576
0.98517
-0.00411459
-0.0099601
0.981107
-0.00375099
-0.00931156
0.974297
-0.000769904
-0.00884813
0.964678
0.00424964
-0.00681932
0.955315
0.0076592
-0.00391694
0.946241
0.00949089
-0.0015312
0.938627
0.0115473
-0.00362886
0.930327
0.010788
-0.00376945
0.921972
0.00464237
-0.00367591
0.911407
0.000896452
-0.00596106
0.900011
0.00227496
-0.0111152
0.890978
0.0066949
-0.0158249
0.884811
0.0132273
-0.020335
0.880416
0.0200024
-0.0248662
0.87645
0.0263243
-0.0306408
0.871972
0.0326201
-0.0367717
0.867166
0.0374171
-0.0431311
0.863673
0.042072
-0.0496834
0.862161
0.0468445
-0.0549965
0.862066
0.0523552
-0.0589454
0.86159
0.0574458
-0.063712
0.861403
0.0606734
-0.0682692
0.862007
0.0626558
-0.0729724
0.865601
0.0632905
-0.0768616
0.870224
0.0639716
-0.0799389
0.874501
0.0618017
-0.0829732
0.878729
0.0572396
-0.0858002
0.88273
0.0507644
-0.0883457
0.88653
0.0432683
-0.0898054
0.89025
0.0362979
-0.0898696
0.892789
0.0291763
-0.0894475
0.894182
0.0224518
-0.0882621
0.895755
0.0167348
-0.0854914
0.897989
0.0117565
-0.0830961
0.898898
0.00403114
-0.0814909
0.899814
-0.00404367
-0.0779532
0.899307
-0.0127098
-0.0746755
0.898082
-0.0213271
-0.0709754
0.895453
-0.0275626
-0.0674884
0.891706
-0.033305
-0.0637503
0.88694
-0.0385045
-0.0597452
0.881986
-0.0426252
-0.055349
0.877605
-0.0464241
-0.0506417
0.873973
-0.0487961
-0.0447828
0.870648
-0.050726
-0.0387327
0.86821
-0.0496558
-0.0322736
0.865223
-0.0475911
-0.0265424
0.861923
-0.0454201
-0.020431
0.858712
-0.0432538
-0.0142653
0.85526
-0.0408425
-0.0091136
0.852945
-0.0371013
-0.000901367
0.85216
-0.0332908
0.00710798
0.848511
-0.0280829
0.0141288
0.843557
-0.0221427
0.0219138
0.838754
-0.0165186
0.0285806
0.834287
-0.010644
0.0342757
0.830098
-0.00481284
0.0411186
0.825596
0.000931043
0.0484329
0.821066
0.00662115
0.0561131
0.816463
0.0125764
0.0578217
0.818
0.00957094
0.0490055
0.825053
0.00115779
0.044623
0.827326
0.00565125
0.0381277
0.832551
0.00644956
0.0298348
0.840432
0.00788177
0.0236529
0.847368
0.0104903
0.0173566
0.855459
0.010563
0.010461
0.862928
0.0122146
0.00375055
0.868217
0.0160562
-0.00116271
0.873523
0.019514
-0.00552551
0.878434
0.0226241
-0.00986008
0.882576
0.0250301
-0.0161495
0.886672
0.0280379
-0.020664
0.8891
0.0321622
-0.0255759
0.89145
0.0352586
-0.0287737
0.892861
0.0381969
-0.030865
0.89401
0.0405305
-0.0327011
0.895202
0.0430983
-0.0355118
0.896476
0.0444011
-0.0370944
0.896964
0.0449002
-0.0376253
0.896055
0.0456171
-0.0368606
0.895691
0.0461382
-0.0362533
0.895907
0.0466198
-0.0372909
0.895208
0.047613
-0.0379913
0.893889
0.0487162
-0.0377836
0.891994
0.0509822
-0.0393233
0.892141
0.0516104
-0.0426184
0.894332
0.048488
-0.0445791
0.897719
0.045988
-0.0452623
0.899579
0.0444877
-0.0456563
0.901535
0.044808
-0.043049
0.903572
0.0451275
-0.0395633
0.905376
0.0448731
-0.0376872
0.907864
0.0442723
-0.03786
0.912769
0.0406656
-0.038541
0.919117
0.037875
-0.0405174
0.925833
0.0367447
-0.0433908
0.937684
0.0339715
-0.044393
0.948959
0.0310499
-0.0428424
0.956301
0.027934
-0.0423669
0.961445
0.0234051
-0.0423914
0.964888
0.017713
-0.0423529
0.964822
0.0122122
-0.0451879
0.963359
0.00674369
-0.0490675
0.960555
0.00209254
-0.0544595
0.956166
-0.00146109
-0.0589676
0.950466
-0.00486674
-0.0613157
0.946374
-0.0054499
-0.0675681
0.94289
-0.00556029
-0.0709889
0.938401
-0.00506752
-0.0731137
0.933755
-0.00579968
-0.0741403
0.928793
-0.00565945
-0.0744119
0.923473
-0.00434374
-0.072637
0.918133
-0.00320984
-0.0687384
0.914153
-0.00154659
-0.0672614
0.909549
-0.000125395
-0.0668286
0.905832
0.0010007
-0.0649589
0.900508
0.00399733
-0.0622227
0.893782
0.00880713
-0.0607265
0.890329
0.0135833
-0.0591052
0.890313
0.0168528
-0.0586839
0.889771
0.0194772
-0.0579785
0.88825
0.0225762
-0.0563597
0.886693
0.0252696
-0.0540384
0.883993
0.0277187
-0.0490802
0.880021
0.0289075
-0.0438167
0.87567
0.0283884
-0.0390802
0.871866
0.0235779
-0.0357212
0.869581
0.016186
-0.0331694
0.869861
0.00719165
-0.030843
0.872613
-0.00184438
-0.0303855
0.875363
-0.00781428
-0.029023
0.876419
-0.00982924
-0.0269802
0.878071
-0.0130833
-0.0259265
0.879393
-0.0209248
-0.02382
0.879636
-0.0277215
-0.0235198
0.879217
-0.0356344
-0.0211167
0.87753
-0.0406801
-0.0193538
0.877668
-0.0423698
-0.0202937
0.878713
-0.0419093
-0.0198014
0.879328
-0.0404751
-0.0221197
0.880461
-0.0387214
-0.0251282
0.879814
-0.0355936
-0.0275408
0.878526
-0.0317767
-0.0287095
0.878403
-0.0302088
-0.0287693
0.88215
-0.0310869
-0.0281767
0.886529
-0.0324696
-0.0288941
0.891088
-0.0339582
-0.0299893
0.89647
-0.03553
-0.0310321
0.90253
-0.0354114
-0.0317104
0.90881
-0.0341513
-0.0319912
0.915902
-0.0318108
-0.0325316
0.923855
-0.0285284
-0.0322311
0.932316
-0.02362
-0.0321388
0.939046
-0.0168545
-0.0310296
0.943091
-0.00915654
-0.0265643
0.946148
0.000949347
-0.0245134
0.946568
0.0112991
-0.0242624
0.943537
0.0228658
-0.0237595
0.938315
0.0338834
-0.0228911
0.933387
0.0419335
-0.0221057
0.931037
0.0465285
-0.0215844
0.928894
0.0492654
-0.0212124
0.924826
0.0517941
-0.0209968
0.920197
0.0550933
-0.0197544
0.915166
0.0592009
-0.0166384
0.90765
0.0629525
-0.013832
0.899715
0.0661201
-0.0111764
0.895841
0.066955
-0.00957693
0.895266
0.0666612
-0.0062503
0.890925
0.0663266
-0.00381601
0.883997
0.0628221
-0.00305761
0.877286
0.0580319
-0.00332069
0.871369
0.052525
-0.0039207
0.867213
0.0467814
-0.00490462
0.863831
0.0389556
-0.00500385
0.860532
0.0297362
-0.00375261
0.858248
0.0209749
-0.00367308
0.856328
0.0137123
-0.00293396
0.855614
0.007668
-0.00219266
0.855019
0.00305691
-0.00167096
0.853878
-0.000196156
-0.000355226
0.852801
-0.0020125
0.000608419
0.85047
-0.00145009
0.00253258
0.848712
-0.000712552
0.00280775
0.848034
-0.00135745
0.00177357
0.847652
-0.00699227
0.00326249
0.849634
-0.012448
0.00202373
0.852036
-0.0177193
0.00241234
0.853875
-0.0226493
0.000199062
0.856927
-0.0275582
-0.0025699
0.859281
-0.0311064
-0.0088794
0.861196
-0.0329976
-0.0117547
0.8623
-0.0342413
-0.0131939
0.863678
-0.0347758
-0.0147944
0.865151
-0.0346736
-0.015592
0.866919
-0.0350128
-0.0159661
0.869179
-0.0357288
-0.0164018
0.871594
-0.0368236
-0.0164307
0.875034
-0.0374043
-0.018794
0.880927
-0.0372869
-0.0207534
0.88711
-0.0372818
-0.0228323
0.89381
-0.0378659
-0.0249645
0.900333
-0.0415972
-0.0234892
0.905954
-0.0425515
-0.0208694
0.910801
-0.0408071
-0.0206026
0.916947
-0.0375481
-0.0215536
0.922848
-0.0323239
-0.0220563
0.928239
-0.0257563
-0.021923
0.93417
-0.0190113
-0.0199913
0.939838
-0.0108544
-0.0186512
0.946775
0.000646172
-0.0192587
0.954723
0.0122348
-0.0189927
0.961313
0.021535
-0.0186034
0.967618
0.0293599
-0.0182819
0.972875
0.0381094
-0.0182869
0.975302
0.0483397
-0.0184654
0.974225
0.0561167
-0.0194268
0.972892
0.0614813
-0.0226232
0.972896
0.0623643
-0.0270788
0.975685
0.0611982
-0.0304175
0.976851
0.0603289
-0.0338277
0.976252
0.0569977
-0.0374982
0.9744
0.0530514
-0.0447251
0.97442
0.0487723
-0.051894
0.975371
0.0455174
-0.0583589
0.976264
0.0417478
-0.0627584
0.976494
0.037538
-0.0649987
0.976979
0.033863
-0.0660528
0.974547
0.03104
-0.0677634
0.972653
0.0248406
-0.0684992
0.972569
0.0189007
-0.070003
0.97416
0.0136249
-0.0702916
0.97868
0.00372085
-0.0746755
0.980504
-0.00428809
-0.078596
0.979173
-0.00990932
-0.081491
0.97612
-0.0129636
-0.0834926
0.971772
-0.016251
-0.0833905
0.965964
-0.017407
-0.0809992
0.953789
-0.016674
-0.0772845
0.943373
-0.0160288
-0.0707959
0.936473
-0.0138152
-0.0629951
0.931749
-0.0104375
-0.054324
0.92766
-0.00711283
-0.0466603
0.922953
-0.00130345
-0.0400243
0.918508
0.00558363
-0.0346873
0.914737
0.0107214
-0.0300338
0.911546
0.0137803
-0.0241048
0.908748
0.0154766
-0.0167003
0.904626
0.0156661
-0.00905877
0.900658
0.0152873
-0.000873486
0.896652
0.0121553
0.00813163
0.894167
0.00725531
0.014425
0.894182
1.69059e-05
0.0209746
0.897227
-0.00476526
0.0292498
0.901013
-0.00711145
0.0348437
0.907209
-0.00880856
0.0393903
0.913245
-0.0100085
0.042147
0.919633
-0.0109761
0.0420583
0.928064
-0.0145796
0.0379235
0.936143
-0.0178337
0.0334668
0.941678
-0.0211109
0.0298979
0.947032
-0.0262122
0.0280826
0.951285
-0.0298667
0.0242691
0.952587
-0.0302118
0.0189843
0.950478
-0.0290137
0.00861806
0.946152
-0.0289157
-0.000267043
0.939488
-0.0285786
-0.00746482
0.933079
-0.0298566
-0.0152307
0.928044
-0.033064
-0.0245628
0.923285
-0.0357751
-0.0348909
0.920072
-0.037887
-0.0428348
0.916182
-0.039143
-0.0510502
0.913547
-0.0410069
-0.0604559
0.913501
-0.044594
-0.0693456
0.915154
-0.0474443
-0.0775421
0.917282
-0.0483351
-0.0855907
0.921207
-0.0451256
-0.093495
0.924809
-0.0399157
-0.0985372
0.925614
-0.0306915
-0.102003
0.925968
-0.0195352
-0.104121
0.928421
-0.00808938
-0.105845
0.932523
0.00719976
-0.105233
0.936358
0.0244779
-0.104322
0.940054
0.0397472
