0.999428
0.0337637
-0.00172429
0.0337833
-0.999345
0.0129745
-0.0012851
-0.0130254
-0.999914
0.999444
0.0329669
-0.00494578
0.0330268
-0.999375
0.0125731
-0.0045282
-0.0127294
-0.999909
0.999446
0.0330143
-0.00416112
0.0330406
-0.999433
0.0064092
-0.00394717
-0.00654314
-0.999971
0.999441
0.0330297
-0.00520216
0.0330798
-0.999404
0.00986873
-0.0048731
-0.0100353
-0.999938
0.999414
0.0335113
-0.00694782
0.0335892
-0.99937
0.0114208
-0.00656073
-0.0116475
-0.999911
0.999421
0.0332048
-0.00735474
0.033289
-0.999378
0.0116382
-0.00696372
-0.0118763
-0.999905
0.999421
0.0332737
-0.00715406
0.0333346
-0.999408
0.00856849
-0.00686472
-0.00880201
-0.999938
0.995191
0.03488
0.091537
0.0342325
-0.999377
0.00863509
0.0917812
-0.00546002
-0.995764
0.995012
0.0332206
-0.0940568
0.0341625
-0.999381
0.00842182
-0.0937188
-0.011593
-0.995531
0.999364
-0.0351218
0.00618554
-0.0351785
-0.999338
0.00931656
0.00585423
-0.00952823
-0.999937
0.994973
0.10014
0.000661789
0.100132
-0.994944
0.00768495
0.00142802
-0.00758005
-0.99997
0.999492
0.0317964
0.00240148
0.0315254
-0.996661
0.0753151
0.00478821
-0.0752011
-0.997157
0.999521
0.0306685
0.00402268
0.0306513
-0.999521
0.00426367
0.00415151
-0.00413833
-0.999983
0.994481
0.0307993
0.100296
0.0304228
-0.999523
0.00528117
0.100411
-0.00220073
-0.994944
0.996257
0.0291629
-0.0813773
0.0296407
-0.99955
0.00467022
-0.0812045
-0.00706483
-0.996672
0.9991
-0.039144
0.0163616
-0.0392133
-0.999223
0.00393512
0.0161949
-0.00457317
-0.999858
0.999515
0.0289147
0.0115992
0.0288253
-0.999554
0.00780112
0.0118196
-0.00746298
-0.999902
0.993601
0.0305046
0.108748
0.0294086
-0.999499
0.0116684
0.10905
-0.00839564
-0.994001
0.996714
0.0293873
-0.0754776
0.0303522
-0.999471
0.0116691
-0.0750947
-0.0139217
-0.997079
0.998993
-0.0390517
0.0220703
-0.0392885
-0.999174
0.0104
0.0216459
-0.0112567
-0.999702
0.995127
0.0965999
0.0197671
0.0964119
-0.995289
0.0102565
0.0206648
-0.00830072
-0.999752
0.999423
0.0260557
0.0217776
0.0273157
-0.997842
-0.0597142
0.0201747
0.0602746
-0.997978
0.999446
0.0276082
0.0185614
0.0261103
-0.99672
0.0765962
0.0206152
-0.0760692
-0.996889
0.999384
0.0273251
0.0220339
0.0271639
-0.999602
0.0075853
0.0222324
-0.0069821
-0.999728
0.992619
0.0281928
0.11795
0.0273081
-0.999586
0.00911015
0.118158
-0.00582191
-0.992978
0.997263
0.0273681
-0.0686783
0.0279403
-0.999582
0.00738555
-0.0684475
-0.00928423
-0.997612
0.998602
-0.0409611
0.0334091
-0.0413155
-0.999096
0.00998669
0.0329698
-0.011353
-0.999392
0.995161
0.0939453
0.0287962
0.093741
-0.995561
0.00836879
0.0294546
-0.00562891
-0.99955
0.999172
0.0241253
0.0327512
0.0260208
-0.997934
-0.0587431
0.0312664
0.0595467
-0.997736
0.999209
0.0251438
0.030816
0.0228937
-0.997191
0.0713144
0.0325226
-0.0705525
-0.996978
0.999217
0.0242017
0.0312908
0.024061
-0.999699
0.00486344
0.0313991
-0.00410675
-0.999498
0.991495
0.0258999
0.127541
0.0252647
-0.999659
0.00659628
0.127669
-0.00331789
-0.991811
0.997933
0.0251581
-0.0591376
0.0253728
-0.999674
0.00288193
-0.0590459
-0.00437646
-0.998246
0.998127
-0.044496
0.0419806
-0.0446936
-0.998994
0.00378119
0.0417701
-0.00565037
-0.999111
0.995084
0.090766
0.0396173
0.0906679
-0.995872
0.00427153
0.0398415
-0.000658519
-0.999206
0.999002
0.0206725
0.0396053
0.0230691
-0.997869
-0.0610425
0.038259
0.0618953
-0.997349
0.998974
0.0228376
0.0391056
0.0201652
-0.997521
0.06742
0.0405483
-0.0665622
-0.996958
0.998911
0.0217049
0.0413005
0.0215799
-0.999761
0.00347036
0.0413659
-0.00257532
-0.999141
0.990648
0.0222418
0.134617
0.021834
-0.999751
0.00450534
0.134683
-0.00152399
-0.990888
0.998589
0.0226083
-0.0480567
0.0226534
-0.999743
0.000393116
-0.0480355
-0.00148121
-0.998845
0.997576
-0.0469713
0.0513337
-0.0470705
-0.998891
0.00072491
0.0512428
-0.00313946
-0.998681
0.994919
0.0880066
0.048907
0.0878913
-0.99612
0.0045081
0.0491139
-0.000186693
-0.998793
0.99866
0.017668
0.0486484
0.020687
-0.997845
-0.0622696
0.0474434
0.0631926
-0.996873
0.99853
0.0203852
0.0502315
0.0170703
-0.997703
0.0655608
0.0514526
-0.0646069
-0.996583
0.998604
0.0184812
0.0494906
0.0186663
-0.99982
-0.00327956
0.0494211
0.00419878
-0.998769
0.999098
0.0204094
-0.0372455
0.0203812
-0.999792
-0.00113634
-0.0372609
0.000376204
-0.999305
0.996913
-0.0501681
0.0603922
-0.0497727
-0.998728
-0.00803578
0.0607185
0.0050051
-0.998142
0.994655
0.0854183
0.0580161
0.0854049
-0.996343
0.0027148
0.0580358
0.00225457
-0.998312
0.998067
0.0179863
0.0594814
0.0142626
-0.997947
0.0624452
0.0604824
-0.0614761
-0.996274
0.998158
0.0131145
0.0592422
0.0138053
-0.999841
-0.0112673
0.0590851
0.0120644
-0.99818
0.988533
0.0109455
0.150611
0.0128404
-0.99985
-0.0116148
0.150461
0.0134155
-0.988525
0.999596
0.012956
-0.0252971
0.0126507
-0.999846
-0.0121887
-0.0254511
0.0118637
-0.999606
0.995906
-0.0576567
0.0696217
-0.0568371
-0.99829
-0.0136975
0.0702923
0.00968434
-0.997479
0.994498
0.078442
0.06943
0.0790587
-0.996851
-0.00617518
0.068727
0.0116303
-0.997568
0.997428
0.00655912
0.0713731
0.012014
-0.997015
-0.0762691
0.0706598
0.0769304
-0.994529
0.997674
0.00975756
0.0674653
0.00634376
-0.998697
0.0506313
0.0678714
-0.0500855
-0.996436
0.997775
0.00833848
0.0661451
0.00935085
-0.999844
-0.0150105
0.0660096
0.0155956
-0.997697
0.988301
0.00622757
0.152392
0.00856846
-0.999855
-0.0147091
0.152278
0.0158428
-0.988211
0.999831
0.00929982
-0.0158612
0.00902532
-0.99981
-0.0172912
-0.016019
0.0171451
-0.999725
0.995296
-0.0616794
0.0747029
-0.0603801
-0.997984
-0.0195302
0.0757569
0.0149278
-0.997015
0.994302
0.0739458
0.0767848
0.0750856
-0.997104
-0.0120599
0.0756707
0.0177567
-0.996975
0.996995
0.00201165
0.0774404
0.00840071
-0.996575
-0.0822659
0.0770097
0.0826692
-0.993597
0.997404
0.00552101
0.0717977
0.00227866
-0.998977
0.0451633
0.0719736
-0.0448824
-0.996396
0.997646
0.00418774
0.0684431
0.00555761
-0.999788
-0.0198365
0.0683456
0.0201702
-0.997458
0.999959
0.00523766
-0.00732177
0.00509015
-0.999787
-0.0200225
-0.00742508
0.0199844
-0.999773
0.994776
-0.066192
0.07771
-0.0645412
-0.997637
-0.0235682
0.0790863
0.0184296
-0.996697
0.994536
0.0687194
0.0785834
0.0702609
-0.997383
-0.0170191
0.0772082
0.0224475
-0.996762
0.996828
-0.00157657
0.0795664
0.00510413
-0.996479
-0.0836907
0.0794182
0.0838313
-0.99331
0.997002
0.000395463
0.0773719
-0.00273292
-0.999183
0.0403229
0.0773247
-0.0404135
-0.996187
0.997321
-9.42895e-05
0.0731493
0.00172714
-0.99969
-0.0248365
0.073129
0.0248963
-0.997012
0.995417
0.00315355
0.095582
0.00507951
-0.999789
-0.0199132
0.095499
0.0203075
-0.995222
0.981611
0.000930176
0.190888
0.00471491
-0.999801
-0.0193737
0.190832
0.0199175
-0.981421
0.999969
0.00551312
0.0056938
0.00563291
-0.999758
-0.0212423
0.00557531
0.0212737
-0.999758
0.992199
-0.0665695
0.105398
-0.0642717
-0.997618
-0.0250533
0.106814
0.0180838
-0.994115
0.992202
0.0699111
0.103192
0.0718951
-0.99729
-0.0156291
0.10182
0.0229262
-0.994539
0.994339
-0.00192813
0.106238
0.00760571
-0.995979
-0.0892618
0.105983
0.0895645
-0.990326
0.994778
0.00160056
0.102046
-0.00313555
-0.998926
0.0462344
0.10201
-0.0463129
-0.993705
0.994558
0.000216812
0.104182
0.00277248
-0.999699
-0.0243866
0.104145
0.0245427
-0.994259
0.97958
-0.00206086
0.201045
0.00286074
-0.999703
-0.0241865
0.201035
0.0242677
-0.979283
0.999853
0.00280816
0.0169077
0.00323506
-0.999675
-0.0252751
0.0168312
0.0253261
-0.999538
0.991084
-0.0696014
0.113617
-0.0661527
-0.997235
-0.0338508
0.115659
0.0260329
-0.992948
0.991204
0.0667457
0.114277
0.0694327
-0.997392
-0.0196926
0.112665
0.0274539
-0.993254
0.99343
-0.00489572
0.114339
0.00586011
-0.995598
-0.093544
0.114294
0.0935994
-0.989028
0.993886
-0.00244253
0.110387
-0.00662108
-0.999275
0.0375029
0.110215
-0.0380045
-0.993181
0.993323
-0.00350802
0.115309
6.11321e-05
-0.999521
-0.0309348
0.115363
0.0307353
-0.992848
0.976911
-0.00435755
0.213603
0.00195197
-0.999568
-0.0293187
0.213639
0.0290587
-0.97648
0.99967
0.00105014
0.025663
0.00190689
-0.999441
-0.0333829
0.0256136
0.0334208
-0.999113
0.989772
-0.0722796
0.12299
-0.0679206
-0.996917
-0.0392786
0.125449
0.0305233
-0.99163
0.990229
0.0638057
0.123993
0.0673277
-0.997432
-0.0244206
0.122117
0.0325302
-0.991983
0.992089
-0.00802492
0.125283
0.00431597
-0.995185
-0.0979228
0.125466
0.0976888
-0.987277
0.992636
-0.00446661
0.121052
-0.00849726
-0.999426
0.0328012
0.120836
-0.0335883
-0.992104
0.992428
-0.00518512
0.122717
-0.000602769
-0.999302
-0.0373486
0.122825
0.0369919
-0.991739
0.974557
-0.00834554
0.223984
-0.00051086
-0.999387
-0.035014
0.224139
0.0340087
-0.973964
0.999309
-0.000773103
0.0371493
0.000567638
-0.999349
-0.0360665
0.037153
0.0360627
-0.998659
0.98833
-0.074872
0.132656
-0.0693278
-0.996536
-0.0459375
0.135636
0.0362046
-0.990097
0.988823
0.0611933
0.135956
0.0657316
-0.997412
-0.0291417
0.133821
0.0377527
-0.990286
0.990829
-0.00944342
0.134789
0.00469757
-0.994544
-0.10421
0.135038
0.103887
-0.985379
0.991308
-0.00715229
0.131365
-0.0109728
-0.999537
0.0283825
0.131101
-0.0295772
-0.990928
0.990763
-0.00777332
0.135383
-0.00204749
-0.999099
-0.0423815
0.135591
0.0417128
-0.989886
0.972208
-0.0117261
0.233826
-0.00244346
-0.999199
-0.039949
0.234107
0.0382674
-0.971457
0.998842
-0.00332176
0.0480045
-0.00118745
-0.999012
-0.0444211
0.0481046
0.0443126
-0.997859
0.986518
-0.077791
0.143982
-0.0714252
-0.996248
-0.048873
0.147243
0.0379302
-0.988373
0.98745
0.0590561
0.146476
0.0646085
-0.99735
-0.0334394
0.144113
0.0424833
-0.988649
0.989005
-0.0124057
0.14736
0.00392429
-0.993922
-0.110012
0.147829
0.109381
-0.982946
0.989787
-0.00999246
0.142202
-0.0131912
-0.99968
0.0215694
0.141941
-0.0232249
-0.989603
0.989249
-0.011651
0.145774
-0.00493675
-0.998914
-0.0463364
0.146156
0.0451186
-0.988232
0.969676
-0.0144814
0.243966
-0.00362547
-0.998985
-0.044888
0.244368
0.0426423
-0.968744
0.998208
-0.00586562
0.0595543
-0.00288195
-0.998742
-0.0500628
0.059773
0.0498015
-0.996969
0.984652
-0.0805976
0.154808
-0.0725871
-0.995748
-0.0567277
0.158722
0.04462
-0.986315
0.986175
0.0556615
0.156076
0.0626149
-0.997236
-0.0399907
0.153419
0.0492105
-0.986935
0.987505
-0.0158166
0.156792
0.00203359
-0.993589
-0.113038
0.157575
0.111944
-0.981142
0.988097
-0.0127676
0.153302
-0.0154182
-0.999751
0.0161137
0.153058
-0.0182855
-0.988048
0.987293
-0.0137223
0.158314
-0.00580796
-0.998715
-0.0503464
0.158801
0.0487872
-0.986104
0.966773
-0.0178554
0.255013
-0.00569614
-0.998815
-0.0483401
0.255574
0.0452813
-0.965728
0.997435
-0.00805043
0.0711233
-0.00421885
-0.99854
-0.0538593
0.071453
0.0534211
-0.996012
0.98283
-0.0832248
0.16468
-0.0741695
-0.995415
-0.0604032
0.168951
0.0471518
-0.984496
0.984143
0.0527522
0.169351
0.0607541
-0.997251
-0.042418
0.166648
0.0520342
-0.984643
0.985307
-0.0182199
0.169817
0.00218082
-0.99287
-0.11918
0.170778
0.117799
-0.978242
0.986154
-0.016152
0.165045
-0.0185351
-0.999745
0.0129094
0.164795
-0.0157898
-0.986202
0.985619
-0.0160778
0.168214
-0.00698545
-0.998489
-0.0545051
0.168836
0.0525463
-0.984242
0.963925
-0.0210026
0.265343
-0.00753915
-0.998636
-0.0516566
0.266066
0.0477927
-0.962769
0.980745
-0.0862956
0.17519
-0.0758462
-0.994966
-0.0655025
0.17996
0.0509538
-0.982353
0.982409
0.050847
0.179686
0.0598826
-0.997181
-0.0452208
0.17688
0.0551854
-0.982684
0.9834
-0.0201506
0.180327
0.00199397
-0.992554
-0.121787
0.181439
0.120125
-0.976038
0.984428
-0.017861
0.174879
-0.0195909
-0.999775
0.008171
0.174694
-0.0114698
-0.984556
0.983742
-0.0199118
0.178482
-0.00948828
-0.998209
-0.0590652
0.179338
0.0564114
-0.982169
0.960786
-0.0236342
0.276282
-0.00897089
-0.998489
-0.0542178
0.277146
0.0496132
-0.959546
0.978638
-0.0892
0.185234
-0.0776774
-0.994618
-0.0685716
0.190354
0.0527182
-0.980299
0.980725
0.0475008
0.189534
0.0575706
-0.997188
-0.0479792
0.186722
0.057966
-0.980701
0.981452
-0.0250806
0.190059
-0.00103956
-0.992087
-0.125549
0.191704
0.123023
-0.973712
0.982412
-0.0212766
0.185511
-0.0226459
-0.99973
0.00526555
0.185349
-0.00937402
-0.982628
0.985185
-0.0310578
0.168657
-0.0219015
-0.998197
-0.0558813
0.170088
0.0513596
-0.984089
0.995518
-0.0278446
0.0903806
-0.0226599
-0.998066
-0.0578925
0.0918178
0.055585
-0.994223
0.979616
-0.101598
0.173291
-0.0913743
-0.993627
-0.0660069
0.178893
0.0488271
-0.982656
0.983348
0.0340183
0.178519
0.0431552
-0.997936
-0.0475498
0.176533
0.054462
-0.982787
0.983083
-0.0364783
0.179489
-0.0153035
-0.992899
-0.117972
0.182518
0.113229
-0.976661
0.984235
-0.0344848
0.173469
-0.0360321
-0.999334
0.00577765
0.173155
-0.011937
-0.984822
0.984145
-0.03647
0.173578
-0.0260425
-0.997738
-0.0619776
0.175445
0.0564745
-0.982868
0.980781
-0.0364601
0.191675
-0.0248945
-0.99774
-0.0624062
0.193517
0.0564352
-0.979472
0.959238
-0.0388712
0.279913
-0.0232151
-0.997986
-0.059033
0.281644
0.0501285
-0.958209
0.993551
-0.0296736
0.109436
-0.0231382
-0.997899
-0.0605123
0.111001
0.0575899
-0.99215
0.974618
-0.104976
0.197738
-0.0922866
-0.9931
-0.072357
0.20397
0.0522719
-0.977581
0.978448
0.0301947
0.204272
0.0408774
-0.997997
-0.0482796
0.202406
0.0555893
-0.977723
0.977783
-0.0409616
0.205579
-0.0149095
-0.991828
-0.126709
0.209089
0.120828
-0.970403
0.979667
-0.0379954
0.196999
-0.0391133
-0.999233
0.00178544
0.19678
-0.0094544
-0.980402
0.978024
-0.0398541
0.204647
-0.0264333
-0.997342
-0.0679012
0.20681
0.0609995
-0.976478
0.954555
-0.0447125
0.294661
-0.0260196
-0.99741
-0.0670586
0.296896
0.0563442
-0.953246
0.992006
-0.0341943
0.121468
-0.0258228
-0.997224
-0.0698371
0.123519
0.0661422
-0.990135
0.971711
-0.109565
0.209219
-0.0943301
-0.9922
-0.0814894
0.216515
0.0594485
-0.974468
0.976153
0.0269312
0.215405
0.0396755
-0.997694
-0.0550602
0.213425
0.0622935
-0.974971
0.975437
-0.0450015
0.215633
-0.0161554
-0.990888
-0.133713
0.219686
0.126945
-0.967276
0.976656
-0.0426251
0.21054
-0.0416105
-0.999091
-0.00924864
0.210742
0.000272072
-0.977542
0.975643
-0.0444736
0.214811
-0.0288408
-0.996738
-0.0753701
0.217462
0.0673389
-0.973743
0.95109
-0.0495485
0.304914
-0.0278193
-0.99678
-0.0752025
0.307658
0.0630418
-0.949406
0.990498
-0.038703
0.13197
-0.0287638
-0.996662
-0.0764056
0.134487
0.0718836
-0.988305
0.968339
-0.114807
0.221671
-0.0969339
-0.99122
-0.0899269
0.230049
0.0655923
-0.970966
0.973125
0.0223474
0.229191
0.0372219
-0.997457
-0.0607832
0.22725
0.0676805
-0.971482
0.972166
-0.0505631
0.228771
-0.0180614
-0.989703
-0.141993
0.233594
0.133909
-0.963069
0.97219
-0.0486382
0.229088
-0.0316608
-0.996512
-0.0772118
0.232044
0.0678114
-0.970339
0.947262
-0.054164
0.315849
-0.0303274
-0.996341
-0.0799047
0.319021
0.0661118
-0.945439
0.96544
-0.119066
0.231837
-0.0989426
-0.990392
-0.0966142
0.241113
0.0703368
-0.967945
0.969588
-0.054532
0.23859
-0.0193718
-0.988902
-0.147299
0.243975
0.138198
-0.959884
0.972951
-0.0490856
0.225737
-0.03494
-0.997192
-0.0662404
0.228354
0.0565614
-0.971934
0.948529
-0.0515617
0.312464
-0.0335775
-0.997469
-0.0626696
0.314905
0.0489522
-0.94786
0.988743
-0.0419855
0.14361
-0.0328611
-0.997323
-0.0653288
0.145969
0.0598742
-0.987476
0.965912
-0.117395
0.23072
-0.101237
-0.991583
-0.0807077
0.238252
0.0545992
-0.969667
0.971371
0.0178641
0.236896
0.0309271
-0.998192
-0.051541
0.235547
0.057392
-0.970167
0.970618
-0.0530428
0.234707
-0.0226297
-0.9912
-0.130423
0.239559
0.12128
-0.963277
0.971399
-0.0510945
0.231889
-0.0512562
-0.998671
-0.00533148
0.231854
-0.00670677
-0.972728
0.969946
-0.0507815
0.237961
-0.0352699
-0.996993
-0.0689985
0.240749
0.058532
-0.968821
0.942773
-0.0556743
0.328754
-0.0348406
-0.997013
-0.0689308
0.33161
0.0535321
-0.941897
0.987221
-0.0446819
0.152963
-0.0342585
-0.996951
-0.0701141
0.155629
0.0639779
-0.985742
0.962346
-0.120386
0.243715
-0.102535
-0.991117
-0.0846988
0.251747
0.0565203
-0.966141
0.9676
0.0157423
0.251998
0.0300588
-0.998139
-0.0530634
0.250694
0.0589189
-0.966272
0.967244
-0.0549878
0.247821
-0.0224835
-0.990977
-0.13213
0.252851
0.12223
-0.959753
0.967861
-0.053718
0.245682
-0.0534592
-0.99854
-0.00772767
0.245738
-0.00565463
-0.96932
0.96657
-0.0537094
0.250716
-0.035964
-0.996547
-0.0748346
0.25387
0.0633161
-0.965164
0.938143
-0.0594306
0.341108
-0.0361673
-0.99659
-0.0741636
0.344353
0.0572391
-0.937094
0.98545
-0.0465079
0.163479
-0.0346866
-0.996622
-0.0744369
0.166389
0.0676833
-0.983735
0.959274
-0.123406
0.254095
-0.103214
-0.990453
-0.091373
0.262945
0.0614257
-0.962854
0.964846
0.012941
0.262498
0.0292139
-0.997878
-0.0581846
0.261188
0.0638077
-0.963177
0.964435
-0.0587049
0.257719
-0.0230793
-0.990003
-0.139142
0.263311
0.128246
-0.956149
0.964546
-0.0558374
0.25794
-0.0546655
-0.998436
-0.0117186
0.258191
-0.00279726
-0.96609
0.963495
-0.0562528
0.261751
-0.0361956
-0.99607
-0.0808309
0.265269
0.0684059
-0.961745
0.93276
-0.0613457
0.35524
-0.035953
-0.996332
-0.0776523
0.3587
0.059659
-0.931544
0.983451
-0.0492345
0.174358
-0.0355655
-0.996106
-0.0806725
0.177651
0.0731363
-0.981372
0.956785
-0.12576
0.262198
-0.104319
-0.990072
-0.0942063
0.271442
0.062783
-0.960405
0.961656
0.00919948
0.274106
0.0275014
-0.997634
-0.0630019
0.272878
0.0681244
-0.959634
0.961128
-0.0586717
0.269796
-0.0555979
-0.998272
-0.0190277
0.270446
0.00328792
-0.962729
0.982214
-0.0585487
0.178403
-0.0435177
-0.995254
-0.0870344
0.182652
0.0777227
-0.980101
0.957177
-0.132706
0.257296
-0.111174
-0.989098
-0.0965647
0.267306
0.0638248
-0.961496
0.96436
0.00237332
0.264584
0.020477
-0.99763
-0.0656859
0.263801
0.0687627
-0.962123
0.962255
-0.0683324
0.263431
-0.0304723
-0.988931
-0.145214
0.270438
0.131706
-0.953686
0.963647
-0.0675408
0.2585
-0.0637538
-0.9977
-0.0230148
0.25946
0.00569777
-0.965737
0.962242
-0.0692888
0.263231
-0.0468242
-0.994778
-0.090684
0.268139
0.0749344
-0.960461
0.980408
-0.0634899
0.186467
-0.0463364
-0.994403
-0.0949548
0.191452
0.0844542
-0.977862
0.954208
-0.138437
0.265183
-0.113467
-0.987725
-0.107348
0.276789
0.0723432
-0.958204
0.961305
-0.00314922
0.275469
0.0176673
-0.997172
-0.0730535
0.274919
0.0750935
-0.95853
0.958656
-0.0733661
0.274948
-0.0320608
-0.987888
-0.151819
0.282756
0.136727
-0.949397
0.960951
-0.0722928
0.267107
-0.066532
-0.997316
-0.0305672
0.2686
0.0116024
-0.963182
