0.996984
-0.0775795
0.00230097
0.00108887
-0.0156626
-0.999877
0.077606
0.996863
-0.0155309
0.996999
-0.0773884
0.00210922
0.000871037
-0.0160299
-0.999871
0.0774122
0.996872
-0.0159144
0.997013
-0.0771972
0.00249272
0.00131564
-0.0152947
-0.999882
0.0772262
0.996899
-0.0151475
0.997013
-0.0771972
0.00230097
0.00112449
-0.0152799
-0.999883
0.0772233
0.996899
-0.0151475
0.997041
-0.0768147
0.00287621
0.00167435
-0.015706
-0.999875
0.0768503
0.996922
-0.0155309
0.997042
-0.0768148
0.00249272
0.00132151
-0.0152942
-0.999882
0.0768439
0.996928
-0.0151475
0.997027
-0.077006
0.00268446
0.00150973
-0.0153092
-0.999882
0.0770379
0.996913
-0.0151475
0.997012
-0.0771971
0.00268446
0.0015068
-0.0153095
-0.999882
0.0772291
0.996898
-0.0151475
0.99689
-0.0785339
0.00651937
0.00524857
-0.0163772
-0.999852
0.078629
0.996777
-0.0159141
0.996557
-0.0819695
0.0124633
0.0105477
-0.0237607
-0.999662
0.082238
0.996352
-0.0228143
0.9966
-0.0815883
0.0115046
0.00884803
-0.0328478
-0.999421
0.0819189
0.996125
-0.0320142
0.996502
-0.0825422
0.0130385
0.00985129
-0.0389029
-0.999194
0.0829829
0.995828
-0.0379537
0.996336
-0.0840674
0.0157227
0.0122047
-0.0421981
-0.999035
0.0846497
0.995566
-0.0410174
0.996293
-0.0846411
0.0153392
0.0113083
-0.0478986
-0.998788
0.0852732
0.99526
-0.0467639
0.996268
-0.0848313
0.0159144
0.0116257
-0.0508118
-0.998641
0.0855246
0.995099
-0.0496359
0.996246
-0.0850218
0.0162978
0.011718
-0.0540899
-0.998467
0.0857731
0.99491
-0.0528906
0.996187
-0.0855941
0.016873
0.011961
-0.0575792
-0.998269
0.0864175
0.994665
-0.0563359
0.996151
-0.0859758
0.0170647
0.0117466
-0.0619863
-0.998008
0.0868623
0.994367
-0.0607378
0.996226
-0.0852126
0.0164895
0.0108425
-0.0663133
-0.99774
0.0861135
0.994154
-0.0651391
0.99622
-0.0852121
0.016873
0.0110089
-0.0688239
-0.997568
0.0861661
0.993983
-0.0676257
0.996186
-0.0857864
0.0159144
0.00981701
-0.0710349
-0.997426
0.0866961
0.993778
-0.0699218
0.996173
-0.0859777
0.0157227
0.00957953
-0.0714014
-0.997402
0.0868769
0.993735
-0.0703046
0.996186
-0.0857864
0.0159144
0.00981701
-0.0710349
-0.997426
0.0866961
0.993778
-0.0699218
0.996147
-0.0861679
0.0162978
0.0101375
-0.0714527
-0.997393
0.0871078
0.993715
-0.0703039
0.99615
-0.0861682
0.0161061
0.00994691
-0.0714362
-0.997396
0.0870943
0.993716
-0.0703041
0.99615
-0.0861682
0.0161061
0.00993021
-0.0716268
-0.997382
0.0870962
0.993702
-0.0704954
0.996128
-0.0863587
0.0164895
0.0103143
-0.0714712
-0.997389
0.0873117
0.993697
-0.0703037
0.99615
-0.0861682
0.0161061
0.00991351
-0.0718173
-0.997369
0.0870982
0.993689
-0.0706866
0.996128
-0.0863587
0.0164895
0.0102808
-0.0718523
-0.997362
0.0873157
0.99367
-0.0706862
0.99615
-0.0861682
0.0161061
0.00991351
-0.0718173
-0.997369
0.0870982
0.993689
-0.0706866
0.996128
-0.0863587
0.0164895
0.010264
-0.0720428
-0.997349
0.0873177
0.993656
-0.0708775
0.996114
-0.08655
0.0162978
0.0100765
-0.0718377
-0.997365
0.0874927
0.993654
-0.0706864
0.995922
-0.0880727
0.019557
0.0131533
-0.072711
-0.997266
0.089254
0.993457
-0.071256
0.995172
-0.0953192
0.0233911
0.0157432
-0.0802108
-0.996654
0.0968764
0.99221
-0.0783229
0.993858
-0.104626
0.0360407
0.0268722
-0.0877555
-0.99578
0.107347
0.990632
-0.0844051
0.992902
-0.111846
0.0404477
0.0298899
-0.0945121
-0.995075
0.115118
0.989221
-0.0904982
0.992232
-0.116397
0.0438961
0.0322208
-0.100355
-0.99443
0.120154
0.98812
-0.0958254
0.991274
-0.122648
0.0483016
0.0352801
-0.106206
-0.993718
0.127007
0.986751
-0.100952
0.9909
-0.127041
0.0444708
0.0317339
-0.100579
-0.994423
0.130805
0.986785
-0.0956322
0.989934
-0.135222
0.0417888
0.0302763
-0.0861013
-0.995826
0.138256
0.987067
-0.0811405
0.988867
-0.143198
0.0404477
0.0304129
-0.071585
-0.996971
0.14566
0.987102
-0.066433
0.987801
-0.150013
0.0417888
0.0321473
-0.0661315
-0.997293
0.15237
0.98647
-0.0605023
0.986921
-0.15511
0.0438961
0.0347281
-0.0613308
-0.997513
0.157417
0.985992
-0.055142
0.986077
-0.160019
0.045237
0.0366149
-0.0564274
-0.997735
0.162209
0.9855
-0.0497827
0.985327
-0.163584
0.0486846
0.0411412
-0.0491911
-0.997942
0.165642
0.985302
-0.0417393
0.984217
-0.166698
0.0594068
0.0533255
-0.0407266
-0.997746
0.168742
0.985167
-0.0311945
0.981956
-0.177182
0.0661047
0.0617404
-0.0300391
-0.99764
0.17875
0.98372
-0.0185578
0.981212
-0.181325
0.0659134
0.062231
-0.0259292
-0.997725
0.182622
0.983081
-0.014158
0.979721
-0.189416
0.0653393
0.0626936
-0.0199328
-0.997834
0.190308
0.981695
-0.00765339
0.978914
-0.194913
0.0611293
0.0600648
-0.0113731
-0.99813
0.195244
0.980755
0.000574184
0.977429
-0.200275
0.0672526
0.0691082
0.0022805
-0.997607
0.199642
0.979737
0.0160696
0.976495
-0.204966
0.0666787
0.0703174
0.0105123
-0.997469
0.203746
0.978713
0.0246778
0.975534
-0.209064
0.0680178
0.0734211
0.0181846
-0.997135
0.207228
0.977733
0.0330894
0.974913
-0.212062
0.0676352
0.0748338
0.0260961
-0.996854
0.209629
0.976908
0.0413108
0.974184
-0.216211
0.0649567
0.0734777
0.0315997
-0.996796
0.213466
0.975835
0.0466705
0.973904
-0.218305
0.0620863
0.0714902
0.035438
-0.996812
0.215409
0.975237
0.0501198
0.973899
-0.217716
0.0641913
0.0743857
0.0389478
-0.996469
0.214447
0.975235
0.0541261
0.973501
-0.218215
0.0684004
0.0792912
0.0415381
-0.995986
0.214498
0.975016
0.0577399
0.973152
-0.219705
0.0685917
0.080162
0.0441775
-0.995802
0.215753
0.974566
0.0606034
0.972917
-0.222006
0.0643826
0.0765021
0.0464217
-0.995988
0.218127
0.97394
0.0621484
0.972631
-0.227441
0.0475355
0.0586548
0.0423785
-0.997378
0.224831
0.972869
0.0545592
0.971281
-0.234406
0.0408309
0.0508875
0.0370132
-0.998018
0.23243
0.971434
0.0478786
0.970286
-0.239291
0.0358491
0.0446908
0.0316246
-0.9985
0.237798
0.970433
0.041379
0.969382
-0.24341
0.0323997
0.0393447
0.0237237
-0.998944
0.242385
0.969633
0.0325743
0.968884
-0.245656
0.0302915
0.0362773
0.019877
-0.999144
0.244844
0.969153
0.0281702
0.967647
-0.250484
0.0302915
0.035514
0.016355
-0.999235
0.249797
0.967983
0.0247215
0.966559
-0.254557
0.0310581
0.0362264
0.015639
-0.999221
0.253873
0.966931
0.0243378
0.964531
-0.26195
0.0325913
0.0367221
0.0108882
-0.999266
0.261403
0.96502
0.0201214
0.963173
-0.267341
0.0287582
0.0319634
0.00764413
-0.99946
0.266977
0.963572
0.0159077
0.961604
-0.273272
0.025308
0.0284296
0.00746872
-0.999568
0.272965
0.961908
0.014951
0.960039
-0.278805
0.0243495
0.0283527
0.0103343
-0.999545
0.278427
0.960292
0.0178262
0.958785
-0.283232
0.0226243
0.0278303
0.01437
-0.999509
0.282768
0.958944
0.0216602
0.958487
-0.284743
0.0149558
0.0212664
0.0190835
-0.999592
0.284342
0.958414
0.0243468
0.958448
-0.285132
0.00882027
0.0158863
0.0224781
-0.999621
0.284825
0.958225
0.0260737
0.958593
-0.284775
0.00191747
0.0115548
0.0321658
-0.999416
0.284547
0.958055
0.0341244
0.959028
-0.283304
-0.00230097
0.00941699
0.0399931
-0.999156
0.283156
0.958196
0.0410223
0.959277
-0.282378
-0.0070946
0.00814115
0.0527454
-0.998575
0.282349
0.957852
0.0528963
0.959745
-0.280716
-0.00939549
0.00875213
0.063324
-0.997955
0.280737
0.9577
0.0632317
0.959795
-0.280531
-0.00977897
0.0105244
0.0707769
-0.997437
0.280504
0.957232
0.0708838
0.960383
-0.278506
-0.00997071
0.0127008
0.0794812
-0.996755
0.278395
0.95714
0.0798696
0.960869
-0.27665
-0.0139971
0.0105494
0.0870405
-0.996149
0.276803
0.957021
0.0865529
0.961025
-0.276097
-0.0141888
0.0117988
0.092237
-0.995667
0.276209
0.956694
0.0918997
0.960924
-0.276467
-0.0138054
0.0128374
0.0943277
-0.995458
0.276514
0.956383
0.0941909
0.961189
-0.275546
-0.0138054
0.0141208
0.0991081
-0.994976
0.27553
0.956165
0.0991526
0.961476
-0.274631
-0.0118881
0.0168074
0.101898
-0.994653
0.274374
0.956135
0.102589
0.961976
-0.272979
-0.00920375
0.0208194
0.106883
-0.994054
0.272339
0.956064
0.108502
0.96152
-0.274643
-0.0070946
0.0237023
0.108653
-0.993797
0.27371
0.955388
0.110982
0.960211
-0.279255
-0.00345145
0.028179
0.109174
-0.993623
0.277851
0.953991
0.112699
0.958812
-0.28404
-0.000191748
0.0303126
0.102995
-0.99422
0.282418
0.953265
0.107363
0.958374
-0.28551
0.00191747
0.0311745
0.0979636
-0.994702
0.283809
0.953356
0.102786
0.957925
-0.286977
0.00498542
0.0331551
0.0933845
-0.995078
0.285098
0.953375
0.0989701
0.957431
-0.28863
0.00441018
0.0312828
0.0885579
-0.99558
0.286964
0.953336
0.0938172
0.957264
-0.289181
0.00441018
0.0303964
0.0854324
-0.99588
0.287613
0.953455
0.0905715
0.957539
-0.288262
0.00498542
0.0302034
0.0831016
-0.996083
0.286719
0.953939
0.0882795
0.95804
-0.286611
0.0036432
0.0282869
0.0818896
-0.99624
0.285235
0.954541
0.0865608
0.95782
-0.287346
0.0036432
0.0281852
0.081319
-0.99629
0.285983
0.954369
0.0859878
0.957935
-0.28698
0.00172573
0.02605
0.0809628
-0.996377
0.2858
0.954509
0.085033
0.957882
-0.287164
-0
0.0239795
0.0799875
-0.996507
0.286161
0.954536
0.0835046
0.958091
-0.286426
-0.00460193
0.0193052
0.0805871
-0.996561
0.285812
0.954707
0.0827393
0.95839
-0.285314
-0.00920375
0.0147077
0.0815516
-0.996561
0.285084
0.954958
0.0823545
0.958205
-0.28586
-0.0113129
0.0131788
0.0836085
-0.996411
0.28578
0.954617
0.0838813
0.957288
-0.288787
-0.0141888
0.00974966
0.0812863
-0.996643
0.288971
0.953936
0.08063
0.955767
-0.293535
-0.0185984
0.00290812
0.0726615
-0.997352
0.294109
0.953183
0.0703011
0.954669
-0.296807
-0.0226243
-0.00324433
0.0656255
-0.997839
0.297651
0.95268
0.0616877
0.952722
-0.302424
-0.0293332
-0.0133119
0.0549023
-0.998403
0.303552
0.951591
0.0482808
0.950804
-0.307645
-0.036424
-0.0237743
0.0447673
-0.998715
0.30888
0.950447
0.0352509
0.948472
-0.314342
-0.0398729
-0.0310237
0.0331065
-0.99897
0.315338
0.948732
0.0216485
0.946929
-0.319078
-0.0389149
-0.032895
0.0242362
-0.999165
0.319755
0.947418
0.0124539
0.945368
-0.32381
-0.0377653
-0.035044
0.0142329
-0.999284
0.324115
0.946015
0.00210774
0.943854
-0.328152
-0.0381485
-0.0393054
0.0031093
-0.999222
0.328015
0.94462
-0.00996341
0.943092
-0.33093
-0.0325913
-0.0350041
-0.00133182
-0.999386
0.330684
0.943654
-0.0128399
0.943051
-0.331728
-0.0247329
-0.0293084
-0.00879627
-0.999532
0.331356
0.943334
-0.0180178
0.943293
-0.331407
-0.0191736
-0.0253304
-0.0142679
-0.999577
0.330994
0.94338
-0.0218535
0.943471
-0.331063
-0.0161061
-0.0242063
-0.0203583
-0.9995
0.33057
0.943389
-0.0272213
0.942952
-0.33271
-0.0120798
-0.0214653
-0.024548
-0.999468
0.332236
0.94271
-0.0302893
0.942153
-0.335071
-0.00862854
-0.0207143
-0.0325123
-0.999257
0.334542
0.941632
-0.0375723
0.941077
-0.338148
-0.00536891
-0.0199561
-0.0396768
-0.999013
0.337602
0.940256
-0.0440871
0.939583
-0.342298
-0.00402669
-0.0208368
-0.0454466
-0.998749
0.341687
0.938492
-0.0498333
0.938065
-0.346438
-0.00383494
-0.0231779
-0.0517078
-0.998393
0.345683
0.936647
-0.056535
0.93632
-0.351109
-0.00517716
-0.0271746
-0.0577528
-0.997961
0.350094
0.934552
-0.0636163
0.934526
-0.35576
-0.00977897
-0.0356944
-0.0663542
-0.997157
0.3541
0.932219
-0.0747083
0.932494
-0.360936
-0.0134219
-0.0426158
-0.0730466
-0.996418
0.358662
0.929726
-0.0834971
0.930816
-0.365014
-0.0185984
-0.0508647
-0.0789819
-0.995578
0.361931
0.927646
-0.092084
0.928733
-0.369963
-0.0241578
-0.0584675
-0.0818063
-0.994932
0.366111
0.925438
-0.097607
0.92609
-0.376131
-0.0297165
-0.0644972
-0.0802155
-0.994689
0.371749
0.923088
-0.0985461
0.923227
-0.382413
-0.0375737
-0.0717664
-0.0755401
-0.994557
0.377493
0.920898
-0.0971851
0.9215
-0.385845
-0.0442792
-0.0761679
-0.067748
-0.994791
0.380835
0.920073
-0.0918188
0.919876
-0.389525
-0.0458116
-0.0751899
-0.0605033
-0.995332
0.384935
0.919026
-0.0849439
0.916736
-0.396515
-0.0486846
-0.0778283
-0.0577344
-0.995294
0.391838
0.916211
-0.0837873
0.914548
-0.401202
-0.0513657
-0.0811047
-0.0574844
-0.995047
0.396262
0.914184
-0.0851117
0.912398
-0.405695
-0.0542379
-0.0842356
-0.0564415
-0.994846
0.400543
0.912264
-0.0856711
0.910876
-0.408789
-0.0565354
-0.086673
-0.0555626
-0.994686
0.403476
0.910936
-0.0860416
0.909986
-0.410278
-0.059981
-0.0912946
-0.0571436
-0.994183
0.404464
0.910168
-0.0894561
0.910326
-0.409382
-0.060938
-0.0922638
-0.0571894
-0.994091
0.403477
0.910569
-0.0898321
0.90975
-0.410801
-0.059981
-0.0931903
-0.061278
-0.993761
0.404563
0.909663
-0.0940303
0.909324
-0.411659
-0.0605552
-0.0948576
-0.0633936
-0.99347
0.405132
0.90913
-0.0966943
0.909617
-0.411792
-0.0550038
-0.0899019
-0.0658466
-0.993772
0.405605
0.908896
-0.0969161
0.910401
-0.411096
-0.0465778
-0.0820402
-0.0690355
-0.994235
0.40551
0.908974
-0.0965764
0.910767
-0.41084
-0.0414056
-0.0782542
-0.073275
-0.994237
0.405438
0.908758
-0.0988864
0.911289
-0.410866
-0.0272248
-0.0640504
-0.0761288
-0.995039
0.406755
0.908512
-0.0956915
0.910996
-0.411995
-0.0185984
-0.057489
-0.0822038
-0.994956
0.408388
0.90747
-0.0985726
0.911091
-0.412038
-0.0116963
-0.0524853
-0.0878169
-0.994753
0.408849
0.906925
-0.101635
0.910518
-0.413252
-0.0134219
-0.0569946
-0.093292
-0.994006
0.409523
0.905825
-0.108497
0.908421
-0.417563
-0.0203238
-0.0697685
-0.103491
-0.99218
0.412195
0.902735
-0.123146
0.905033
-0.425079
-0.0149558
-0.0699842
-0.114136
-0.990997
0.419545
0.897931
-0.133046
0.901945
-0.431466
-0.018215
-0.0769676
-0.119105
-0.989894
0.424936
0.894232
-0.140635
0.898773
-0.437811
-0.0230077
-0.0851299
-0.1228
-0.988774
0.43007
0.890641
-0.14764
0.895445
-0.444292
-0.0279915
-0.0910229
-0.121177
-0.988449
0.435768
0.887649
-0.148948
0.892625
-0.449954
-0.0276081
-0.0917032
-0.121278
-0.988374
0.441374
0.884779
-0.149518
0.889434
-0.456072
-0.0300998
-0.0946447
-0.119349
-0.988331
0.447157
0.881904
-0.149318
0.887713
-0.459497
-0.0287582
-0.0883855
-0.108786
-0.990128
0.451833
0.881492
-0.137183
0.890284
-0.454784
-0.0237745
-0.0783339
-0.101501
-0.991747
0.448618
0.884799
-0.12599
0.891285
-0.453358
-0.00882027
-0.0593378
-0.0973273
-0.993482
0.449544
0.885999
-0.113648
0.890794
-0.454399
-0.00268446
-0.0506438
-0.0934069
-0.994339
0.451576
0.885888
-0.106219
0.886991
-0.461714
-0.00824505
-0.0517439
-0.0816304
-0.995319
0.458879
0.883265
-0.0962963
0.885381
-0.464767
0.00958723
-0.0279509
-0.0738101
-0.996881
0.464025
0.882351
-0.0783408
0.881413
-0.471777
0.0231994
-0.0070733
-0.0622927
-0.998033
0.472294
0.879515
-0.0582426
0.876746
-0.480586
0.0187902
-0.0119227
-0.0607743
-0.99808
0.480806
0.874839
-0.0590135
0.867765
-0.496871
-0.0101624
-0.0517981
-0.0700882
-0.996195
0.494269
0.864989
-0.086557
0.861177
-0.508123
-0.0136137
-0.0585742
-0.0725975
-0.99564
0.504919
0.85822
-0.0922822
0.852323
-0.522035
-0.0320164
-0.0842104
-0.0765584
-0.993503
0.516192
0.849481
-0.109213
0.845561
-0.531366
-0.0517487
-0.10962
-0.0779349
-0.990914
0.522504
0.84355
-0.124147
0.839214
-0.539578
-0.0676352
-0.130574
-0.0792061
-0.98827
0.527892
0.838201
-0.136926
0.829388
-0.550965
-0.0924818
-0.163343
-0.0808429
-0.983252
0.534261
0.830603
-0.157046
0.825431
-0.554746
-0.104503
-0.178974
-0.0816032
-0.980464
0.535381
0.828008
-0.166643
0.822919
-0.558572
-0.103931
-0.181567
-0.0852098
-0.97968
0.538366
0.825067
-0.171539
0.824806
-0.556855
-0.0980171
-0.17333
-0.0840111
-0.981274
0.538193
0.82635
-0.165813
0.826072
-0.555177
-0.0968721
-0.16995
-0.0815153
-0.982075
0.537329
0.827728
-0.16169
0.830022
-0.55001
-0.0924818
-0.160281
-0.0764074
-0.98411
0.534204
0.831655
-0.151576
0.837487
-0.53756
-0.098208
-0.162914
-0.0740675
-0.983856
0.521608
0.839966
-0.149607
0.853098
-0.508663
-0.116128
-0.176353
-0.0716423
-0.981716
0.491043
0.85798
-0.150822
0.863506
-0.486985
-0.13116
-0.187692
-0.0689171
-0.979807
0.468113
0.870687
-0.150914
0.879153
-0.453571
-0.146161
-0.194262
-0.0610415
-0.979049
0.435146
0.889127
-0.141776
0.889642
-0.430202
-0.153176
-0.193569
-0.0514528
-0.979737
0.413603
0.901265
-0.129048
0.904171
-0.394997
-0.162643
-0.193063
-0.0382269
-0.980442
0.381054
0.917887
-0.110823
0.914808
-0.36706
-0.168505
-0.191929
-0.027986
-0.98101
0.355374
0.929776
-0.0960513
0.929233
-0.327068
-0.171906
-0.187424
-0.0162763
-0.982144
0.31843
0.944861
-0.0764248
0.938676
-0.295788
-0.177193
-0.187001
-0.00496549
-0.982347
0.289686
0.955241
-0.0599737
0.944357
-0.275037
-0.1804
-0.18656
0.00382624
-0.982436
0.270896
0.961426
-0.0476975
0.948449
-0.257387
-0.184925
-0.187842
0.0134332
-0.982107
0.255266
0.966215
-0.0356074
0.949507
-0.252209
-0.18662
-0.188011
0.0187963
-0.981987
0.251174
0.96749
-0.029571
0.950422
-0.250697
-0.183982
-0.183959
0.0237378
-0.982647
0.250714
0.967774
-0.0235571
0.951184
-0.249728
-0.181343
-0.180427
0.026754
-0.983224
0.25039
0.967946
-0.0196098
0.95161
-0.24906
-0.180023
-0.178692
0.0281378
-0.983503
0.250017
0.968079
-0.0177288
0.951811
-0.246774
-0.182097
-0.180859
0.0278756
-0.983114
0.247683
0.968672
-0.018099
0.952151
-0.244331
-0.183605
-0.182294
0.0281712
-0.98284
0.24531
0.969283
-0.0177169
0.956896
-0.228799
-0.178891
-0.17412
0.0410417
-0.983869
0.23245
0.972608
-0.000565949
0.95987
-0.219803
-0.174173
-0.165684
0.0566269
-0.984552
0.226271
0.973899
0.0179366
0.962254
-0.212208
-0.170395
-0.157975
0.0742963
-0.984644
0.221609
0.974396
0.0379682
0.964529
-0.216592
-0.150902
-0.13409
0.0904085
-0.986836
0.227384
0.972067
0.0581588
0.96431
-0.224326
-0.140658
-0.120504
0.101205
-0.987541
0.235766
0.969245
0.0705611
0.963032
-0.238089
-0.126026
-0.100821
0.115274
-0.988204
0.249808
0.964378
0.0870082
0.960621
-0.250828
-0.119556
-0.0908105
0.12324
-0.988213
0.262606
0.960155
0.0956089
0.95732
-0.264926
-0.115557
-0.0842152
0.126788
-0.988348
0.27649
0.955897
0.0990662
0.955382
-0.275467
-0.1066
-0.0747793
0.123571
-0.989514
0.285752
0.953335
0.0974586
0.954625
-0.280411
-0.100307
-0.0697638
0.116882
-0.990693
0.289526
0.952737
0.0920154
0.954932
-0.2809
-0.0959179
-0.0671353
0.110375
-0.99162
0.289133
0.953369
0.0865426
0.954272
-0.284089
-0.0930545
-0.0657199
0.104299
-0.992372
0.291627
0.953108
0.080859
0.954857
-0.283466
-0.0888536
-0.065347
0.0913489
-0.993673
0.289789
0.954622
0.0687015
0.955255
-0.284581
-0.0806381
-0.0596284
0.081748
-0.994868
0.289712
0.95516
0.0611211
0.955753
-0.283333
-0.079109
-0.0611469
0.0717023
-0.99555
0.287744
0.956337
0.0512047
0.956165
-0.282259
-0.0779621
-0.0615039
0.0667208
-0.995874
0.286296
0.957015
0.0464361
0.95702
-0.281514
-0.0697395
-0.0549445
0.0601209
-0.996678
0.284771
0.957672
0.0420692
0.957308
-0.281
-0.0678265
-0.0548332
0.0538563
-0.997042
0.283822
0.958195
0.0361489
0.957836
-0.280358
-0.0628518
-0.0498319
0.0533365
-0.997332
0.282962
0.958413
0.0371169
0.958511
-0.278959
-0.0586411
-0.0455499
0.0531874
-0.997545
0.281394
0.958829
0.0382741
0.959146
-0.276354
-0.0605552
-0.0475304
0.0535944
-0.997431
0.278889
0.959561
0.0382697
0.959996
-0.274208
-0.0567268
-0.0406845
0.063846
-0.99713
0.277043
0.959549
0.0501359
0.960426
-0.272738
-0.0565354
-0.0391184
0.0688844
-0.996857
0.275775
0.959619
0.0554893
0.961059
-0.270132
-0.0582583
-0.0396487
0.0738472
-0.996481
0.273483
0.959987
0.0602612
0.961337
-0.269017
-0.0588325
-0.0396587
0.0761655
-0.996306
0.272504
0.960119
0.0625518
0.961171
-0.269567
-0.0590239
-0.0392228
0.0782645
-0.996161
0.273151
0.959796
0.0646524
0.961385
-0.268633
-0.0597896
-0.0400336
0.0784325
-0.996115
0.272279
0.960044
0.0646495
0.962103
-0.266051
-0.0597896
-0.0400372
0.0790616
-0.996065
0.269731
0.960711
0.0654135
0.963328
-0.262219
-0.0569183
-0.0361637
0.0833102
-0.995867
0.265877
0.961406
0.0707722
0.964295
-0.258514
-0.0574926
-0.036131
0.0866404
-0.995584
0.262354
0.962114
0.0742066
0.965147
-0.255571
-0.0563439
-0.0347423
0.0882668
-0.995491
0.259392
0.962752
0.0763112
0.965889
-0.252797
-0.0561525
-0.0348606
0.0879334
-0.995516
0.256601
0.963515
0.0761212
0.967142
-0.247782
-0.0569183
-0.036248
0.0872012
-0.995531
0.251638
0.964883
0.0753544
0.967679
-0.244759
-0.0607466
-0.0408367
0.0856184
-0.995491
0.248856
0.965796
0.0728561
0.968539
-0.24162
-0.0595982
-0.0401455
0.0846516
-0.995602
0.245602
0.966672
0.0722885
0.968851
-0.240317
-0.0597896
-0.0406786
0.0837164
-0.995659
0.244279
0.967078
0.071333
0.968991
-0.239563
-0.0605552
-0.041671
0.0831266
-0.995667
0.243558
0.967316
0.0705661
0.968342
-0.24236
-0.0597896
-0.0426258
0.075459
-0.996237
0.24596
0.967248
0.0627393
0.967479
-0.246683
-0.055961
-0.0417028
0.0626542
-0.997164
0.249489
0.967069
0.0503293
0.966903
-0.249104
-0.0551952
-0.0439899
0.0503317
-0.997763
0.251325
0.967168
0.0377077
0.966356
-0.250743
-0.0573011
-0.0493325
0.0379563
-0.998061
0.252432
0.967309
0.0243095
0.966248
-0.250715
-0.0592153
-0.0535063
0.0295326
-0.998131
0.251995
0.96761
0.015121
0.966586
-0.249813
-0.0574926
-0.053983
0.0208835
-0.998323
0.250595
0.968069
0.00670005
0.966872
-0.249096
-0.0557696
-0.0537669
0.0148421
-0.998443
0.249536
0.968365
0.000957264
0.967453
-0.246874
-0.0555782
-0.0549898
0.00928278
-0.998444
0.247005
0.969003
-0.00459487
0.96822
-0.244106
-0.0544294
-0.053996
0.00847188
-0.998505
0.244202
0.969712
-0.00497808
0.968851
-0.2415
-0.0548123
-0.0543901
0.00841951
-0.998484
0.241596
0.970364
-0.00497798
0.968402
-0.24198
-0.0603638
-0.0606063
0.00644791
-0.998141
0.241919
0.97026
-0.00842136
0.968044
-0.242877
-0.062469
-0.0639914
0.00162412
-0.997949
0.24248
0.970056
-0.0139698
0.967565
-0.244532
-0.0634259
-0.0675338
-0.00844282
-0.997681
0.24343
0.969604
-0.0246832
0.967187
-0.245621
-0.0649567
-0.0707597
-0.0148652
-0.997383
0.244013
0.969252
-0.0317575
0.966955
-0.245168
-0.0699307
-0.0783693
-0.024822
-0.996615
0.242602
0.969163
-0.0432154
0.967343
-0.242504
-0.0737558
-0.0832038
-0.0289378
-0.996112
0.239427
0.969719
-0.04817
0.968021
-0.239126
-0.0758591
-0.0855953
-0.0305819
-0.995861
0.235816
0.970507
-0.050072
0.968101
-0.238555
-0.0766239
-0.0868153
-0.0324957
-0.995694
0.235038
0.970585
-0.0521694
0.96821
-0.237991
-0.0770062
-0.0878413
-0.0352464
-0.995511
0.234208
0.970628
-0.0550313
0.968171
-0.237588
-0.0787267
-0.0906156
-0.0395237
-0.995101
0.233312
0.970562
-0.0597948
0.96831
-0.236048
-0.0815937
-0.094356
-0.0432666
-0.994598
0.231242
0.970778
-0.0641679
0.968414
-0.235286
-0.0825492
-0.0957793
-0.0453479
-0.994369
0.230218
0.970868
-0.0664511
0.968411
-0.234892
-0.0836957
-0.0974021
-0.047349
-0.994118
0.229548
0.970868
-0.0687323
0.968031
-0.23598
-0.0850331
-0.0996805
-0.0508289
-0.99372
0.230176
0.970428
-0.0727265
0.967899
-0.235751
-0.0871345
-0.102676
-0.0544456
-0.993224
0.229409
0.970287
-0.0769038
0.967875
-0.235352
-0.0884716
-0.104652
-0.0571469
-0.992866
0.228617
0.970229
-0.0799411
0.96789
-0.236142
-0.0861794
-0.103707
-0.0628153
-0.992622
0.228986
0.969686
-0.0852878
0.968284
-0.233879
-0.0878986
-0.105965
-0.065814
-0.992189
0.226267
0.970036
-0.0885097
0.968599
-0.23199
-0.0894265
-0.10762
-0.0669651
-0.991934
0.22413
0.97041
-0.089829
0.968331
-0.232515
-0.0909542
-0.109138
-0.0665479
-0.991797
0.224555
0.970313
-0.0898166
0.968008
-0.231064
-0.0978263
-0.116004
-0.0664082
-0.991026
0.222494
0.97067
-0.091088
0.967573
-0.235278
-0.091909
-0.11121
-0.0700991
-0.991322
0.226794
0.969397
-0.0939913
0.969548
-0.232414
-0.0771974
-0.0982896
-0.080568
-0.991891
0.22431
0.969274
-0.100958
0.970376
-0.231826
-0.0680178
-0.0900766
-0.0859243
-0.992221
0.224178
0.968955
-0.104261
0.97187
-0.22805
-0.0588325
-0.0819806
-0.093392
-0.992249
0.220788
0.96916
-0.109461
0.972751
-0.226093
-0.0513657
-0.0754378
-0.0991477
-0.992209
0.219238
0.969047
-0.113502
0.973566
-0.223726
-0.0460032
-0.0702897
-0.10183
-0.992316
0.217322
0.969318
-0.114864
0.97417
-0.222095
-0.0408309
-0.0661816
-0.107925
-0.991954
0.215901
0.969034
-0.119836
0.97461
-0.221409
-0.0333579
-0.0592368
-0.111292
-0.992021
0.21593
0.96881
-0.121582
0.974604
-0.222391
-0.0262664
-0.053107
-0.115586
-0.991877
0.217548
0.968082
-0.124461
0.975212
-0.22017
-0.0220492
-0.0501652
-0.12294
-0.991145
0.21551
0.967683
-0.130938
0.975901
-0.217574
-0.0166813
-0.0450504
-0.126089
-0.990996
0.213512
0.967865
-0.132852
0.976787
-0.214039
-0.00862854
-0.036511
-0.12666
-0.991274
0.211078
0.968579
-0.131535
0.976821
-0.214046
-0.00210922
-0.0303607
-0.128786
-0.991207
0.211893
0.968297
-0.1323
0.97702
-0.213109
0.00402669
-0.0253098
-0.134752
-0.990556
0.211639
0.967691
-0.137049
0.977182
-0.212163
0.0101624
-0.0201738
-0.140332
-0.989899
0.211446
0.967106
-0.14141
0.976934
-0.212697
0.0189819
-0.0127456
-0.146811
-0.989082
0.213162
0.966026
-0.146135
0.977143
-0.210977
0.0260747
-0.00563357
-0.148313
-0.988924
0.212508
0.966174
-0.146112
0.977021
-0.210951
0.0304831
-0.00108461
-0.147937
-0.988996
0.213139
0.966237
-0.144766
0.977142
-0.209801
0.0343161
0.0037718
-0.144285
-0.989529
0.212555
0.96704
-0.140196
0.976925
-0.21093
0.0335495
0.00523879
-0.133368
-0.991053
0.213517
0.96836
-0.129186
0.977388
-0.209462
0.0289498
0.00402423
-0.118459
-0.992951
0.211414
0.970615
-0.114937
0.976983
-0.211923
0.0243495
0.00282149
-0.101299
-0.994852
0.213299
0.972022
-0.0983696
0.976008
-0.216616
0.0220492
0.00373313
-0.0846033
-0.996408
0.217703
0.972584
-0.0817649
0.975027
-0.221307
0.0185984
0.00329513
-0.0693188
-0.997589
0.222063
0.972737
-0.0668585
0.974649
-0.223188
0.0157227
0.00281059
-0.0580531
-0.99831
0.223723
0.973045
-0.0559541
0.974362
-0.224499
0.014764
0.00378425
-0.0492598
-0.998779
0.224952
0.973228
-0.0471473
0.973898
-0.226556
0.0139971
0.00537116
-0.0386461
-0.999238
0.226924
0.973231
-0.0364204
0.975347
-0.220397
0.0111211
0.00357377
-0.0346136
-0.999394
0.220649
0.974796
-0.0329726
0.980933
-0.194338
0.00153398
-0.00523957
-0.0343357
-0.999397
0.194273
0.980334
-0.0346993
0.986308
-0.164719
-0.00805331
-0.0134652
-0.0317654
-0.999405
0.164365
0.985829
-0.0335484
0.991933
-0.124661
-0.0230077
-0.0261193
-0.0233837
-0.999385
0.124046
0.991924
-0.0264511
0.995235
-0.0933997
-0.0279915
-0.0284418
-0.00349361
-0.999589
0.0932636
0.995623
-0.00613342
0.996486
-0.0765797
-0.0339328
-0.0325058
0.0198054
-0.999275
0.0771963
0.996867
0.0172465
0.997172
-0.0699041
-0.0276081
-0.024308
0.0476281
-0.998569
0.071119
0.996416
0.0457942
0.996853
-0.0737245
-0.0291415
-0.0237897
0.0724566
-0.997088
0.0756213
0.994643
0.0704747
0.996355
-0.0821452
-0.0230077
-0.0143628
0.104319
-0.99444
0.0840887
0.991146
0.102759
0.995759
-0.088828
-0.0239662
-0.012658
0.125745
-0.991982
0.0911294
0.988078
0.124088
0.995478
-0.0895726
-0.0316331
-0.0188371
0.140252
-0.989937
0.0931078
0.986056
0.137931
0.995544
-0.0855388
-0.0396813
-0.0266508
0.148419
-0.988565
0.0904502
0.985218
0.145478
0.995379
-0.0832178
-0.0479185
-0.0344268
0.156589
-0.987064
0.0896448
0.984152
0.153
0.995156
-0.0835835
-0.0517487
-0.0378951
0.15956
-0.986461
0.0907089
0.983643
0.15562
0.995124
-0.0839652
-0.0517487
-0.0381829
0.155801
-0.98705
0.0909403
0.984213
0.151835
0.995574
-0.0791986
-0.0505997
-0.0375166
0.158735
-0.986608
0.0861699
0.98414
0.155061
0.995942
-0.0748093
-0.0500252
-0.0368492
0.168146
-0.985073
0.0821042
0.982919
0.164707
0.995892
-0.0730774
-0.0534721
-0.0411652
0.160597
-0.986161
0.0806536
0.984311
0.156929
0.995087
-0.0728266
-0.0670613
-0.0569643
0.13282
-0.989502
0.0809691
0.988461
0.128019
0.994318
-0.0754543
-0.0750943
-0.0668161
0.106813
-0.992032
0.0828741
0.991412
0.101165
0.992657
-0.0814571
-0.0894265
-0.0831052
0.077945
-0.993488
0.087897
0.993624
0.0706031
0.991372
-0.0903531
-0.0949635
-0.0912209
0.0446964
-0.994827
0.0941302
0.994906
0.0360686
0.990881
-0.0918412
-0.0985896
-0.0972974
0.018454
-0.995084
0.0932091
0.995603
0.00934976
0.991551
-0.0901777
-0.0932454
-0.0931742
0.00500809
-0.995637
0.0902513
0.995913
-0.00343647
0.991656
-0.0898039
-0.0924818
-0.0927596
0.00108415
-0.995688
0.0895169
0.995959
-0.00725506
0.990218
-0.0835512
-0.111747
-0.1122
-0.000731543
-0.993685
0.0829419
0.996503
-0.0100988
0.991046
-0.0818988
-0.105456
-0.105413
0.00486316
-0.994417
0.0819544
0.996629
-0.00381361
0.990495
-0.0845311
-0.108507
-0.108488
0.00483238
-0.994086
0.0845555
0.996409
-0.00438414
0.990246
-0.0894848
-0.106791
-0.107777
-0.0062399
-0.994156
0.0882954
0.995969
-0.0158234
0.99084
-0.0893468
-0.101261
-0.103442
-0.0201244
-0.994432
0.0868115
0.995797
-0.0291823
0.992067
-0.0908
-0.0869435
-0.090147
-0.0317888
-0.995421
0.0876204
0.995362
-0.039722
0.994372
-0.0925494
-0.0515572
-0.055007
-0.035118
-0.997868
0.0905415
0.995089
-0.0400112
0.992806
-0.0989362
-0.0674439
-0.0718596
-0.0417647
-0.99654
0.0957771
0.994217
-0.0485737
0.990346
-0.110212
-0.0840778
-0.0899648
-0.0495691
-0.994711
0.105461
0.992671
-0.0590057
0.988224
-0.116695
-0.0989712
-0.106544
-0.0605315
-0.992464
0.109825
0.991321
-0.0722519
0.984655
-0.125857
-0.120888
-0.130504
-0.0711627
-0.988891
0.115856
0.989493
-0.0864955
0.983488
-0.127433
-0.128498
-0.138525
-0.0731878
-0.987651
0.116455
0.989143
-0.089632
0.982816
-0.127537
-0.133441
-0.143264
-0.0712001
-0.98712
0.116394
0.989275
-0.0882482
0.982052
-0.12629
-0.140089
-0.149331
-0.066915
-0.98652
0.115213
0.989734
-0.084573
0.983106
-0.125084
-0.133631
-0.142573
-0.0654599
-0.987617
0.114788
0.989984
-0.0821875
0.982965
-0.123725
-0.135911
-0.144674
-0.0647979
-0.987355
0.113354
0.990199
-0.0815939
0.982704
-0.12599
-0.135721
-0.145165
-0.0690439
-0.986995
0.114981
0.989626
-0.0861391
0.983214
-0.130466
-0.127547
-0.138996
-0.0827422
-0.98683
0.118194
0.987994
-0.0994875
0.982788
-0.135782
-0.125265
-0.138626
-0.0938479
-0.985888
0.12211
0.986284
-0.111056
0.982958
-0.137151
-0.122411
-0.136298
-0.0968895
-0.985919
0.123359
0.9858
-0.113932
0.983024
-0.137352
-0.121649
-0.135449
-0.0960228
-0.98612
0.123765
0.985857
-0.112997
0.9814
-0.140004
-0.13135
-0.14459
-0.0889786
-0.985483
0.126284
0.986145
-0.107567
0.977656
-0.147897
-0.149385
-0.162322
-0.0795933
-0.983522
0.13357
0.985795
-0.101822
0.974995
-0.153044
-0.161129
-0.173773
-0.0730992
-0.982069
0.138522
0.985512
-0.0978663
0.972241
-0.158731
-0.171906
-0.183696
-0.0627481
-0.980978
0.144925
0.985326
-0.0901645
0.971897
-0.160014
-0.172662
-0.183904
-0.0582231
-0.981218
0.146956
0.985396
-0.0860141
0.97289
-0.159795
-0.167182
-0.17793
-0.0553991
-0.982483
0.147734
0.985595
-0.0823294
0.973112
-0.160023
-0.16567
-0.176197
-0.0539086
-0.982878
0.148352
0.98564
-0.0806546
0.976934
-0.156037
-0.145782
-0.155142
-0.0495238
-0.98665
0.146734
0.986509
-0.0725894
0.973984
-0.151738
-0.168316
-0.180282
-0.0687954
-0.981206
0.137307
0.986024
-0.0943612
0.973251
-0.150477
-0.173606
-0.187211
-0.0814295
-0.978939
0.133171
0.985254
-0.107422
0.968767
-0.154733
-0.193774
-0.210181
-0.0977119
-0.972767
0.131585
0.983113
-0.127182
0.96405
-0.157963
-0.213672
-0.232354
-0.111
-0.966277
0.128918
0.981186
-0.143712
0.964858
-0.159045
-0.209174
-0.228743
-0.116577
-0.966482
0.129329
0.980364
-0.148861
0.965483
-0.16086
-0.20486
-0.224838
-0.117635
-0.967269
0.131496
0.979942
-0.149742
0.966495
-0.157602
-0.202607
-0.22248
-0.120648
-0.967444
0.128027
0.980105
-0.151669
0.965979
-0.156378
-0.205986
-0.225757
-0.12131
-0.966601
0.126167
0.980219
-0.152487
0.961502
-0.16361
-0.220785
-0.241036
-0.116285
-0.963525
0.131968
0.979648
-0.151244
0.958012
-0.172293
-0.229192
-0.249862
-0.109542
-0.962065
0.140651
0.978936
-0.147992
0.952228
-0.182775
-0.244654
-0.265123
-0.0971679
-0.959306
0.151565
0.978341
-0.140984
0.948549
-0.192084
-0.251712
-0.272293
-0.0891479
-0.958076
0.161591
0.977321
-0.136864
0.943121
-0.204767
-0.261905
-0.282066
-0.0758916
-0.956389
0.175961
0.975864
-0.129333
0.940244
-0.213981
-0.264864
-0.284419
-0.0658853
-0.956433
0.187208
0.974613
-0.122809
0.939929
-0.216945
-0.26357
-0.282453
-0.0606313
-0.957363
0.191714
0.974299
-0.118266
0.940517
-0.217081
-0.261349
-0.279271
-0.0558954
-0.958584
0.193482
0.974552
-0.113195
0.9423
-0.214639
-0.256905
-0.273553
-0.0513212
-0.960487
0.192974
0.975344
-0.107075
0.943626
-0.214751
-0.251898
-0.268022
-0.0491116
-0.96216
0.194254
0.975433
-0.103901
0.943175
-0.213888
-0.254309
-0.269989
-0.0471031
-0.961711
0.193719
0.975722
-0.102174
0.94146
-0.216538
-0.258387
-0.273971
-0.0448048
-0.960694
0.19645
0.975246
-0.101507
0.933456
-0.228499
-0.276493
-0.292976
-0.0409743
-0.955241
0.206943
0.972681
-0.105193
0.925742
-0.238122
-0.293769
-0.310481
-0.0351282
-0.94993
0.215879
0.9706
-0.106452
0.923747
-0.243093
-0.295968
-0.31253
-0.0317297
-0.949378
0.221396
0.969484
-0.105284
0.918629
-0.262392
-0.295418
-0.305136
0.00389037
-0.952301
0.251025
0.964954
-0.0764913
0.91874
-0.265475
-0.292302
-0.296309
0.0257757
-0.954744
0.260995
0.963773
-0.0549816
0.92237
-0.265183
-0.280913
-0.27434
0.0623141
-0.959612
0.271978
0.962182
-0.0152736
0.925119
-0.265397
-0.271514
-0.255113
0.095128
-0.96222
0.281199
0.959435
0.0202984
0.927794
-0.264433
-0.2632
-0.235614
0.131712
-0.96288
0.289283
0.955368
0.0598972
0.930547
-0.263097
-0.25468
-0.217169
0.163459
-0.962351
0.294821
0.950821
0.0949696
0.931615
-0.261278
-0.25264
-0.210534
0.178665
-0.961121
0.296258
0.948585
0.11144
0.931028
-0.259573
-0.256534
-0.21357
0.182473
-0.959735
0.295932
0.948328
0.114451
0.929524
-0.261268
-0.260239
-0.216955
0.183192
-0.958839
0.298187
0.947723
0.113598
0.928822
-0.263571
-0.260424
-0.217308
0.181785
-0.959026
0.300112
0.947357
0.111569
0.929028
-0.262475
-0.260794
-0.218043
0.181089
-0.958991
0.298938
0.947794
0.111006
0.929079
-0.262297
-0.260794
-0.217906
0.181593
-0.958927
0.298882
0.947747
0.111558
0.928971
-0.263228
-0.260239
-0.216165
0.18492
-0.958685
0.300476
0.946845
0.114885
0.92756
-0.263405
-0.265049
-0.221231
0.184534
-0.957603
0.301148
0.946871
0.112893
0.926779
-0.261647
-0.269484
-0.2265
0.183029
-0.95666
0.299631
0.94765
0.110365
0.925526
-0.261677
-0.273728
-0.232326
0.178447
-0.956128
0.299042
0.948516
0.104363
0.925828
-0.261762
-0.272621
-0.232583
0.173962
-0.956892
0.297904
0.949325
0.100178
0.931375
-0.263909
-0.250784
-0.211474
0.168539
-0.962743
0.296344
0.949709
0.101163
0.935602
-0.266464
-0.231618
-0.190983
0.169791
-0.966797
0.296943
0.948772
0.107967
0.940554
-0.271192
-0.204484
-0.160573
0.175478
-0.9713
0.299291
0.946394
0.121501
0.943268
-0.277272
-0.182663
-0.135351
0.181249
-0.974078
0.303192
0.943541
0.133437
0.944244
-0.28584
-0.1634
-0.11183
0.188348
-0.975715
0.309674
0.939585
0.145881
0.945247
-0.297659
-0.133821
-0.0763606
0.196942
-0.977437
0.317298
0.934138
0.16343
0.945237
-0.305244
-0.115557
-0.0561793
0.196606
-0.978872
0.321513
0.931758
0.16869
0.946328
-0.309809
-0.0920999
-0.0316301
0.194816
-0.98033
0.321658
0.930626
0.17456
0.946555
-0.313908
-0.0741382
-0.0123062
0.19454
-0.980817
0.322309
0.92931
0.18028
0.945894
-0.319942
-0.0540465
0.0100571
0.195394
-0.980673
0.324319
0.92707
0.18804
0.946289
-0.321087
-0.0379569
0.0266295
0.194397
-0.980561
0.322224
0.926884
0.192506
0.947425
-0.319448
-0.0184067
0.044496
0.188496
-0.981065
0.316869
0.928667
0.1928
0.950004
-0.312224
-0.00287621
0.0552295
0.177099
-0.982642
0.307313
0.933355
0.185489
0.952888
-0.30308
0.0120798
0.0646393
0.163994
-0.984341
0.296354
0.938748
0.175859
0.956027
-0.292612
0.0197487
0.0651919
0.146377
-0.987078
0.28594
0.944961
0.159016
0.958432
-0.284127
0.0260747
0.064889
0.128066
-0.989641
0.277844
0.950195
0.14118
0.96136
-0.274199
0.0245412
0.0536364
0.0991215
-0.993629
0.270019
0.956551
0.109998
0.96366
-0.266681
0.0155309
0.03597
0.0719297
-0.996761
0.2647
0.961097
0.0789083
0.966338
-0.257275
0.00076699
0.0134135
0.047404
-0.998786
0.256926
0.965175
0.0492592
0.96777
-0.251308
-0.0162978
-0.00993945
0.0265498
-0.999598
0.251639
0.967543
0.0231963
0.970272
-0.241064
-0.0214741
-0.020933
0.0048056
-0.999769
0.241112
0.970497
-0.000383452
0.972232
-0.233452
-0.0162978
-0.0202317
-0.0144662
-0.999691
0.233144
0.972261
-0.0187876
0.973417
-0.228807
-0.0103542
-0.0205515
-0.0422295
-0.998897
0.228117
0.972556
-0.0458092
0.974479
-0.224329
-0.00824505
-0.0249442
-0.0717086
-0.997114
0.22309
0.971872
-0.0754742
0.976489
-0.215348
-0.00977897
-0.0331877
-0.105357
-0.993881
0.212999
0.970837
-0.110026
0.977838
-0.20897
-0.0128467
-0.042581
-0.138422
-0.989458
0.204988
0.968076
-0.144252
0.980728
-0.195274
-0.00632763
-0.0392427
-0.165156
-0.985486
0.191395
0.966743
-0.169636
0.982748
-0.184143
-0.0172564
-0.0525993
-0.188821
-0.980602
0.177313
0.964592
-0.195249
0.983578
-0.178449
-0.0270331
-0.0654846
-0.213268
-0.974797
0.168186
0.960559
-0.221452
0.983712
-0.176331
-0.034891
-0.0765285
-0.235213
-0.968926
0.162645
0.955815
-0.244876
0.984265
-0.173704
-0.0323997
-0.0760966
-0.251207
-0.964938
0.159474
0.95222
-0.260472
0.983749
-0.175364
-0.0385317
-0.0864904
-0.27478
-0.957609
0.157342
0.94538
-0.285482
0.981306
-0.184652
-0.0542379
-0.108711
-0.299286
-0.94795
0.158809
0.936126
-0.313765
0.980975
-0.182254
-0.06687
-0.123841
-0.322216
-0.938531
0.149504
0.928957
-0.338656
0.980797
-0.180859
-0.0729909
-0.131547
-0.337153
-0.932214
0.14399
0.923914
-0.35447
0.982178
-0.174307
-0.0703133
-0.127109
-0.340416
-0.931644
0.138456
0.923977
-0.356505
0.98454
-0.16617
-0.0553867
-0.108599
-0.331004
-0.937359
0.137428
0.928883
-0.343933
0.985948
-0.161939
-0.0410225
-0.0916201
-0.318844
-0.943369
0.139689
0.933871
-0.3292
0.986769
-0.160326
-0.0241578
-0.0728087
-0.305043
-0.949551
0.144868
0.938746
-0.31268
0.986792
-0.161495
-0.012655
-0.0600768
-0.292299
-0.954438
0.150438
0.942592
-0.298141
0.986787
-0.161883
0.00671112
-0.038215
-0.272799
-0.961312
0.157451
0.948354
-0.275381
0.986495
-0.162223
0.0226243
-0.0203296
-0.258326
-0.965844
0.162527
0.95234
-0.258135
0.985204
-0.167837
0.0346994
-0.00703328
-0.241885
-0.970279
0.171242
0.955679
-0.239486
0.983899
-0.171694
0.0496422
0.00916032
-0.228946
-0.973396
0.178492
0.958178
-0.223687
0.982705
-0.174595
0.0617035
0.0211254
-0.225336
-0.974052
0.183968
0.95851
-0.21775
0.982075
-0.173706
0.0731821
0.032436
-0.226719
-0.97342
0.18568
0.958345
-0.217021
0.980966
-0.17448
0.0852242
0.0424836
-0.235414
-0.970966
0.189477
0.956105
-0.22352
0.980409
-0.173605
0.0930545
0.049118
-0.242024
-0.969026
0.190749
0.954613
-0.228755
0.979753
-0.173489
0.0999252
0.0558868
-0.242275
-0.968597
0.19225
0.95457
-0.227674
0.978622
-0.175418
0.107363
0.0644532
-0.234147
-0.970063
0.195305
0.956245
-0.217835
0.978155
-0.177077
0.108888
0.0688702
-0.218177
-0.973476
0.196137
0.95971
-0.201216
0.97793
-0.178199
0.109079
0.0726102
-0.199668
-0.97717
0.19591
0.963524
-0.182322
0.977635
-0.179695
0.109269
0.0763353
-0.180937
-0.980528
0.195967
0.966939
-0.163174
0.976619
-0.18377
0.111556
0.0817691
-0.162376
-0.983335
0.198822
0.969465
-0.143552
0.976107
-0.186583
0.111366
0.0835073
-0.151045
-0.984993
0.200604
0.970759
-0.131855
0.975551
-0.187058
0.115366
0.0903982
-0.136935
-0.986447
0.20032
0.972758
-0.116677
0.975909
-0.185769
0.114414
0.0913657
-0.128235
-0.987526
0.198124
0.97419
-0.108173
0.975867
-0.188283
0.110603
0.0893177
-0.118029
-0.988985
0.199263
0.974997
-0.098364
0.975687
-0.192132
0.105456
0.0852738
-0.110466
-0.990215
0.201901
0.975132
-0.0913964
0.975047
-0.196671
0.102977
0.0834898
-0.10495
-0.990967
0.205702
0.974836
-0.0859112
0.974543
-0.201826
0.0976355
0.0772499
-0.106542
-0.991303
0.210473
0.973609
-0.088239
0.975051
-0.202321
0.0913361
0.071146
-0.104924
-0.991932
0.210272
0.973682
-0.0879116
0.975315
-0.202571
0.0878986
0.0694234
-0.096583
-0.992901
0.209622
0.974493
-0.0801356
0.975263
-0.204512
0.0838868
0.0682335
-0.0824374
-0.994258
0.210253
0.975387
-0.0664436
0.975782
-0.204816
0.076815
0.0640448
-0.0682759
-0.995609
0.209161
0.976416
-0.0535049
0.9763
-0.205707
0.0672526
0.056654
-0.0569927
-0.996766
0.208874
0.976953
-0.0439879
0.976738
-0.207364
0.0546209
0.047596
-0.0387201
-0.998116
0.209088
0.977497
-0.0279497
0.976831
-0.209342
0.0444708
0.0397399
-0.0267531
-0.998852
0.210291
0.977476
-0.017814
0.977502
-0.208114
0.0343161
0.0320856
-0.0140848
-0.999386
0.20847
0.978003
-0.00709043
0.97731
-0.210229
0.025883
0.0258687
-0.00281877
-0.999661
0.210231
0.977648
0.00268353
0.976551
-0.21438
0.0197487
0.0208923
0.00306976
-0.999777
0.214271
0.976746
0.00747667
0.976773
-0.214036
0.0101624
0.0125118
0.0096248
-0.999875
0.213911
0.976778
0.0120792
0.977186
-0.21236
0.0032597
0.00668666
0.0154213
-0.999859
0.212279
0.97707
0.0164895
0.977665
-0.210109
-0.00498542
-0.000884946
0.0196054
-0.999807
0.210166
0.977481
0.0189816
0.97772
-0.209533
-0.012655
-0.00799198
0.0230862
-0.999702
0.209762
0.977529
0.0208973
0.977552
-0.209497
-0.0224326
-0.0177114
0.0243849
-0.999546
0.209949
0.977505
0.020127
0.978145
-0.205899
-0.0289498
-0.0242951
0.0250997
-0.99939
0.2065
0.978251
0.0195488
0.978428
-0.20263
-0.0402561
-0.035368
0.0276882
-0.998991
0.203541
0.978864
0.0199243
0.978729
-0.20015
-0.0450454
-0.0395107
0.0315638
-0.99872
0.201316
0.979257
0.0229843
0.978612
-0.199344
-0.0507912
-0.0435845
0.0403785
-0.998233
0.201043
0.979097
0.0308266
0.97849
-0.198342
-0.0567268
-0.0487076
0.0450827
-0.997795
0.200462
0.979095
0.0344522
0.97865
-0.195251
-0.0641913
-0.0552511
0.0509004
-0.997174
0.197967
0.979432
0.0390258
0.978843
-0.192364
-0.0697395
-0.0603125
0.0544408
-0.996694
0.195524
0.979813
0.041687
0.979183
-0.19165
-0.06687
-0.0568311
0.0574138
-0.996732
0.194863
0.979783
0.0453269
0.980617
-0.188224
-0.0544294
-0.0447253
0.0554277
-0.997461
0.190763
0.980561
0.045935
0.981605
-0.186463
-0.0410225
-0.0326483
0.0477628
-0.998325
0.18811
0.9813
0.0407965
0.982166
-0.185204
-0.0323997
-0.0272814
0.0301181
-0.999174
0.186027
0.982238
0.0245284
0.982898
-0.182611
-0.0237745
-0.0222182
0.0105638
-0.999697
0.182807
0.983128
0.00632587
0.983342
-0.181134
-0.0151475
-0.0169453
-0.00838185
-0.999821
0.180974
0.983423
-0.0113116
0.983904
-0.178508
-0.00824505
-0.0123202
-0.0217326
-0.999688
0.178273
0.983699
-0.023582
0.984346
-0.176249
-0
-0.00594686
-0.033213
-0.999431
0.176149
0.983785
-0.0337412
0.984686
-0.174168
0.00766983
0.000133809
-0.0432394
-0.999065
0.174336
0.983766
-0.0425539
0.985143
-0.171133
0.0143806
0.00558879
-0.0517453
-0.998645
0.171645
0.983888
-0.0500201
0.985626
-0.16752
0.0218575
0.011944
-0.0599587
-0.998129
0.168517
0.984044
-0.057096
0.986094
-0.1641
0.0262664
0.0151288
-0.0687556
-0.997519
0.165499
0.984045
-0.0653169
0.986507
-0.159119
0.0385317
0.0269972
-0.0740265
-0.996891
0.161476
0.98448
-0.0687319
0.986756
-0.156054
0.0442792
0.0319734
-0.0805033
-0.996241
0.159032
0.984463
-0.0744475
0.987036
-0.152996
0.0484931
0.0364927
-0.0802931
-0.996103
0.156293
0.98496
-0.073669
0.98774
-0.147485
0.0511742
0.0397279
-0.0795387
-0.99604
0.150972
0.985861
-0.0727043
0.988217
-0.140977
0.0595982
0.0487577
-0.07914
-0.99567
0.145083
0.986845
-0.0713338
0.98802
-0.137084
0.0708871
0.0605409
-0.078228
-0.995096
0.141958
0.987466
-0.0689916
0.988278
-0.133452
0.0741382
0.063348
-0.0833653
-0.994504
0.138899
0.987543
-0.0739342
0.988951
-0.126791
0.076815
0.0660708
-0.0868783
-0.994026
0.132707
0.988118
-0.0775412
0.988162
-0.12438
0.0898085
0.0787448
-0.0911859
-0.992716
0.131663
0.988036
-0.0803122
0.988366
-0.121903
0.0909542
0.0797331
-0.0939715
-0.992377
0.129521
0.988084
-0.0831585
0.987761
-0.121636
0.0976355
0.0849845
-0.105184
-0.990815
0.130789
0.986986
-0.0935599
0.988044
-0.119941
0.0968721
0.0837176
-0.110245
-0.990372
0.129466
0.986641
-0.0988856
0.98862
-0.117895
0.0934363
0.0801162
-0.113069
-0.990352
0.127323
0.986568
-0.102337
0.990461
-0.114264
0.0770062
0.0640567
-0.11297
-0.991531
0.121996
0.987006
-0.104573
0.989624
-0.1184
0.0814026
0.0690107
-0.105243
-0.992049
0.126025
0.987373
-0.09598
0.989568
-0.123978
0.0733733
0.0610455
-0.100468
-0.993066
0.13049
0.987186
-0.0918516
0.98976
-0.126509
0.0661047
0.0544515
-0.0934553
-0.994133
0.131945
0.987553
-0.0856097
0.989915
-0.130389
0.0553867
0.0443321
-0.08621
-0.99529
0.13455
0.987708
-0.0795602
0.990391
-0.132191
0.0406393
0.0300263
-0.0813111
-0.996236
0.134998
0.987884
-0.0765606
0.990678
-0.131263
0.036424
0.0265016
-0.0765615
-0.996713
0.13362
0.988387
-0.0723691
0.990504
-0.13298
0.034891
0.0259163
-0.0686328
-0.997305
0.135016
0.98874
-0.0645347
0.990176
-0.135256
0.0354659
0.027274
-0.0619453
-0.997707
0.137142
0.988872
-0.0576477
0.989472
-0.140962
0.032783
0.0259873
-0.049783
-0.998422
0.142372
0.988763
-0.0455956
0.987562
-0.154823
0.0274165
0.0237535
-0.0254603
-0.999394
0.155427
0.987614
-0.021466
0.985284
-0.16999
0.0178316
0.0171807
-0.00529919
-0.999838
0.170057
0.985432
-0.00230065
0.982606
-0.185482
0.00901202
0.0118775
0.0143435
-0.999827
0.185321
0.982543
0.0162971
0.980258
-0.197722
0.00076699
0.00723337
0.0319842
-0.999462
0.197592
0.979736
0.0327829
0.97826
-0.207295
-0.00594414
0.00488048
0.0516679
-0.998652
0.207323
0.976913
0.0515564
0.976175
-0.216456
-0.0151475
0.000636245
0.0726637
-0.997356
0.216985
0.973584
0.0710702
0.974059
-0.224626
-0.0274165
-0.00707706
0.0908574
-0.995839
0.226182
0.9702
0.0869108
0.972243
-0.23109
-0.0366156
-0.0100075
0.11528
-0.993283
0.233758
0.966079
0.109767
0.97009
-0.238848
-0.0433214
-0.00899632
0.142967
-0.989687
0.242578
0.960475
0.136542
0.96857
-0.244194
-0.047344
-0.00682249
0.164182
-0.986406
0.248647
0.955727
0.157356
0.966151
-0.251876
-0.0557696
-0.00781832
0.187493
-0.982235
0.257858
0.949423
0.179178
0.964209
-0.257303
-0.0639999
-0.00867093
0.21065
-0.977523
0.265001
0.943092
0.20088
0.963243
-0.258034
-0.0747119
-0.01516
0.225461
-0.974134
0.268204
0.93946
0.213262
0.962206
-0.259933
-0.0812114
-0.0170634
0.240084
-0.970602
0.271789
0.935305
0.226574
0.962447
-0.260988
-0.0747119
-0.00546938
0.256513
-0.966525
0.271416
0.930638
0.245453
0.96246
-0.260992
-0.0745207
-0.00367735
0.261992
-0.965063
0.271397
0.929109
0.251197
0.962698
-0.25967
-0.0760503
-0.00504324
0.263798
-0.964565
0.27053
0.928968
0.252648
0.962494
-0.262785
-0.0674439
0.00520206
0.266424
-0.963842
0.271252
0.927342
0.257799
0.962131
-0.260506
-0.0802558
-0.0112244
0.25631
-0.96653
0.272357
0.930829
0.243679
0.961939
-0.258871
-0.0875166
-0.0212381
0.24847
-0.968407
0.272438
0.933407
0.233515
0.961292
-0.261071
-0.0880896
-0.0232577
0.241682
-0.970077
0.274548
0.934576
0.226255
0.961052
-0.25804
-0.0989712
-0.0379702
0.231435
-0.972109
0.273748
0.938005
0.212623
0.960171
-0.258593
-0.105838
-0.0471242
0.22349
-0.973566
0.275411
0.939778
0.202403
0.960483
-0.255914
-0.10946
-0.0520421
0.221209
-0.973837
0.273432
0.94105
0.199149
0.960417
-0.255502
-0.110984
-0.0537278
0.221032
-0.973786
0.273335
0.941203
0.198555
0.960739
-0.255193
-0.108888
-0.0518794
0.220304
-0.974051
0.272559
0.941458
0.198415
0.960601
-0.255551
-0.109269
-0.0534117
0.216085
-0.974913
0.272751
0.942338
0.193922
0.961504
-0.253029
-0.107172
-0.0516922
0.216503
-0.974913
0.269884
0.942923
0.195088
0.962243
-0.251252
-0.104694
-0.0493964
0.217055
-0.974909
0.267672
0.943271
0.196449
0.963973
-0.247956
-0.0962996
-0.0416635
0.216816
-0.975323
0.262716
0.944198
0.198674
0.965424
-0.246948
-0.0835046
-0.0299073
0.21329
-0.976531
0.258963
0.945264
0.19853
0.967038
-0.244399
-0.0714609
-0.0210251
0.203045
-0.978944
0.253763
0.948178
0.191214
0.967948
-0.242656
-0.0647653
-0.016338
0.196491
-0.98037
0.250618
0.950005
0.186228
0.968501
-0.242597
-0.0561525
-0.0092175
0.190421
-0.981659
0.24884
0.951255
0.182186
0.969442
-0.239674
-0.0523232
-0.00746329
0.184373
-0.982828
0.245206
0.953186
0.17695
0.970124
-0.238462
-0.0446623
-0.00229635
0.175059
-0.984555
0.242597
0.955244
0.169281
0.970802
-0.235866
-0.0437045
-0.00350479
0.168226
-0.985742
0.239856
0.957114
0.162488
0.97198
-0.231421
-0.0412141
-0.00351091
0.16102
-0.986945
0.235036
0.959436
0.155696
0.972651
-0.22902
-0.0387233
-0.00280901
0.155106
-0.987894
0.232254
0.960985
0.15022
0.972928
-0.227904
-0.0383401
-0.0050112
0.145055
-0.989411
0.231053
0.962818
0.139986
0.973378
-0.226042
-0.0379569
-0.0106737
0.120719
-0.992629
0.228958
0.966609
0.115093
0.973306
-0.226222
-0.0387233
-0.0183744
0.0913743
-0.995647
0.228775
0.969781
0.0847785
0.973196
-0.226983
-0.0369988
-0.0227379
0.0651251
-0.997618
0.228852
0.971719
0.0582184
0.972751
-0.229241
-0.0346994
-0.0264571
0.0389315
-0.998892
0.230337
0.972591
0.0318056
0.972409
-0.231129
-0.0316331
-0.0293118
0.013471
-0.99948
0.231435
0.97283
0.0063245
0.971869
-0.233759
-0.0287582
-0.0321263
-0.010613
-0.999427
0.23332
0.972237
-0.0178242
0.971789
-0.234725
-0.0230077
-0.0324701
-0.0365273
-0.998805
0.233605
0.971375
-0.0431184
0.972681
-0.231588
-0.0161061
-0.0302389
-0.0576058
-0.997881
0.230169
0.971107
-0.063035
0.973651
-0.22768
-0.0128467
-0.0295728
-0.0702048
-0.997094
0.226116
0.971202
-0.0750881
0.97409
-0.22601
-0.00824505
-0.0257142
-0.0744593
-0.996892
0.224694
0.971275
-0.0783417
0.973597
-0.228258
-0.00287621
-0.022374
-0.0828783
-0.996309
0.227177
0.970067
-0.085797
0.97408
-0.226205
-0
-0.0207038
-0.0891546
-0.995803
0.225255
0.969991
-0.091527
0.973879
-0.226945
0.00747809
-0.0133025
-0.0898991
-0.995862
0.226679
0.969749
-0.0905698
0.973987
-0.226183
0.0138054
-0.00627042
-0.087801
-0.996118
0.226517
0.97012
-0.0869353
0.974216
-0.225252
0.0128467
-0.00685726
-0.0864754
-0.99623
0.225514
0.970455
-0.0857903
0.976065
-0.216825
0.016873
-0.000860489
-0.0814337
-0.996678
0.217479
0.972808
-0.0796711
0.978304
-0.206716
0.0138054
-0.00197626
-0.075944
-0.99711
0.207168
0.975449
-0.0747048
0.980351
-0.196959
0.0109294
-0.00376598
-0.0740828
-0.997245
0.197226
0.977609
-0.0733689
0.983453
-0.181154
0.00210922
-0.0110151
-0.071412
-0.997386
0.180831
0.980859
-0.0722257
0.985862
-0.16756
-0.000383495
-0.0119025
-0.0677464
-0.997632
0.167137
0.983531
-0.068783
0.988228
-0.152987
0.00115049
-0.0087444
-0.0639895
-0.997912
0.152741
0.986154
-0.064574
0.990165
-0.139899
0.00153398
-0.00730379
-0.0626374
-0.99801
0.139716
0.988183
-0.0630431
0.991704
-0.128304
0.00786157
-6.13779e-05
-0.0616309
-0.998099
0.128545
0.989818
-0.0611275
0.992082
-0.124293
0.0180233
0.0103468
-0.062132
-0.998014
0.125166
0.990298
-0.060354
0.992503
-0.118551
0.0297165
0.0226852
-0.0602253
-0.997927
0.120095
0.99112
-0.0570844
0.99225
-0.117749
0.0396813
0.0331391
-0.0570086
-0.997824
0.119755
0.991406
-0.0526647
0.99224
-0.117169
0.0415972
0.0357575
-0.0515096
-0.998032
0.119081
0.991775
-0.0469202
0.992653
-0.116253
0.0335495
0.0288376
-0.0419795
-0.998702
0.117511
0.992332
-0.0383186
0.992254
-0.121031
0.0279915
0.0254356
-0.0226114
-0.999421
0.121594
0.992391
-0.0193577
0.991665
-0.127139
0.020899
0.0197045
-0.0106454
-0.999749
0.12733
0.991828
-0.0080515
0.991319
-0.130961
0.0116963
0.0121982
0.00303041
-0.999921
0.130915
0.991383
0.00460158
0.991104
-0.13306
0.00287621
0.00484034
0.0144401
-0.999884
0.133003
0.991003
0.0149557
0.990791
-0.135146
-0.00824505
-0.00394199
0.0320768
-0.999478
0.13534
0.990306
0.0312487
0.990567
-0.136276
-0.0143806
-0.00783034
0.0484805
-0.998793
0.136809
0.989484
0.0469561
0.990469
-0.13665
-0.0172564
-0.00878703
0.0623411
-0.998016
0.137455
0.988656
0.0605462
0.990678
-0.13455
-0.0212824
-0.0106626
0.0791614
-0.996805
0.135805
0.98774
0.0769888
0.990936
-0.13207
-0.0245412
-0.0115935
0.0979261
-0.995126
0.13383
0.986391
0.0955074
0.990872
-0.131868
-0.0279915
-0.0124454
0.117271
-0.993022
0.134231
0.984306
0.11456
0.990935
-0.131103
-0.0293332
-0.0106244
0.141183
-0.989927
0.133924
0.981264
0.13851
0.991198
-0.129398
-0.0279915
-0.0068395
0.161099
-0.986915
0.132214
0.978419
0.158796
0.991194
-0.128818
-0.0306748
-0.00879943
0.167062
-0.985907
0.132127
0.977495
0.164457
0.990794
-0.130698
-0.0352742
-0.0133385
0.165048
-0.986195
0.134716
0.977587
0.161786
0.99069
-0.130684
-0.0381485
-0.017161
0.158105
-0.987273
0.135053
0.978736
0.15439
0.990178
-0.132356
-0.0450454
-0.0253841
0.146643
-0.988864
0.137488
0.980295
0.141843
0.989339
-0.134368
-0.0561525
-0.0379409
0.134447
-0.990194
0.1406
0.981768
0.127916
0.988416
-0.137526
-0.0641913
-0.047311
0.122676
-0.991318
0.144207
0.982872
0.114748
0.987835
-0.138411
-0.0708871
-0.0552047
0.114029
-0.991942
0.145378
0.983789
0.105001
0.98705
-0.142355
-0.073947
-0.0590746
0.106009
-0.992609
0.149142
0.984123
0.0962262
0.986533
-0.144406
-0.076815
-0.0625169
0.101075
-0.992913
0.151146
0.984343
0.0906855
0.986468
-0.146522
-0.0735646
-0.0598633
0.0958233
-0.993597
0.152633
0.984555
0.0857554
0.986044
-0.148972
-0.0743295
-0.0612396
0.090612
-0.994002
0.154814
0.984681
0.0802244
0.985742
-0.151054
-0.0741382
-0.0616713
0.0856147
-0.994418
0.156558
0.984811
0.0750783
0.986004
-0.152642
-0.0670613
-0.0552905
0.0800974
-0.995252
0.157289
0.98503
0.0705367
0.98634
-0.150371
-0.0672526
-0.0571175
0.070737
-0.995858
0.154506
0.986096
0.0611819
0.986866
-0.14929
-0.0617035
-0.0518399
0.0690863
-0.996263
0.152995
0.986377
0.0604398
0.987231
-0.148184
-0.0584497
-0.0487074
0.0685445
-0.996458
0.151665
0.986582
0.0604517
0.988252
-0.145625
-0.0463863
-0.0352131
0.0783881
-0.996301
0.148723
0.98623
0.0723392
0.988889
-0.141847
-0.0444708
-0.0326498
0.084602
-0.99588
0.145024
0.986267
0.0790307
0.989161
-0.139757
-0.0450454
-0.0333954
0.0846131
-0.995854
0.142989
0.986564
0.0790287
0.989874
-0.135601
-0.0419804
-0.0309374
0.0825423
-0.996107
0.138538
0.987319
0.0775114
0.99033
-0.132763
-0.0402561
-0.0300165
0.0782467
-0.996482
0.135446
0.988054
0.073505
0.990903
-0.130133
-0.0343161
-0.024835
0.0737927
-0.996964
0.13227
0.988747
0.0698895
0.991231
-0.129016
-0.0285665
-0.0200342
0.0669543
-0.997555
0.130613
0.98938
0.0637825
0.99132
-0.129801
-0.020899
-0.0138756
0.0547797
-0.998402
0.130738
0.990026
0.0525032
0.991481
-0.129435
-0.0145723
-0.00999901
0.0359126
-0.999305
0.129868
0.990937
0.0343124
0.991491
-0.129823
-0.00958723
-0.00778759
0.0143629
-0.999867
0.129944
0.991433
0.0132296
0.991883
-0.126007
-0.0170647
-0.0187151
-0.0119253
-0.999754
0.125773
0.991958
-0.0141867
0.992382
-0.122012
-0.0170647
-0.0206957
-0.0285543
-0.999378
0.121449
0.992118
-0.0308619
0.992981
-0.117836
-0.0101624
-0.0148273
-0.0387791
-0.999138
0.11734
0.992276
-0.0402541
0.99355
-0.113269
-0.00536891
-0.011297
-0.0517597
-0.998596
0.112832
0.992215
-0.0527054
0.994134
-0.108125
-0.00249272
-0.00947569
-0.0641167
-0.997897
0.107738
0.992068
-0.0647651
0.994525
-0.104503
-0.000191748
-0.00823752
-0.0765646
-0.997031
0.104178
0.991573
-0.0770063
0.995013
-0.0997343
0.00153398
-0.0070744
-0.0859022
-0.996278
0.0994949
0.991299
-0.0861793
0.995553
-0.0941999
-0
-0.00894555
-0.0945412
-0.995481
0.0937742
0.991054
-0.0949635
0.99606
-0.0886624
-0.00191747
-0.0109625
-0.101643
-0.994761
0.088003
0.990862
-0.102214
0.996405
-0.0846506
0.0032597
-0.0056809
-0.105162
-0.994439
0.0845226
0.990846
-0.105265
0.996666
-0.0812089
0.00786157
-0.0010383
-0.108973
-0.994044
0.081582
0.990722
-0.108694
0.997013
-0.0770049
0.00594414
-0.0030266
-0.115858
-0.993261
0.0771746
0.990276
-0.115745
0.997346
-0.0727996
-0.00076699
-0.00953228
-0.120132
-0.992712
0.0721769
0.990085
-0.120507
0.997318
-0.0731821
0.00076699
-0.00805963
-0.12024
-0.992712
0.072741
0.990044
-0.120507
0.997025
-0.0770058
-0.0032597
-0.0128123
-0.123885
-0.992214
0.0760024
0.989304
-0.124503
0.99673
-0.0804446
-0.00766983
-0.0184171
-0.133723
-0.990848
0.0786827
0.987748
-0.134767
0.99646
-0.082731
-0.0149558
-0.0271584
-0.148405
-0.988554
0.0795645
0.98546
-0.150127
0.995757
-0.0872885
-0.0291415
-0.0430338
-0.161773
-0.985889
0.0813424
0.98296
-0.164843
0.994835
-0.0925925
-0.0415972
-0.0574087
-0.175268
-0.982846
0.0837134
0.980157
-0.179679
0.993797
-0.099035
-0.0505997
-0.0684431
-0.186022
-0.980159
0.0876574
0.977542
-0.191646
0.99262
-0.106035
-0.0588325
-0.0787188
-0.194406
-0.977757
0.0922393
0.975173
-0.201319
0.991431
-0.11245
-0.0664873
-0.0879356
-0.198088
-0.976232
0.0966069
0.973713
-0.206279
0.990369
-0.116563
-0.0747119
-0.0970087
-0.199201
-0.975145
0.0987835
0.973002
-0.20859
0.989082
-0.116989
-0.0896175
-0.110652
-0.187905
-0.975934
0.0973336
0.975195
-0.198799
0.988771
-0.121953
-0.0863704
-0.106558
-0.170144
-0.979641
0.104775
0.977844
-0.181229
0.986918
-0.135774
-0.0869435
-0.106202
-0.141729
-0.984192
0.121306
0.98055
-0.154295
0.984075
-0.151571
-0.0928636
-0.11146
-0.119192
-0.986595
0.13847
0.981234
-0.134188
0.981705
-0.165692
-0.0938181
-0.111122
-0.0984361
-0.98892
0.154621
0.981253
-0.115047
0.979744
-0.176201
-0.0951544
-0.111254
-0.0838459
-0.990249
0.166505
0.980777
-0.101751
0.976561
-0.191137
-0.0989712
-0.113916
-0.068827
-0.991103
0.182625
0.979147
-0.0889874
0.974283
-0.201772
-0.100307
-0.113361
-0.0541873
-0.992075
0.194738
0.977932
-0.0756667
0.971714
-0.214685
-0.0983988
-0.109049
-0.0383147
-0.993298
0.209476
0.975932
-0.0606422
0.969278
-0.225677
-0.0978263
-0.105652
-0.0228314
-0.994141
0.222122
0.973935
-0.0459731
0.966981
-0.233368
-0.102405
-0.108601
-0.0138227
-0.993989
0.23055
0.97229
-0.0387103
0.964841
-0.243254
-0.0995436
-0.101053
0.00629685
-0.994861
0.24263
0.969942
-0.0185061
0.965179
-0.245899
-0.0892355
-0.0866626
0.0212875
-0.99601
0.246818
0.969062
-0.000763976
0.966182
-0.245366
-0.0793002
-0.0741656
0.030111
-0.996791
0.246966
0.968963
0.010895
0.966887
-0.243967
-0.0749031
-0.0684884
0.034683
-0.997049
0.245844
0.969163
0.0168256
0.968268
-0.240961
-0.066296
-0.0582948
0.0401919
-0.99749
0.24302
0.969702
0.0248698
0.969567
-0.238522
-0.0551952
-0.0461059
0.0435239
-0.997988
0.240444
0.970161
0.0312021
0.970929
-0.234124
-0.0498337
-0.0400105
0.0465245
-0.998116
0.236001
0.971093
0.0358046
0.971509
-0.233081
-0.0429383
-0.0321929
0.0497132
-0.998245
0.234806
0.971186
0.0407932
0.972453
-0.229564
-0.0404477
-0.0288878
0.0534967
-0.99815
0.231303
0.971822
0.0453914
0.973232
-0.226795
-0.0371905
-0.0252156
0.0554718
-0.998142
0.228436
0.972362
0.0482681
0.973877
-0.224584
-0.0335495
-0.0216261
0.0553426
-0.998233
0.226044
0.972882
0.04904
0.974424
-0.222743
-0.0297165
-0.0176565
0.055941
-0.998278
0.224022
0.973271
0.0505774
0.974892
-0.221277
-0.0249246
-0.0123079
0.0582148
-0.998228
0.222336
0.973472
0.0540297
0.975067
-0.22053
-0.0247329
-0.0119534
0.0590966
-0.998181
0.221591
0.973588
0.054987
0.975024
-0.220717
-0.0247329
-0.0120271
0.0587255
-0.998202
0.221773
0.973568
0.0546042
0.974951
-0.220701
-0.0276081
-0.0155505
0.0561856
-0.998299
0.221876
0.973722
0.0513461
0.97493
-0.220696
-0.0283748
-0.0164675
0.0556078
-0.998317
0.221902
0.973756
0.0505794
0.974855
-0.220875
-0.0295248
-0.0178751
0.0545578
-0.998351
0.222122
0.973775
0.0492378
0.974328
-0.223114
-0.0300998
-0.0189117
0.0521141
-0.998462
0.22434
0.973398
0.0465567
0.973411
-0.22428
-0.0465778
-0.0391294
0.0375438
-0.998529
0.225698
0.973801
0.0277696
0.975302
-0.218226
-0.0341244
-0.0293182
0.0252254
-0.999252
0.218923
0.975572
0.0182044
0.976297
-0.214716
-0.0272248
-0.0258066
0.00940593
-0.999623
0.214892
0.976631
0.00364187
0.977154
-0.210783
-0.0272248
-0.0306507
-0.0130029
-0.999446
0.210313
0.977446
-0.0191665
0.978502
-0.204995
-0.0226243
-0.0302627
-0.0342028
-0.998957
0.204007
0.978165
-0.0396712
0.979337
-0.201448
-0.0178316
-0.0285216
-0.0502886
-0.998327
0.200215
0.978207
-0.0549951
0.980052
-0.198072
-0.0162978
-0.0285827
-0.0593221
-0.99783
0.196675
0.978391
-0.0638001
0.980561
-0.196023
-0.00862854
-0.0228217
-0.0702628
-0.997267
0.194881
0.978079
-0.0733706
0.981117
-0.193397
-0.00249272
-0.0200258
-0.088757
-0.995852
0.192373
0.977098
-0.090954
0.98196
-0.189068
-0.00287621
-0.0228191
-0.103388
-0.994379
0.187708
0.976506
-0.105837
0.982958
-0.183793
0.0036432
-0.0170849
-0.11107
-0.993666
0.183033
0.97667
-0.112318
0.98389
-0.178505
0.00977897
-0.0112763
-0.116559
-0.99312
0.178417
0.977011
-0.116694
0.984269
-0.176236
0.0124633
-0.00909441
-0.120989
-0.992612
0.176442
0.976884
-0.120688
0.985049
-0.171311
0.018215
-0.00270072
-0.121074
-0.99264
0.172256
0.977749
-0.119726
0.985375
-0.16845
0.0256914
0.00551912
-0.119143
-0.992862
0.170308
0.978483
-0.116471
0.985015
-0.16936
0.0325913
0.013412
-0.113179
-0.993484
0.171945
0.979034
-0.109211
0.984051
-0.173666
0.0385317
0.0206939
-0.103378
-0.994427
0.176681
0.979364
-0.0981351
0.982877
-0.179684
0.0408309
0.023572
-0.0971592
-0.99499
0.182751
0.978915
-0.09126
0.982198
-0.183651
0.0394897
0.0220466
-0.0960699
-0.99513
0.18655
0.978286
-0.0903108
0.982016
-0.184981
0.0377653
0.020122
-0.0963442
-0.995145
0.187721
0.978008
-0.0908894
0.981731
-0.186487
0.0377653
0.0200104
-0.0961874
-0.995162
0.189218
0.977737
-0.0906985
0.981151
-0.189888
0.0358491
0.0184688
-0.0925204
-0.995539
0.192358
0.977437
-0.0872695
0.981136
-0.192228
0.0205156
0.00289527
-0.0914994
-0.995801
0.193298
0.977075
-0.0892168
0.98054
-0.195628
0.0164895
-0.000976567
-0.0888518
-0.996044
0.196319
0.976645
-0.0873137
0.980317
-0.196756
0.0162978
-0.00126604
-0.088813
-0.996048
0.197426
0.976422
-0.087314
0.980404
-0.196383
0.0155309
-0.00224545
-0.089974
-0.995942
0.196983
0.976391
-0.0886519
0.980319
-0.196952
0.0136137
-0.00401813
-0.0888477
-0.996037
0.197381
0.976379
-0.0878904
0.979645
-0.200729
-0.00191747
-0.0192851
-0.0846033
-0.996228
0.199809
0.975987
-0.0867523
0.97823
-0.206113
-0.0241578
-0.0413188
-0.0793657
-0.995989
0.203369
0.975304
-0.0861543
0.975646
-0.214181
-0.047344
-0.0645897
-0.0742479
-0.995146
0.209626
0.973968
-0.0862736
0.972212
-0.222433
-0.0729909
-0.0899424
-0.0670443
-0.993688
0.216136
0.97264
-0.0851874
0.968788
-0.228503
-0.0961087
-0.112851
-0.0613378
-0.991717
0.220715
0.971609
-0.08521
0.964238
-0.234076
-0.124314
-0.140901
-0.0554605
-0.988469
0.224482
0.970635
-0.0864586
0.959677
-0.23765
-0.150144
-0.166393
-0.0497423
-0.984804
0.226571
0.970076
-0.0872798
0.954684
-0.241472
-0.173984
-0.190013
-0.0445761
-0.980769
0.229072
0.969384
-0.0884387
0.950912
-0.243818
-0.190575
-0.206517
-0.0413389
-0.977569
0.230471
0.968939
-0.0896622
0.944569
-0.24683
-0.216481
-0.233177
-0.0401787
-0.971604
0.231123
0.968225
-0.0955066
0.941081
-0.247462
-0.230498
-0.24757
-0.0398005
-0.968052
0.230382
0.96808
-0.0987195
0.936583
-0.247047
-0.248556
-0.265805
-0.0385565
-0.963256
0.228386
0.968236
-0.101778
0.932632
-0.24524
-0.264679
-0.281758
-0.0367261
-0.958782
0.225411
0.968767
-0.10335
0.928917
-0.24274
-0.279624
-0.295907
-0.0326579
-0.954658
0.222602
0.969541
-0.102165
0.925687
-0.243224
-0.289734
-0.306142
-0.0317511
-0.951456
0.222217
0.96945
-0.103853
0.926127
-0.245239
-0.286613
-0.30316
-0.0317725
-0.95241
0.224461
0.968942
-0.103772
0.928295
-0.24448
-0.280177
-0.296844
-0.0334372
-0.95434
0.223949
0.969078
-0.103612
0.929966
-0.241681
-0.277046
-0.293552
-0.0344437
-0.955323
0.221341
0.969744
-0.102977
0.931972
-0.241058
-0.270776
-0.287307
-0.0355986
-0.957177
0.221096
0.969858
-0.102435
0.932742
-0.239731
-0.269299
-0.290073
-0.0553713
-0.955401
0.214128
0.969259
-0.121187
0.929309
-0.243985
-0.27723
-0.305834
-0.0876646
-0.94804
0.207004
0.965809
-0.156086
0.928629
-0.241714
-0.281465
-0.314839
-0.112057
-0.942507
0.196277
0.963856
-0.18016
0.930463
-0.233448
-0.282385
-0.316392
-0.123307
-0.94058
0.184757
0.964519
-0.188593
0.936194
-0.206273
-0.284591
-0.314442
-0.129718
-0.940372
0.157057
0.969858
-0.186302
0.943454
-0.159422
-0.290652
-0.312116
-0.131747
-0.940865
0.111702
0.97838
-0.174055
0.94755
-0.113182
-0.298897
-0.312477
-0.131617
-0.940763
0.0671372
0.984818
-0.160081
0.948658
-0.0710747
-0.308214
-0.315251
-0.133026
-0.939639
0.025784
0.988561
-0.148603
0.946717
-0.0375966
-0.319865
-0.321957
-0.136528
-0.936859
-0.00844778
0.989923
-0.141358
0.944685
-0.00923849
-0.327848
-0.325906
-0.138617
-0.935185
-0.0368055
0.990303
-0.13396
0.939043
0.032063
-0.3423
-0.33461
-0.143422
-0.931379
-0.0789562
0.989142
-0.123951
0.931457
0.0663743
-0.357747
-0.345524
-0.14677
-0.926861
-0.114026
0.986941
-0.113776
0.927447
0.0922435
-0.362398
-0.347248
-0.147218
-0.926146
-0.138783
0.984793
-0.104506
0.91671
0.133826
-0.376475
-0.357433
-0.146414
-0.922391
-0.178561
0.980129
-0.0863851
0.908744
0.156426
-0.386931
-0.365671
-0.148453
-0.918829
-0.20117
0.97647
-0.0777051
0.893646
0.180966
-0.410668
-0.38637
-0.15525
-0.909184
-0.228287
0.971159
-0.0688185
0.885297
0.196483
-0.421479
-0.395354
-0.159182
-0.90463
-0.244836
0.9675
-0.0632424
0.873535
0.218097
-0.435167
-0.407275
-0.162126
-0.898801
-0.266578
0.962366
-0.0527975
0.867214
0.230173
-0.441543
-0.413027
-0.162768
-0.896056
-0.278117
0.959441
-0.0460874
0.85869
0.237986
-0.453888
-0.42509
-0.163961
-0.890177
-0.28627
0.957329
-0.0396261
0.85657
0.232454
-0.460709
-0.432864
-0.162358
-0.886718
-0.280921
0.95896
-0.03845
0.884409
0.216493
-0.413464
-0.38985
-0.14437
-0.909491
-0.25659
0.965551
-0.0432821
0.897332
0.196448
-0.395225
-0.371877
-0.145753
-0.916768
-0.237703
0.969621
-0.0577346
0.912107
0.169097
-0.373453
-0.350529
-0.15069
-0.92435
-0.212581
0.974012
-0.078172
0.923509
0.149866
-0.353087
-0.330889
-0.154349
-0.930961
-0.194018
0.976584
-0.0929536
0.933914
0.125564
-0.334723
-0.313658
-0.161458
-0.935708
-0.171535
0.978859
-0.111403
0.939266
0.111462
-0.324585
-0.304569
-0.16516
-0.938062
-0.158166
0.979948
-0.121181
0.948987
0.0802556
-0.304929
-0.287575
-0.176331
-0.941386
-0.12932
0.981054
-0.144257
0.955637
0.0596305
-0.288449
-0.273594
-0.183064
-0.944264
-0.109112
0.981291
-0.158628
0.961816
0.0345024
-0.271514
-0.260014
-0.194559
-0.945801
-0.0854581
0.980284
-0.178159
0.965683
0.0146293
-0.259313
-0.251029
-0.203615
-0.946322
-0.0666442
0.978942
-0.192955
0.969223
-0.0105937
-0.245955
-0.242588
-0.211221
-0.946856
-0.0419202
0.977381
-0.20729
0.972079
-0.0352439
-0.231991
-0.234012
-0.218616
-0.947336
-0.0173292
0.975174
-0.22076
0.9749
-0.0557673
-0.215545
-0.222594
-0.223932
-0.948845
0.00464712
0.973008
-0.230724
0.976886
-0.0760156
-0.19979
-0.21218
-0.231306
-0.949462
0.0259613
0.969907
-0.242089
0.97898
-0.0911168
-0.182474
-0.199473
-0.241124
-0.949774
0.0425414
0.966208
-0.254231
0.980505
-0.106833
-0.164913
-0.187285
-0.2542
-0.948845
0.0594472
0.961233
-0.269253
0.980762
-0.12383
-0.150902
-0.179497
-0.268261
-0.946476
0.0767213
0.955354
-0.285328
0.979815
-0.130015
-0.15185
-0.182546
-0.272306
-0.944736
0.0814799
0.953386
-0.290544
0.978704
-0.134071
-0.15545
-0.187377
-0.274172
-0.943249
0.0838422
0.952289
-0.293455
0.978497
-0.135572
-0.15545
-0.187862
-0.274615
-0.943024
0.0851589
0.951949
-0.294179
0.978768
-0.138097
-0.151471
-0.184955
-0.276501
-0.943048
0.0883503
0.95104
-0.296172
0.978942
-0.138313
-0.150144
-0.183891
-0.278101
-0.942785
0.0886444
0.950542
-0.297679
0.978992
-0.137746
-0.150333
-0.184011
-0.279275
-0.942415
0.0878294
0.95028
-0.298755
0.979155
-0.137003
-0.149954
-0.183439
-0.279466
-0.94247
0.087214
0.950331
-0.298772
0.979679
-0.135927
-0.147489
-0.180556
-0.277447
-0.943622
0.0873434
0.951077
-0.296352
0.980903
-0.137248
-0.13781
-0.171325
-0.274324
-0.946253
0.0920662
0.951793
-0.292599
0.982784
-0.147131
-0.111747
-0.149821
-0.280723
-0.948023
0.108113
0.948445
-0.297934
0.981806
-0.168615
-0.0873255
-0.136193
-0.304843
-0.942615
0.132318
0.937358
-0.322261
0.979356
-0.187982
-0.0743295
-0.13352
-0.325488
-0.936072
0.151772
0.926672
-0.343868
0.974306
-0.216826
-0.060938
-0.136922
-0.355395
-0.924633
0.178828
0.90922
-0.375952
0.969584
-0.239709
-0.0494507
-0.138798
-0.372084
-0.917763
0.201597
0.896712
-0.394038
0.965436
-0.258027
-0.0368072
-0.136504
-0.380259
-0.914751
0.222034
0.888159
-0.402337
0.961509
-0.273245
-0.0289498
-0.135502
-0.379862
-0.915065
0.23904
0.883766
-0.402266
0.956787
-0.290038
-0.020899
-0.135352
-0.380589
-0.914785
0.257368
0.878083
-0.4034
0.950233
-0.31129
-0.0124633
-0.138218
-0.385391
-0.912343
0.2792
0.868661
-0.409237
0.945507
-0.325478
-0.00901202
-0.142562
-0.388939
-0.910166
0.292734
0.861853
-0.414145
0.938917
-0.344096
-0.0057524
-0.150345
-0.395089
-0.906257
0.309566
0.851765
-0.422688
0.932141
-0.362033
-0.00671112
-0.161878
-0.400071
-0.902075
0.323896
0.841947
-0.431528
0.926837
-0.375399
-0.00690286
-0.170153
-0.403567
-0.898989
0.334694
0.834391
-0.437916
0.922952
-0.38479
-0.00977897
-0.176501
-0.400503
-0.899136
0.342062
0.831585
-0.437561
0.918846
-0.394295
-0.0159144
-0.18484
-0.394411
-0.900152
0.348648
0.830043
-0.435284
0.914746
-0.403592
-0.0187902
-0.188814
-0.385908
-0.903008
0.357195
0.829571
-0.429212
0.909142
-0.415785
-0.0241578
-0.19712
-0.378471
-0.90438
0.366885
0.826972
-0.426043
0.903656
-0.427186
-0.0302915
-0.207557
-0.374995
-0.903492
0.3746
0.822734
-0.427532
0.895597
-0.441802
-0.0521317
-0.237721
-0.376227
-0.895512
0.376025
0.81441
-0.441974
0.894468
-0.443593
-0.0561525
-0.243185
-0.377244
-0.893615
0.375218
0.812965
-0.445307
0.893283
-0.446211
-0.0542379
-0.24201
-0.375751
-0.894562
0.378784
0.812223
-0.44364
0.895091
-0.442406
-0.0555782
-0.238473
-0.369669
-0.89804
0.376753
0.817081
-0.436389
0.89796
-0.437202
-0.0502167
-0.225665
-0.359489
-0.905452
0.377813
0.824392
-0.421468
0.895313
-0.441662
-0.0578754
-0.228933
-0.34479
-0.910335
0.382105
0.828284
-0.409805
0.893921
-0.443322
-0.0661047
-0.235213
-0.338427
-0.911121
0.381549
0.83002
-0.406802
0.890849
-0.44756
-0.0779621
-0.242157
-0.322611
-0.915031
0.38438
0.834034
-0.395778
0.888018
-0.451696
-0.0859884
-0.247735
-0.312459
-0.917059
0.387364
0.835667
-0.38937
0.881067
-0.461856
-0.102024
-0.263494
-0.300143
-0.91678
0.392799
0.834627
-0.386143
0.876457
-0.467828
-0.113842
-0.275113
-0.292556
-0.915819
0.39514
0.833995
-0.385118
0.868704
-0.478781
-0.126977
-0.288847
-0.281399
-0.915086
0.402394
0.831615
-0.382746
0.863905
-0.484811
-0.13648
-0.298876
-0.275362
-0.913701
0.405391
0.830141
-0.382785
0.854987
-0.496327
-0.150523
-0.3169
-0.270176
-0.909164
0.410575
0.825024
-0.388283
0.847669
-0.505646
-0.160562
-0.33065
-0.266857
-0.905239
0.414883
0.820433
-0.393398
0.842114
-0.512236
-0.168694
-0.341559
-0.264509
-0.901872
0.41735
0.817098
-0.397705
0.843305
-0.510085
-0.169261
-0.340306
-0.26305
-0.902771
0.415966
0.818913
-0.395417
0.846723
-0.506624
-0.162454
-0.330263
-0.261114
-0.907054
0.417116
0.821676
-0.38841
0.852764
-0.498979
-0.154313
-0.316395
-0.258453
-0.912741
0.415556
0.827177
-0.378275
0.856262
-0.491812
-0.157912
-0.314757
-0.254392
-0.914447
0.409565
0.83271
-0.372628
0.856428
-0.478674
-0.193397
-0.341487
-0.244288
-0.907585
0.387193
0.843324
-0.372676
0.856377
-0.46878
-0.216481
-0.356907
-0.234425
-0.904247
0.373144
0.851639
-0.368067
0.853271
-0.455873
-0.253197
-0.383078
-0.218543
-0.897491
0.353807
0.862797
-0.361112
0.851056
-0.441143
-0.284775
-0.404992
-0.206304
-0.890742
0.334195
0.873402
-0.354235
0.848601
-0.429191
-0.309309
-0.42277
-0.198691
-0.884187
0.318028
0.881088
-0.350059
0.845168
-0.412903
-0.339416
-0.443373
-0.186925
-0.87663
0.298517
0.891387
-0.341053
0.844581
-0.397081
-0.359179
-0.452593
-0.171026
-0.875163
0.286082
0.901708
-0.324162
0.845532
-0.381413
-0.373631
-0.457044
-0.155279
-0.875785
0.276019
0.91127
-0.305616
0.844075
-0.362017
-0.395578
-0.468045
-0.137403
-0.872957
0.261672
0.921989
-0.285419
0.842157
-0.346565
-0.413115
-0.478504
-0.127094
-0.868839
0.248605
0.929376
-0.272866
0.835063
-0.332093
-0.438616
-0.498189
-0.118222
-0.858971
0.233404
0.935809
-0.264168
0.82645
-0.319708
-0.46343
-0.517745
-0.108206
-0.848665
0.221179
0.941317
-0.254954
0.818094
-0.304987
-0.48755
-0.536012
-0.0972219
-0.838594
0.20836
0.947381
-0.243013
0.816961
-0.287551
-0.499889
-0.541991
-0.08669
-0.835901
0.197029
0.953834
-0.226673
0.812443
-0.275324
-0.513938
-0.552152
-0.0802248
-0.829875
0.187254
0.957998
-0.217199
0.810572
-0.259356
-0.525079
-0.558694
-0.073617
-0.8261
0.175599
0.962972
-0.204572
0.811942
-0.256708
-0.524263
-0.556274
-0.0680218
-0.82821
0.176947
0.964092
-0.19803
0.826156
-0.251823
-0.504035
-0.534235
-0.0658208
-0.84277
0.179053
0.965532
-0.188911
0.837872
-0.246815
-0.48688
-0.515984
-0.0670431
-0.85397
0.178131
0.966741
-0.183526
0.863973
-0.235352
-0.445153
-0.47219
-0.0716217
-0.878582
0.174894
0.969268
-0.17301
0.881143
-0.225929
-0.415383
-0.440539
-0.0730848
-0.894754
0.171793
0.971398
-0.163929
0.897384
-0.215297
-0.385162
-0.408394
-0.0747235
-0.909742
0.167084
0.973686
-0.154982
0.91075
-0.206902
-0.357389
-0.379244
-0.0765559
-0.922124
0.163429
0.975362
-0.14819
0.923054
-0.197632
-0.33002
-0.350665
-0.0796299
-0.933109
0.158133
0.977037
-0.142805
0.936402
-0.190559
-0.294685
-0.315227
-0.0877177
-0.944954
0.15422
0.977749
-0.142208
0.945085
-0.187047
-0.268006
-0.289223
-0.0967805
-0.952357
0.152198
0.977572
-0.145564
0.950332
-0.189033
-0.247256
-0.270859
-0.110988
-0.956199
0.153311
0.975678
-0.156676
0.954578
-0.189497
-0.229939
-0.254798
-0.119093
-0.959633
0.154463
0.974632
-0.161967
0.959613
-0.19241
-0.205235
-0.231449
-0.125259
-0.964749
0.159919
0.973288
-0.164733
0.96183
-0.19132
-0.195654
-0.223397
-0.136035
-0.965188
0.158044
0.972055
-0.173583
0.963557
-0.191471
-0.186809
-0.21647
-0.14783
-0.965032
0.15716
0.970302
-0.18389
0.965379
-0.191256
-0.177382
-0.20842
-0.156632
-0.965416
0.156858
0.968962
-0.191071
0.966861
-0.192128
-0.168127
-0.20073
-0.165149
-0.965626
0.157758
0.967374
-0.198242
0.967861
-0.19387
-0.160183
-0.194611
-0.173965
-0.96533
0.159283
0.965479
-0.206103
0.967959
-0.195242
-0.157912
-0.193682
-0.180247
-0.964364
0.159821
0.96405
-0.212286
0.969423
-0.193217
-0.151281
-0.18822
-0.189901
-0.963593
0.157454
0.962603
-0.220461
0.970315
-0.189142
-0.150712
-0.187226
-0.193015
-0.963167
0.153086
0.962793
-0.222698
0.97185
-0.185382
-0.145403
-0.180875
-0.191596
-0.964663
0.150973
0.963807
-0.219733
0.973403
-0.182006
-0.139139
-0.173084
-0.186346
-0.967118
0.150093
0.965479
-0.212892
0.973829
-0.180154
-0.13857
-0.171179
-0.180293
-0.968603
0.149514
0.966974
-0.206414
0.974201
-0.17945
-0.13686
-0.168996
-0.178131
-0.969386
0.149577
0.967506
-0.203862
0.974
-0.17729
-0.141038
-0.172501
-0.176827
-0.969008
0.146856
0.968143
-0.202812
0.972602
-0.176843
-0.150902
-0.182077
-0.175875
-0.967427
0.144542
0.968398
-0.203256
0.976669
-0.167347
-0.134581
-0.16259
-0.16683
-0.972488
0.140291
0.97168
-0.190147
0.979272
-0.161807
-0.12184
-0.148521
-0.16461
-0.975113
0.137724
0.972996
-0.18523
0.982088
-0.153772
-0.108888
-0.134708
-0.168946
-0.976377
0.131743
0.973556
-0.186634
0.983925
-0.148266
-0.0995436
-0.124658
-0.171086
-0.977338
0.127876
0.974036
-0.186818
0.98682
-0.138268
-0.0840778
-0.107326
-0.170361
-0.979519
0.121113
0.975633
-0.182955
0.988984
-0.13046
-0.0699307
-0.0916294
-0.168544
-0.981426
0.11625
0.977023
-0.178641
0.991586
-0.119792
-0.0490677
-0.0686061
-0.164868
-0.983927
0.109777
0.979014
-0.171699
0.991899
-0.113852
-0.0563439
-0.0749822
-0.16671
-0.983151
0.10254
0.979411
-0.173896
0.991699
-0.113636
-0.0601724
-0.0789878
-0.169111
-0.982427
0.101463
0.979024
-0.176683
0.989928
-0.117281
-0.0793002
-0.0990897
-0.173909
-0.979764
0.101117
0.977753
-0.183779
0.98908
-0.11872
-0.0873255
-0.107033
-0.171317
-0.979385
0.101312
0.978037
-0.182153
0.989169
-0.115653
-0.0903814
-0.108529
-0.161719
-0.980851
0.0988218
0.980036
-0.172519
0.990444
-0.108877
-0.084651
-0.100398
-0.148398
-0.983818
0.0945532
0.982916
-0.157911
0.992995
-0.097417
-0.06687
-0.0800564
-0.138437
-0.98713
0.0869059
0.985568
-0.145266
0.994468
-0.0906353
-0.0530891
-0.0648103
-0.131712
-0.989167
0.082661
0.987136
-0.136857
0.995536
-0.0864997
-0.0377653
-0.0485123
-0.125721
-0.990879
0.0809628
0.988287
-0.129356
0.995691
-0.0847822
-0.0375737
-0.048273
-0.127906
-0.990611
0.0791802
0.988156
-0.131447
0.995598
-0.0820829
-0.045237
-0.0559341
-0.133094
-0.989524
0.0752022
0.987699
-0.1371
0.995766
-0.0774848
-0.0494507
-0.0595897
-0.134542
-0.989114
0.0699882
0.987874
-0.13859
0.995664
-0.0726768
-0.0580668
-0.0683079
-0.147458
-0.986707
0.0631483
0.986395
-0.151783
0.996082
-0.0644555
-0.0605552
-0.0704868
-0.165054
-0.983763
0.053414
0.984176
-0.168951
0.996358
-0.0569947
-0.0634259
-0.0726717
-0.178427
-0.981266
0.0446101
0.982301
-0.181919
0.997037
-0.0551157
-0.0536635
-0.063337
-0.192264
-0.979297
0.0436571
0.979794
-0.195185
0.996585
-0.0550907
-0.0615121
-0.071934
-0.213398
-0.974314
0.0405491
0.975411
-0.216632
0.996057
-0.0541037
-0.0703133
-0.0811131
-0.234273
-0.968781
0.0359422
0.970664
-0.237737
0.995605
-0.052739
-0.0773886
-0.0882401
-0.251477
-0.963832
0.0313701
0.966425
-0.255025
0.994812
-0.0561408
-0.0848421
-0.09663
-0.260573
-0.960606
0.0318216
0.96382
-0.264646
0.993775
-0.0585677
-0.0947726
-0.107105
-0.268076
-0.957426
0.030668
0.961616
-0.27268
0.99172
-0.0649371
-0.110794
-0.124545
-0.27594
-0.953072
0.0313172
0.958979
-0.281743
0.991547
-0.0662625
-0.111556
-0.125613
-0.274805
-0.95326
0.0325092
0.959214
-0.280805
0.991063
-0.0679483
-0.114795
-0.129129
-0.272719
-0.953389
0.0334743
0.959691
-0.279056
0.991056
-0.0717673
-0.112509
-0.12813
-0.276058
-0.952562
0.0373039
0.958458
-0.282784
0.989071
-0.0786812
-0.124694
-0.142307
-0.288153
-0.946951
0.0385763
0.954346
-0.296201
0.98755
-0.0823727
-0.134011
-0.152716
-0.297828
-0.942325
0.0377097
0.951059
-0.306699
0.985442
-0.0880982
-0.145403
-0.165559
-0.302872
-0.938541
0.0386453
0.948951
-0.313049
0.98362
-0.0944031
-0.153555
-0.175389
-0.304685
-0.936166
0.041591
0.947763
-0.316251
0.982544
-0.0992457
-0.157343
-0.180589
-0.305807
-0.93481
0.0446592
0.946907
-0.318392
0.980829
-0.10763
-0.162454
-0.18833
-0.309332
-0.932119
0.0500715
0.944844
-0.323671
0.980021
-0.112298
-0.164157
-0.191492
-0.309691
-0.931355
0.0537517
0.944183
-0.325008
0.982021
-0.112146
-0.15185
-0.179551
-0.306555
-0.934765
0.0582796
0.945223
-0.321179
0.981542
-0.117242
-0.151091
-0.180302
-0.303894
-0.935489
0.0637629
0.945464
-0.319424
0.982006
-0.124944
-0.141607
-0.173438
-0.300011
-0.938037
0.0747183
0.945718
-0.316282
0.982935
-0.132923
-0.127167
-0.161561
-0.293219
-0.942296
0.0879647
0.94676
-0.30969
0.982844
-0.144058
-0.115176
-0.152872
-0.286888
-0.945688
0.103191
0.947071
-0.303988
0.982597
-0.159068
-0.0959179
-0.138241
-0.281336
-0.9496
0.124066
0.946334
-0.298429
0.981334
-0.171247
-0.0875166
-0.13323
-0.277191
-0.951533
0.138688
0.945431
-0.294832
0.979344
-0.185839
-0.0796824
-0.12951
-0.273876
-0.953005
0.155283
0.94364
-0.292287
0.978193
-0.19516
-0.0710784
-0.122857
-0.26775
-0.955623
0.167468
0.943516
-0.285888
0.976655
-0.203826
-0.0678265
-0.12169
-0.264763
-0.956604
0.177023
0.942526
-0.283386
0.975093
-0.210926
-0.0685917
-0.124896
-0.266601
-0.95568
0.183291
0.940444
-0.286304
0.973198
-0.217951
-0.0733733
-0.132569
-0.270981
-0.953412
0.187914
0.937586
-0.292612
0.972115
-0.222411
-0.0743295
-0.1361
-0.276983
-0.951187
0.190967
0.93478
-0.299529
0.970764
-0.227987
-0.0750943
-0.139977
-0.283539
-0.94869
0.194996
0.931465
-0.307162
0.970792
-0.228975
-0.0716522
-0.138567
-0.291289
-0.946546
0.195864
0.928828
-0.314509
0.971897
-0.227073
-0.0620863
-0.130431
-0.299871
-0.945021
0.195971
0.926561
-0.321061
0.972833
-0.224736
-0.0555782
-0.125661
-0.310983
-0.942072
0.194434
0.923463
-0.330775
0.973332
-0.223083
-0.0534721
-0.122779
-0.309694
-0.942876
0.193779
0.924296
-0.328825
0.974127
-0.222282
-0.0408309
-0.107087
-0.29488
-0.949515
0.19902
0.92932
-0.311054
0.973354
-0.225643
-0.0408309
-0.107599
-0.292193
-0.950287
0.202495
0.929359
-0.308686
0.971917
-0.230028
-0.0496422
-0.118894
-0.297948
-0.947149
0.20308
0.926453
-0.31693
0.973219
-0.225612
-0.0440877
-0.112005
-0.297903
-0.948002
0.200746
0.927552
-0.315195
0.974633
-0.222004
-0.0283748
-0.0937988
-0.290063
-0.9524
0.203206
0.930902
-0.303528
0.974967
-0.221294
-0.0216658
-0.0865184
-0.2878
-0.953775
0.204829
0.931773
-0.299741
0.976259
-0.216279
-0.0118881
-0.0752196
-0.287042
-0.95496
0.203125
0.933183
-0.296496
0.977151
-0.212548
0.000383495
-0.0623937
-0.288567
-0.955425
0.203184
0.93357
-0.295235
0.97818
-0.207474
0.0109294
-0.0507333
-0.289544
-0.955819
0.201472
0.934408
-0.293752
0.979473
-0.200302
0.0226243
-0.0366063
-0.28712
-0.957195
0.198224
0.936718
-0.288559
0.9807
-0.191948
0.0371905
-0.0191534
-0.283619
-0.958746
0.194577
0.93953
-0.281822
0.980916
-0.188867
0.0461947
-0.00961408
-0.284409
-0.958655
0.194196
0.939915
-0.280797
0.981092
-0.185391
0.0555782
0.000624333
-0.284129
-0.958786
0.193542
0.940692
-0.278641
0.981064
-0.184412
0.0592153
0.00340101
-0.289279
-0.957239
0.193656
0.939313
-0.283174
0.981326
-0.178429
0.0718434
0.0173651
-0.289798
-0.95693
0.191564
0.940309
-0.281288
0.980887
-0.173884
0.0873255
0.0329745
-0.293754
-0.955312
0.191765
0.939933
-0.282405
0.980916
-0.169236
0.095727
0.0425566
-0.293526
-0.955004
0.18972
0.940852
-0.280722
0.981103
-0.164043
0.102596
0.0509335
-0.292582
-0.954883
0.186659
0.942065
-0.278698
0.980911
-0.161112
0.108888
0.059051
-0.286721
-0.956193
0.185274
0.94437
-0.271734
0.98051
-0.159309
0.114985
0.0664352
-0.28194
-0.957129
0.184898
0.946113
-0.265861
0.980874
-0.157052
0.114985
0.067469
-0.27979
-0.957688
0.182579
0.947129
-0.263842
0.98116
-0.153241
0.117652
0.0719071
-0.275561
-0.95859
0.179316
0.948991
-0.25935
0.981382
-0.150771
0.118984
0.0747823
-0.270658
-0.959767
0.176909
0.950796
-0.254344
0.981241
-0.149401
0.12184
0.0783134
-0.268601
-0.960063
0.176161
0.951595
-0.251863
0.981499
-0.149248
0.119936
0.0772508
-0.264475
-0.961294
0.175191
0.952774
-0.248052
0.981388
-0.152506
0.1167
0.0755994
-0.251805
-0.964821
0.176526
0.955686
-0.235589
0.980642
-0.164739
0.105838
0.0670246
-0.225456
-0.971945
0.183979
0.960224
-0.21005
0.980431
-0.176907
0.0863704
0.0498188
-0.201494
-0.978222
0.190457
0.963382
-0.188737
0.979501
-0.190348
0.0659134
0.0320146
-0.175953
-0.983878
0.198877
0.96582
-0.166253
0.977809
-0.202307
0.0544294
0.0245915
-0.147174
-0.988805
0.208052
0.9682
-0.138933
0.976116
-0.212323
0.0460032
0.0210433
-0.118352
-0.992749
0.216228
0.970006
-0.111057
0.9745
-0.221188
0.0377653
0.0166294
-0.0966505
-0.995179
0.223772
0.97043
-0.0905077
0.973276
-0.227395
0.0320164
0.0158054
-0.0727566
-0.997224
0.229094
0.971081
-0.0672182
0.971677
-0.235093
0.0239662
0.0130395
-0.0479233
-0.998766
0.235951
0.970791
-0.0435005
0.971068
-0.237904
0.0207073
0.0179672
-0.0136804
-0.999745
0.238127
0.971192
-0.00901009
0.970209
-0.241641
0.0174481
0.0211915
0.0129008
-0.999692
0.241342
0.97028
0.0176372
0.969408
-0.244998
0.0149558
0.0259437
0.0416831
-0.998794
0.244079
0.968627
0.0467641
0.96866
-0.247973
0.0143806
0.0315234
0.0653005
-0.997368
0.246381
0.966564
0.071071
0.967692
-0.251882
0.0113129
0.0362077
0.0944216
-0.994874
0.249522
0.963141
0.100491
0.966594
-0.256153
0.00901202
0.0408765
0.119347
-0.992011
0.253031
0.95924
0.12583
0.966175
-0.257827
0.00556065
0.0428536
0.139251
-0.989329
0.254302
0.956104
0.14559
0.965526
-0.260234
0.00613588
0.0503281
0.163498
-0.985259
0.255395
0.951602
0.170959
0.965238
-0.261348
0.0036432
0.0520315
0.178471
-0.982568
0.256142
0.948602
0.185865
0.964725
-0.263195
0.0057524
0.0595968
0.19706
-0.978578
0.256424
0.944402
0.205795
0.964256
-0.264856
0.00786157
0.0658225
0.210688
-0.975335
0.256667
0.94099
0.220591
0.964343
-0.264482
0.00958723
0.0704028
0.221442
-0.972629
0.25512
0.938623
0.232167
0.964591
-0.263556
0.0101624
0.0717527
0.225141
-0.971681
0.253804
0.938003
0.23608
0.96535
-0.260782
0.00958723
0.0715282
0.229091
-0.970774
0.250964
0.937822
0.239806
0.966324
-0.257073
0.0115046
0.0738199
0.234102
-0.969406
0.246515
0.937609
0.245195
0.966903
-0.254648
0.0159144
0.0779761
0.235535
-0.968733
0.242937
0.937911
0.247596
0.967344
-0.25298
0.0157227
0.0754899
0.228332
-0.970652
0.241965
0.940141
0.239973
0.966367
-0.256688
0.0157227
0.0751398
0.223356
-0.971836
0.245947
0.940332
0.235131
0.964426
-0.26371
0.0184067
0.0765693
0.212023
-0.974261
0.25302
0.941012
0.224672
0.963955
-0.265966
0.00728634
0.0599216
0.190332
-0.979889
0.259231
0.945006
0.199409
0.96362
-0.267267
-0.00210922
0.0435888
0.164934
-0.985341
0.263697
0.949403
0.170584
0.964477
-0.263923
-0.0113129
0.0288912
0.147954
-0.988572
0.26258
0.953129
0.150324
0.964947
-0.262262
-0.00977897
0.0291992
0.144314
-0.989101
0.260815
0.954145
0.146913
0.964583
-0.263753
-0.0036432
0.034974
0.14157
-0.98931
0.261449
0.954145
0.145781
0.965094
-0.261905
-0.000575243
0.0361899
0.135531
-0.990112
0.259393
0.95553
0.140279
0.965687
-0.259681
-0.00383494
0.0311304
0.1304
-0.990973
0.257837
0.95685
0.13401
0.966809
-0.255416
-0.00651937
0.0277882
0.130481
-0.991061
0.253984
0.957986
0.133248
0.96756
-0.25264
-0.000575243
0.0319118
0.124474
-0.99171
0.250617
0.95952
0.128498
0.967936
-0.251153
0.00460193
0.0340201
0.112917
-0.993022
0.248881
0.961339
0.117841
0.968586
-0.248548
0.00805331
0.0336383
0.0988632
-0.994532
0.246393
0.963561
0.104118
0.970111
-0.242605
0.00517716
0.0272066
0.0875419
-0.995789
0.24113
0.966167
0.0915258
0.9709
-0.239442
0.00460193
0.0223449
0.0714397
-0.997195
0.238442
0.968279
0.0747111
0.970991
-0.239069
0.00479367
0.0161511
0.0455703
-0.998831
0.238571
0.969933
0.0481095
0.970629
-0.24056
-0.00306796
2.05627e-05
0.0128353
-0.999918
0.24058
0.970549
0.0124633
0.971457
-0.23721
-0.00153398
-0.00262729
-0.00429298
-0.999987
0.2372
0.971449
-0.00479366
0.972091
-0.234601
-0.000958738
-0.00745348
-0.0267991
-0.999613
0.234485
0.971722
-0.0277997
0.973246
-0.229751
0.00268446
-0.00584566
-0.036439
-0.999319
0.229692
0.972567
-0.0368071
0.974173
-0.225439
0.0128467
0.00226084
-0.0471523
-0.998885
0.225793
0.973116
-0.0454248
0.974963
-0.221489
0.0197487
0.00810909
-0.0533384
-0.998544
0.22222
0.973703
-0.0502069
0.975825
-0.216575
0.0293332
0.0169679
-0.0587351
-0.998129
0.217893
0.974497
-0.0536404
0.976332
-0.213155
0.0366156
0.0241103
-0.0609752
-0.997848
0.214929
0.975114
-0.0543929
0.977364
-0.206714
0.0450454
0.0332233
-0.0603117
-0.997627
0.20894
0.976541
-0.0520787
0.978356
-0.201442
0.047344
0.0356776
-0.0611578
-0.99749
0.203832
0.977589
-0.0526471
0.979025
-0.198255
0.0469609
0.0349632
-0.0635911
-0.997363
0.200719
0.978085
-0.0553256
0.979861
-0.194711
0.0442792
0.0319638
-0.0659442
-0.997311
0.197108
0.978641
-0.0583924
0.981461
-0.188386
0.0352742
0.0231999
-0.0659188
-0.997555
0.190251
0.97988
-0.0603262
0.982096
-0.186947
0.0231994
0.011605
-0.0628774
-0.997954
0.188023
0.980356
-0.0595822
0.982071
-0.187723
0.0172564
0.00710263
-0.0546282
-0.998482
0.18838
0.980702
-0.0523154
0.981788
-0.189621
0.0116963
0.00260249
-0.0481364
-0.998837
0.189963
0.980677
-0.0467662
0.981339
-0.192268
0.00268446
-0.00599228
-0.0445327
-0.99899
0.192193
0.980332
-0.0448538
0.980747
-0.195083
-0.00882027
-0.0174672
-0.0426488
-0.998937
0.194499
0.979859
-0.0452353
0.980146
-0.197309
-0.019557
-0.0282683
-0.0414309
-0.998741
0.19625
0.979466
-0.0461859
0.979197
-0.200637
-0.0302915
-0.0394122
-0.0416205
-0.998356
0.199046
0.978781
-0.0486622
0.978377
-0.203207
-0.0385317
-0.048161
-0.0426546
-0.997928
0.201143
0.978206
-0.051519
0.978019
-0.20372
-0.0444708
-0.0546483
-0.0446056
-0.997509
0.201228
0.978013
-0.0547581
0.976299
-0.209816
-0.0530891
-0.065403
-0.0521884
-0.996493
0.206309
0.976347
-0.064674
0.975194
-0.213494
-0.0584497
-0.0728355
-0.0601444
-0.995529
0.209024
0.975091
-0.0742024
0.975406
-0.21354
-0.0546209
-0.0707089
-0.0684375
-0.995146
0.208766
0.974534
-0.0818535
0.975666
-0.214382
-0.0460032
-0.065309
-0.0838558
-0.994335
0.20931
0.973144
-0.0958163
0.97492
-0.218337
-0.0431298
-0.0677912
-0.10675
-0.991972
0.21198
0.970017
-0.118874
0.971741
-0.231561
-0.0458116
-0.083114
-0.154001
-0.984569
0.220933
0.960554
-0.168895
0.96928
-0.240818
-0.0500252
-0.094613
-0.177321
-0.979595
0.227033
0.954235
-0.194658
0.96655
-0.250595
-0.0546209
-0.107336
-0.201801
-0.973527
0.232939
0.946825
-0.221949
0.964357
-0.257936
-0.0590239
-0.118547
-0.221739
-0.967873
0.236562
0.940373
-0.244413
0.961985
-0.266217
-0.060938
-0.126905
-0.238165
-0.962898
0.241827
0.934027
-0.262895
0.960553
-0.270586
-0.0641913
-0.13374
-0.24709
-0.959719
0.243825
0.930446
-0.273532
0.960977
-0.270506
-0.0578754
-0.128222
-0.250188
-0.959669
0.245117
0.929641
-0.27511
0.960578
-0.273577
-0.0494507
-0.122159
-0.25557
-0.959042
0.249734
0.927275
-0.278915
0.959006
-0.279104
-0.0490677
-0.126639
-0.267192
-0.955286
0.253513
0.922339
-0.291584
0.957212
-0.284964
-0.0504082
-0.131733
-0.27398
-0.952671
0.257666
0.918548
-0.299796
0.956077
-0.289422
-0.0463863
-0.130178
-0.27747
-0.951874
0.262623
0.916103
-0.302959
0.954367
-0.297115
-0.0300998
-0.11527
-0.273517
-0.954935
0.275493
0.914828
-0.295284
0.950341
-0.310921
-0.0134219
-0.101964
-0.270328
-0.957354
0.294033
0.911181
-0.288607
0.947392
-0.320044
-0.00441018
-0.0946778
-0.267049
-0.959021
0.305751
0.908987
-0.283302
0.942113
-0.335261
0.00479367
-0.0883582
-0.262035
-0.961005
0.323443
0.904952
-0.27649
0.937357
-0.348221
0.0101624
-0.0846708
-0.256024
-0.962955
0.337923
0.901773
-0.26947
0.931769
-0.362711
0.0157227
-0.0789657
-0.244745
-0.966367
0.35436
0.899189
-0.256688
0.923612
-0.383195
0.0101624
-0.0860151
-0.233011
-0.968663
0.373555
0.893794
-0.248172
0.917322
-0.398022
0.00997071
-0.0859065
-0.222318
-0.971182
0.388768
0.89003
-0.238129
0.90871
-0.417274
0.0113129
-0.0803008
-0.20134
-0.976224
0.409631
0.886197
-0.216467
0.902777
-0.429951
0.0116963
-0.0766139
-0.187508
-0.979271
0.423231
0.883167
-0.202218
0.893617
-0.448736
0.00920375
-0.0737994
-0.16713
-0.983169
0.442721
0.877897
-0.182467
0.885926
-0.463754
0.00824505
-0.0665496
-0.144684
-0.987237
0.459028
0.87407
-0.159042
