0.91295
-0.404055
-0.0571097
0.395415
0.910514
-0.120881
0.100842
0.0877762
0.991023
0.912873
-0.40423
-0.0571097
0.395589
0.910438
-0.120881
0.100858
0.0877568
0.991023
0.91297
-0.404064
-0.0567268
0.395476
0.910512
-0.120693
0.100418
0.0877554
0.991068
0.914512
-0.401186
-0.0521317
0.393125
0.911676
-0.119583
0.0955023
0.0888659
0.991455
0.915237
-0.398369
-0.0603638
0.388266
0.912036
-0.132059
0.107662
0.0974281
0.989402
0.915238
-0.397952
-0.0630431
0.387081
0.911873
-0.136588
0.111843
0.100608
0.98862
0.91615
-0.395219
-0.06687
0.38342
0.912703
-0.14129
0.116873
0.103804
0.987707
0.917403
-0.391594
-0.0708871
0.378626
0.913722
-0.147496
0.12253
0.108474
0.986519
0.918629
-0.387544
-0.0770062
0.372994
0.914861
-0.15461
0.130368
0.113307
0.98497
0.919773
-0.383671
-0.0825492
0.367784
0.916074
-0.159825
0.136941
0.116643
0.983688
0.920329
-0.381833
-0.0848421
0.364991
0.916328
-0.164695
0.140629
0.120607
0.982689
0.921002
-0.379424
-0.0882806
0.361125
0.916555
-0.1718
0.146099
0.126347
0.981168
0.921392
-0.377933
-0.0905723
0.358524
0.916545
-0.177216
0.149989
0.130813
0.979995
0.921713
-0.376826
-0.091909
0.356784
0.916642
-0.1802
0.152152
0.133301
0.979327
0.921864
-0.376269
-0.0926727
0.355953
0.916746
-0.181314
0.15318
0.134159
0.979049
0.921687
-0.376609
-0.0930545
0.356211
0.91661
-0.181495
0.153647
0.134134
0.978979
0.921848
-0.376262
-0.0928636
0.355891
0.916733
-0.181498
0.153422
0.134264
0.978997
0.92293
-0.374023
-0.0911452
0.353487
0.917133
-0.184155
0.15247
0.137743
0.978662
0.924279
-0.369421
-0.0961087
0.347238
0.918275
-0.190255
0.158538
0.142476
0.977019
0.92483
-0.367381
-0.0985896
0.344304
0.918685
-0.193578
0.16169
0.145082
0.976119
0.924917
-0.366594
-0.100688
0.342906
0.918821
-0.195408
0.16415
0.14621
0.97554
0.925786
-0.363042
-0.105456
0.338877
0.920572
-0.19419
0.167579
0.144041
0.975279
0.926668
-0.358885
-0.111747
0.33411
0.922654
-0.19256
0.172211
0.141104
0.974902
0.927772
-0.351153
-0.126216
0.32493
0.926574
-0.189424
0.183465
0.134731
0.97375
0.928835
-0.347286
-0.129069
0.3221
0.92907
-0.181883
0.183079
0.127366
0.974813
0.929949
-0.342023
-0.134961
0.316165
0.931207
-0.181365
0.187707
0.125991
0.974111
0.929613
-0.341495
-0.13857
0.314931
0.931388
-0.182581
0.191412
0.126089
0.973377
0.930176
-0.339881
-0.13876
0.312776
0.931599
-0.185188
0.19221
0.128857
0.972857
0.931721
-0.336401
-0.13686
0.308694
0.932088
-0.189527
0.191323
0.134339
0.97229
0.932145
-0.333728
-0.140468
0.303891
0.931985
-0.197623
0.196867
0.141526
0.970162
0.932329
-0.331175
-0.145213
0.298969
0.931838
-0.205658
0.203424
0.148327
0.96779
0.932962
-0.329386
-0.145213
0.296752
0.932094
-0.207699
0.203765
0.150683
0.967354
0.933707
-0.327436
-0.144833
0.294977
0.932778
-0.207154
0.202927
0.150699
0.967528
0.934373
-0.326865
-0.141797
0.295969
0.933624
-0.201861
0.198367
0.146646
0.969095
0.935556
-0.327077
-0.133251
0.298671
0.93406
-0.195773
0.188497
0.143358
0.971554
0.936409
-0.324155
-0.134391
0.295591
0.935046
-0.195743
0.189112
0.143571
0.971403
0.935878
-0.324976
-0.136101
0.296132
0.934845
-0.195883
0.19089
0.143019
0.971137
0.935737
-0.323521
-0.140468
0.293686
0.935251
-0.197623
0.195308
0.143669
0.970162
0.936279
-0.3217
-0.141038
0.291898
0.935932
-0.197049
0.195392
0.143324
0.970196
0.936602
-0.321008
-0.140468
0.291585
0.936338
-0.195576
0.194307
0.142218
0.970576
0.936263
-0.322899
-0.13838
0.293807
0.93567
-0.195448
0.192588
0.142334
0.970902
0.935042
-0.326496
-0.13819
0.297428
0.934524
-0.195453
0.192956
0.141655
0.970928
0.931987
-0.334882
-0.13876
0.306477
0.932372
-0.191713
0.193577
0.136147
0.971593
0.927836
-0.350364
-0.127928
0.32602
0.928422
-0.17817
0.181195
0.123605
0.975649
0.925593
-0.361943
-0.110794
0.34212
0.925186
-0.164274
0.161963
0.114146
0.980173
0.92225
-0.370663
-0.109841
0.351037
0.921936
-0.163727
0.161954
0.112439
0.980372
0.919004
-0.38087
-0.101833
0.363113
0.91831
-0.157656
0.153561
0.107909
0.982229
0.914148
-0.394148
-0.0947726
0.378235
0.913408
-0.150411
0.14585
0.101652
0.98407
0.909023
-0.40733
-0.0880896
0.392938
0.908147
-0.144459
0.138841
0.0967032
0.985582
0.902546
-0.422645
-0.0823581
0.409506
0.90162
-0.139234
0.133102
0.0919393
0.986829
0.896903
-0.435199
-0.0785356
0.422545
0.895753
-0.138142
0.130468
0.0907148
0.987294
0.889249
-0.451249
-0.0749031
0.439292
0.88812
-0.13515
0.127509
0.0872776
0.98799
0.884009
-0.461887
-0.0720347
0.450453
0.882853
-0.132904
0.124983
0.0850405
0.988508
0.877841
-0.473988
-0.068783
0.463234
0.87672
-0.129522
0.121695
0.0818367
0.989188
0.873672
-0.481737
-0.0680178
0.471012
0.872537
-0.129718
0.121838
0.0812938
0.989215
0.871888
-0.484904
-0.0684004
0.474168
0.870855
-0.129525
0.122374
0.080498
0.989214
0.875633
-0.475836
-0.0827403
0.46358
0.876105
-0.132415
0.135497
0.0775902
0.987735
0.877257
-0.469986
-0.0976355
0.456077
0.879514
-0.135828
0.149709
0.0746272
0.98591
0.879521
-0.463413
-0.108126
0.44888
0.883376
-0.134736
0.157954
0.0699677
0.984964
0.881039
-0.459046
-0.114223
0.444637
0.886043
-0.131246
0.161455
0.0648445
0.984747
0.884924
-0.450977
-0.116319
0.438472
0.890916
-0.118366
0.15701
0.0537423
0.986134
0.885837
-0.448024
-0.120698
0.435793
0.892658
-0.11509
0.159305
0.0493519
0.985995
0.886111
-0.447736
-0.119746
0.436393
0.89303
-0.109808
0.156102
0.0450454
0.986713
0.885738
-0.448827
-0.118413
0.437937
0.892572
-0.107365
0.153881
0.0432397
0.987143
0.886164
-0.44883
-0.115176
0.43828
0.892557
-0.10608
0.150413
0.0435254
0.987665
0.886717
-0.449537
-0.107935
0.439395
0.892066
-0.105599
0.143756
0.04621
0.988534
0.887073
-0.448649
-0.108697
0.437714
0.892273
-0.110706
0.146656
0.0506258
0.987891
0.887686
-0.44725
-0.10946
0.436184
0.892952
-0.111265
0.147506
0.0510234
0.987744
0.888047
-0.446579
-0.109269
0.435546
0.893287
-0.111078
0.147214
0.0510503
0.987786
0.889696
-0.442715
-0.111556
0.431688
0.895278
-0.110102
0.148618
0.0498002
0.98764
0.889753
-0.442744
-0.110984
0.432365
0.895453
-0.105942
0.146287
0.0462763
0.988159
0.890374
-0.44135
-0.111556
0.431496
0.896313
-0.102145
0.145071
0.0428112
0.988495
0.891249
-0.439869
-0.110413
0.430712
0.897195
-0.0976075
0.141996
0.0394364
0.989081
0.89139
-0.439726
-0.109841
0.43078
0.897306
-0.096286
0.1409
0.038511
0.989274
0.891746
-0.439052
-0.10965
0.430108
0.897628
-0.096288
0.140701
0.0387028
0.989295
0.891839
-0.439098
-0.108697
0.430137
0.897572
-0.0966776
0.140015
0.039466
0.989363
0.892025
-0.439189
-0.106791
0.430357
0.897505
-0.0963182
0.138148
0.0399599
0.989605
0.892435
-0.438541
-0.106028
0.429735
0.897803
-0.0963261
0.137436
0.0404006
0.989686
0.892519
-0.43837
-0.106028
0.429589
0.897893
-0.0961363
0.137345
0.0402548
0.989705
0.892603
-0.438199
-0.106028
0.42939
0.897967
-0.0963261
0.13742
0.0404533
0.989686
0.893051
-0.437145
-0.1066
0.428492
0.898538
-0.0949918
0.13731
0.0391551
0.989754
0.893368
-0.436451
-0.106791
0.428023
0.898941
-0.0932816
0.136712
0.0376258
0.989896
0.894018
-0.435071
-0.106982
0.426889
0.899675
-0.0913815
0.136006
0.0360274
0.990053
0.893971
-0.43526
-0.1066
0.4273
0.899632
-0.0898664
0.135016
0.0347875
0.990233
0.894498
-0.434456
-0.105456
0.426659
0.90003
-0.0889279
0.133549
0.0345519
0.99044
0.894719
-0.434139
-0.104884
0.426385
0.900178
-0.0887433
0.132942
0.0346792
0.990517
0.895052
-0.433453
-0.104884
0.42572
0.900511
-0.0885534
0.132833
0.0346085
0.990534
0.895438
-0.432793
-0.104312
0.425278
0.900868
-0.0870391
0.131642
0.0335764
0.990729
0.895971
-0.431779
-0.103931
0.424572
0.901418
-0.0847627
0.130284
0.0318188
0.990966
0.89632
-0.431101
-0.10374
0.42397
0.901754
-0.0841943
0.129844
0.0314823
0.991034
0.897528
-0.428719
-0.103168
0.421888
0.90294
-0.0819186
0.128275
0.0299989
0.991285
0.898612
-0.426489
-0.102977
0.420016
0.904066
-0.0790687
0.12682
0.0277999
0.991536
0.899166
-0.425274
-0.103168
0.418813
0.90464
-0.078877
0.126874
0.0277154
0.991532
0.900453
-0.423139
-0.100688
0.416302
0.905492
-0.0823198
0.126005
0.0322083
0.991507
0.90169
-0.420769
-0.0995436
0.414027
0.906585
-0.0817589
0.124646
0.0325074
0.991669
0.902988
-0.416955
-0.10374
0.411105
0.908616
-0.073548
0.124926
0.0237649
0.991881
0.904582
-0.411185
-0.112509
0.405888
0.91142
-0.067586
0.130333
0.0154711
0.99135
0.905127
-0.407252
-0.12203
0.403679
0.913316
-0.0538326
0.133375
-0.000535636
0.991065
0.903431
-0.409617
-0.126596
0.407224
0.912197
-0.045443
0.134095
-0.0104985
0.990913
0.902683
-0.411785
-0.124884
0.410024
0.911166
-0.0407013
0.130551
-0.0144652
0.991336
0.90218
-0.413229
-0.123743
0.411711
0.910488
-0.038806
0.128702
-0.0159363
0.991555
0.900573
-0.415631
-0.127357
0.415446
0.909146
-0.0292844
0.127958
-0.0265372
0.991425
0.899004
-0.417838
-0.13116
0.419267
0.907687
-0.0178676
0.126518
-0.0389279
0.9912
0.897913
-0.419216
-0.134201
0.422122
0.906509
-0.00741044
0.124761
-0.0499951
0.990926
0.899254
-0.41335
-0.143126
0.418683
0.908097
0.0079704
0.126678
-0.0670918
0.989672
0.899414
-0.407796
-0.157343
0.415534
0.909392
0.0183668
0.135597
-0.0819008
0.987373
0.898563
-0.406372
-0.16567
0.417473
0.907926
0.0372434
0.135281
-0.102628
0.985478
0.898546
-0.404291
-0.170773
0.418442
0.906545
0.0555163
0.132369
-0.121342
0.983745
0.898547
-0.402015
-0.176061
0.419235
0.904909
0.0733566
0.129828
-0.139725
0.981642
0.899548
-0.397917
-0.180212
0.418024
0.903889
0.0907798
0.126768
-0.156993
0.97943
0.9013
-0.392714
-0.182851
0.414755
0.904135
0.102554
0.125048
-0.16827
0.977777
0.902527
-0.388727
-0.185302
0.41219
0.904388
0.110373
0.124679
-0.175994
0.976464
0.905098
-0.382245
-0.186244
0.407479
0.904883
0.123073
0.121485
-0.187284
0.974765
0.90745
-0.375878
-0.18775
0.402753
0.905466
0.133867
0.119684
-0.197095
0.973052
0.908981
-0.371011
-0.19001
0.399458
0.905569
0.142754
0.119104
-0.205662
0.971348
0.910643
-0.367012
-0.189822
0.396455
0.905528
0.151135
0.116421
-0.212886
0.970116
0.912401
-0.36042
-0.193962
0.392139
0.905535
0.161967
0.117263
-0.223839
0.967546
0.914387
-0.354734
-0.19509
0.388189
0.905046
0.173788
0.114917
-0.234642
0.965266
0.913325
-0.356944
-0.196031
0.39119
0.902784
0.178749
0.11317
-0.239941
0.964168
0.911947
-0.365507
-0.186432
0.397692
0.899201
0.182423
0.100963
-0.240503
0.965383
0.91054
-0.375727
-0.172473
0.403242
0.89915
0.170074
0.0911776
-0.224408
0.97022
0.91089
-0.377098
-0.16756
0.402314
0.901877
0.157359
0.091779
-0.210748
0.973222
0.910823
-0.378094
-0.16567
0.402358
0.90284
0.15162
0.0922464
-0.204758
0.974456
0.909224
-0.386043
-0.155828
0.407007
0.902969
0.137815
0.0875057
-0.188728
0.978123
0.907207
-0.39384
-0.147868
0.412185
0.902456
0.125205
0.0841342
-0.174536
0.98105
0.906152
-0.397312
-0.145023
0.414231
0.902938
0.114524
0.0854454
-0.163849
0.982778
0.905299
-0.400876
-0.140468
0.416565
0.902555
0.108941
0.0831087
-0.157138
0.984073
0.90539
-0.401332
-0.13857
0.416437
0.903015
0.105572
0.082761
-0.153289
0.98471
0.905463
-0.401364
-0.138
0.416111
0.903533
0.10237
0.0836
-0.150115
0.985128
0.906045
-0.400375
-0.13705
0.414644
0.904646
0.0984153
0.084579
-0.145996
0.985663
0.906097
-0.400191
-0.13724
0.414488
0.904718
0.0984127
0.0847799
-0.146056
0.985637
0.906275
-0.399854
-0.13705
0.414091
0.904941
0.0980373
0.0848218
-0.1456
0.985701
0.907083
-0.398342
-0.136101
0.412539
0.905524
0.0991844
0.083733
-0.146115
0.985718
0.907412
-0.397657
-0.135911
0.411891
0.905736
0.0999431
0.083356
-0.14667
0.985667
0.907898
-0.396418
-0.136291
0.410791
0.906131
0.100883
0.0835054
-0.147578
0.985519
0.908652
-0.394881
-0.135721
0.409268
0.906692
0.102025
0.0827692
-0.148251
0.98548
0.909229
-0.393682
-0.135341
0.40811
0.907085
0.103164
0.0821519
-0.149033
0.985414
0.909757
-0.392461
-0.135341
0.406987
0.90746
0.104297
0.0818836
-0.149967
0.985294
0.910654
-0.390572
-0.134771
0.405032
0.908312
0.104494
0.0816012
-0.149745
0.985352
0.910527
-0.391966
-0.13154
0.405863
0.908044
0.103595
0.0788384
-0.147713
0.985883
0.910527
-0.391966
-0.13154
0.405634
0.908465
0.100759
0.0800054
-0.145101
0.986177
0.910122
-0.393033
-0.13116
0.406552
0.908179
0.0996294
0.079959
-0.143998
0.986342
0.909889
-0.393761
-0.13059
0.40718
0.907917
0.0994478
0.0794059
-0.14366
0.986436
0.909442
-0.395847
-0.127357
0.409029
0.906744
0.102517
0.0748992
-0.145326
0.986545
0.909034
-0.396292
-0.128878
0.409636
0.906558
0.10174
0.0765169
-0.145279
0.986428
0.90694
-0.402851
-0.123172
0.415336
0.903974
0.101625
0.0704042
-0.143326
0.987168
0.905573
-0.406827
-0.120127
0.418861
0.902341
0.101664
0.0670359
-0.14238
0.987539
0.90225
-0.414308
-0.119556
0.425863
0.899661
0.0961773
0.0677125
-0.13769
0.988158
0.897996
-0.424088
-0.117271
0.434974
0.895805
0.0912748
0.0663432
-0.132974
0.988897
0.893591
-0.433804
-0.115366
0.444014
0.891958
0.0852244
0.0659312
-0.12738
0.98966
0.887221
-0.446589
-0.115747
0.456159
0.886703
0.0753492
0.0689833
-0.119651
0.990417
0.87997
-0.461281
-0.113461
0.469933
0.880227
0.066058
0.0694005
-0.111448
0.991344
0.873603
-0.474082
-0.109841
0.481742
0.874435
0.057335
0.0688674
-0.103003
0.992294
0.867655
-0.485604
-0.1066
0.492533
0.868782
0.0512635
0.0677189
-0.0969833
0.99298
0.861771
-0.496736
-0.102977
0.503055
0.86297
0.0470923
0.065474
-0.092386
0.993568
0.85699
-0.505209
-0.101642
0.511206
0.858338
0.0438593
0.0650852
-0.0895471
0.993854
0.850146
-0.517344
-0.0980171
0.522975
0.851267
0.0429221
0.0612332
-0.0877506
0.994259
0.845581
-0.524842
-0.0976355
0.530333
0.846797
0.0410171
0.0611499
-0.0864626
0.994377
0.836575
-0.539924
-0.0928636
0.544882
0.837626
0.038556
0.0569676
-0.0828547
0.994932
0.828039
-0.553737
-0.0878986
0.558171
0.82894
0.0360921
0.0528771
-0.0789482
0.995475
0.81965
-0.566746
-0.0835046
0.570669
0.820538
0.0324775
0.0501122
-0.0742736
0.995978
0.810509
-0.580175
-0.080447
0.58374
0.811407
0.0294291
0.0482012
-0.0708127
0.996324
0.802144
-0.591817
-0.0794913
0.595124
0.803238
0.0252279
0.0489201
-0.0675436
0.996516
0.792847
-0.604438
-0.0777709
0.607319
0.794242
0.0185421
0.0505613
-0.0619328
0.996799
0.783452
-0.616991
-0.0743295
0.619382
0.784991
0.0124288
0.0506795
-0.0557757
0.997156
0.775877
-0.626603
-0.0733733
0.628805
0.777506
0.00937017
0.0511769
-0.0534076
0.997261
0.769358
-0.635604
-0.0639999
0.637607
0.770202
0.0156904
0.03932
-0.0528783
0.997827
0.761137
-0.646446
-0.0527062
0.647959
0.761467
0.0178068
0.0286228
-0.0477049
0.998451
0.758711
-0.649663
-0.0479185
0.650892
0.759016
0.0153216
0.0264171
-0.0428144
0.998734
0.756084
-0.652962
-0.0444708
0.653797
0.756647
0.00593826
0.0297712
-0.0335647
0.998993
0.754823
-0.654657
-0.0408309
0.655411
0.755238
0.00728027
0.0260709
-0.0322563
0.99914
0.760194
-0.648159
-0.0446623
0.64814
0.761334
-0.0168562
0.0449284
-0.0161335
0.99886
0.762179
-0.645824
-0.0446623
0.645025
0.763476
-0.0323673
0.0550022
-0.00413861
0.998478
0.765865
-0.640915
-0.0517487
0.638931
0.76759
-0.0507232
0.0722311
0.00578326
0.997371
0.768518
-0.637393
-0.0557696
0.6346
0.770457
-0.060652
0.0816273
0.0112208
0.9966
0.771524
-0.633421
-0.0594068
0.629983
0.773669
-0.0675158
0.088727
0.0146648
0.995948
0.773561
-0.630636
-0.062469
0.62645
0.77585
-0.0749476
0.0957313
0.0188428
0.995229
0.77524
-0.628795
-0.0601724
0.623776
0.777084
-0.0839255
0.0995309
0.0275282
0.994654
0.777173
-0.626912
-0.0546209
0.621246
0.778178
-0.0921531
0.100277
0.0376859
0.994246
0.781603
-0.621139
-0.0573011
0.613727
0.782182
-0.107377
0.111516
0.0487589
0.992566
0.781423
-0.62124
-0.0586411
0.613591
0.78208
-0.108891
0.113509
0.0491082
0.992323
0.781007
-0.621888
-0.0573011
0.61411
0.781431
-0.110612
0.113565
0.0511995
0.99221
0.776829
-0.627372
-0.0542379
0.619796
0.77698
-0.11025
0.11131
0.0520291
0.992423
0.771343
-0.634511
-0.0492592
0.628066
0.771434
-0.10209
0.102778
0.0478086
0.993555
0.767561
-0.639337
-0.0458116
0.633607
0.767603
-0.0965798
0.0969122
0.0451043
0.99427
0.762398
-0.645758
-0.0417888
0.640864
0.762415
-0.0895392
0.089681
0.0414836
0.995106
0.758396
-0.650654
-0.0385317
0.646309
0.758352
-0.0847791
0.0843825
0.0393927
0.995654
0.753509
-0.656561
-0.0339328
0.653077
0.753448
-0.0761976
0.075595
0.0352548
0.996515
0.749313
-0.661549
-0.0297165
0.658728
0.749216
-0.0689439
0.0678738
0.0320855
0.997178
0.745575
-0.665919
-0.025883
0.663373
0.745315
-0.0666563
0.0636787
0.0325272
0.99744
0.742098
-0.670011
-0.0193653
0.667952
0.741611
-0.0620746
0.0559522
0.0331304
0.997884
0.739026
-0.673436
-0.0180233
0.671451
0.738493
-0.0615021
0.0547278
0.0333499
0.997944
0.738883
-0.673566
-0.0189819
0.671591
0.738429
-0.0607356
0.0549262
0.0321285
0.997973
0.737408
-0.675075
-0.0224326
0.673343
0.737325
-0.0544157
0.0532748
0.0250218
0.998266
0.734511
-0.678139
-0.0249246
0.676742
0.734722
-0.0469463
0.0501488
0.017615
0.998586
0.732014
-0.680791
-0.0260747
0.679807
0.732409
-0.037944
0.0449293
0.0100498
0.99894
0.729809
-0.68319
-0.0251163
0.682736
0.73024
-0.0249167
0.0353638
0.00103665
0.999374
0.725934
-0.687441
-0.0210907
0.687222
0.726238
-0.0174443
0.0273087
-0.00183059
0.999625
0.723453
-0.690108
-0.0191736
0.689887
0.723706
-0.0174449
0.0259149
-0.000607029
0.999664
0.722539
-0.691091
-0.018215
0.690741
0.72276
-0.0222372
0.028533
0.00348537
0.999587
0.719596
-0.694112
-0.0197487
0.693597
0.719842
-0.0274111
0.0332423
0.00602728
0.999429
0.716031
-0.697865
-0.016873
0.697334
0.716177
-0.0285624
0.0320168
0.00868546
0.99945
0.712329
-0.701754
-0.0113129
0.701433
0.712371
-0.0228145
0.0240691
0.00831624
0.999676
0.711924
-0.702162
-0.0115046
0.701741
0.711933
-0.026648
0.0269017
0.0108981
0.999579
0.713256
-0.700783
-0.0130385
0.700072
0.713191
-0.0354629
0.0341507
0.0161662
0.999286
0.714178
-0.699808
-0.014764
0.698707
0.714001
-0.044849
0.0419272
0.0217145
0.998885
0.716052
-0.697886
-0.0149558
0.696853
0.715916
-0.043125
0.0408034
0.0204578
0.998958
0.719146
-0.694478
-0.0230077
0.692944
0.719228
-0.0503949
0.0515459
0.0202983
0.998464
0.724158
-0.688926
-0.0312498
0.686962
0.724596
-0.0551683
0.0606503
0.0184831
0.997988
0.72696
-0.68551
-0.0400645
0.683118
0.727892
-0.0593591
0.0698539
0.0157829
0.997432
0.727828
-0.684485
-0.0417888
0.682187
0.728903
-0.0576336
0.0699093
0.0134396
0.997463
0.72843
-0.683737
-0.043513
0.68151
0.729641
-0.0562906
0.0702368
0.0113492
0.997466
0.730518
-0.681493
-0.0437045
0.679603
0.731783
-0.0513167
0.0669542
0.00778605
0.997726
0.730941
-0.681101
-0.0427467
0.67905
0.732117
-0.0538058
0.0679427
0.0103017
0.997636
0.730448
-0.681689
-0.0417888
0.679493
0.731534
-0.0561034
0.068815
0.0125854
0.99755
0.731202
-0.680821
-0.0427467
0.678545
0.73234
-0.0570575
0.070151
0.012715
0.997455
0.729651
-0.682518
-0.042172
0.680358
0.730773
-0.0555287
0.0687175
0.0118246
0.997566
0.730459
-0.6817
-0.0414056
0.679892
0.731581
-0.050365
0.0646254
0.00863825
0.997872
0.732085
-0.67981
-0.0437045
0.678218
0.733374
-0.0467247
0.0638157
0.00456521
0.997951
0.732821
-0.678664
-0.0488762
0.677146
0.734449
-0.0453742
0.0666909
0.0001549
0.997774
0.732821
-0.678664
-0.0488762
0.677518
0.734437
-0.0396339
0.0627946
-0.00406994
0.998018
0.736089
-0.674646
-0.0550038
0.67345
0.738108
-0.0407691
0.0681034
-0.0070326
0.997653
0.741514
-0.667422
-0.0685917
0.66561
0.74463
-0.0499074
0.0843847
-0.00864827
0.996396
0.743951
-0.663444
-0.0798736
0.661302
0.748127
-0.0546372
0.0960043
-0.0121732
0.995306
0.745971
-0.660127
-0.0880896
0.657834
0.750997
-0.0570784
0.103834
-0.0153695
0.994476
0.748778
-0.655983
-0.0949635
0.653554
0.754566
-0.0591383
0.11045
-0.0177824
0.993723
0.74974
-0.65429
-0.0989712
0.651861
0.755986
-0.0596865
0.113873
-0.0197662
0.993299
0.750613
-0.653026
-0.100688
0.650865
0.757007
-0.0575813
0.113824
-0.0223132
0.99325
0.751025
-0.652373
-0.101833
0.650212
0.757554
-0.057765
0.114828
-0.02283
0.993123
0.751246
-0.65206
-0.102214
0.649949
0.757809
-0.0573819
0.114875
-0.0233262
0.993106
0.75256
-0.650422
-0.102977
0.648645
0.759136
-0.0545209
0.113635
-0.0257655
0.993188
0.752595
-0.6502
-0.104122
0.648605
0.759265
-0.0531814
0.113634
-0.0275098
0.993142
0.753282
-0.649281
-0.104884
0.648091
0.759937
-0.0497493
0.112007
-0.0304994
0.993239
0.753765
-0.64844
-0.1066
0.647641
0.760513
-0.0466933
0.111349
-0.0338431
0.993205
0.754278
-0.647875
-0.10641
0.647235
0.760951
-0.0451706
0.110238
-0.0348009
0.993296
0.754262
-0.647862
-0.1066
0.647397
0.760903
-0.043646
0.109389
-0.0360923
0.993344
0.755639
-0.645778
-0.10946
0.645573
0.762537
-0.042109
0.11066
-0.0388451
0.993099
0.756134
-0.645198
-0.10946
0.645283
0.762925
-0.0394429
0.108958
-0.0408084
0.993208
0.756521
-0.644776
-0.109269
0.644995
0.763236
-0.0381105
0.107971
-0.0416467
0.993281
0.758913
-0.642056
-0.108697
0.642019
0.765644
-0.0400176
0.108917
-0.039416
0.993269
0.76148
-0.639234
-0.107363
0.638594
0.76824
-0.0447851
0.111109
-0.0344585
0.993211
0.762088
-0.638251
-0.108888
0.637178
0.76916
-0.0489663
0.115005
-0.0320644
0.992847
0.761843
-0.638544
-0.108888
0.637473
0.768915
-0.0489663
0.114993
-0.0321085
0.992847
0.760665
-0.640044
-0.108316
0.638901
0.767692
-0.0495405
0.114862
-0.0315196
0.992881
0.76097
-0.639552
-0.109079
0.638673
0.768015
-0.0474422
0.114116
-0.0335635
0.9929
0.761624
-0.638609
-0.110032
0.637973
0.768711
-0.0455335
0.113661
-0.0355178
0.992885
0.762522
-0.637372
-0.110984
0.637258
0.769551
-0.0411498
0.111636
-0.0393481
0.99297
0.763189
-0.636439
-0.111747
0.636583
0.770219
-0.039052
0.110924
-0.041332
0.992969
0.76371
-0.635881
-0.111366
0.636194
0.770625
-0.03734
0.109565
-0.0423332
0.993078
0.764059
-0.635428
-0.111556
0.635787
0.770979
-0.0369583
0.109492
-0.0426876
0.993071
0.764579
-0.634869
-0.111175
0.635518
0.771333
-0.0341034
0.107404
-0.044579
0.993216
0.765171
-0.634122
-0.111366
0.634794
0.771937
-0.0339122
0.107472
-0.0447456
0.993201
0.76547
-0.633627
-0.112128
0.634638
0.772186
-0.0310527
0.106259
-0.0473906
0.993208
0.766077
-0.632893
-0.112128
0.6342
0.772654
-0.0281959
0.104481
-0.0495113
0.993294
0.766253
-0.632544
-0.11289
0.634108
0.772804
-0.0260985
0.10375
-0.0515863
0.993265
0.764967
-0.634201
-0.112318
0.635807
0.771426
-0.0255288
0.102836
-0.0518841
0.993344
0.763087
-0.637348
-0.107172
0.637819
0.769421
-0.034309
0.104327
-0.0421759
0.993648
0.761668
-0.639392
-0.105075
0.638547
0.768211
-0.045939
0.110093
-0.0321051
0.993403
0.757873
-0.644675
-0.100116
0.642344
0.764193
-0.0583465
0.114122
-0.0200897
0.993264
0.756451
-0.646722
-0.0976355
0.64332
0.762633
-0.0673121
0.117992
-0.0118926
0.992943
0.755969
-0.647314
-0.0974447
0.642779
0.762209
-0.0766398
0.123883
-0.0046981
0.992286
0.754683
-0.648726
-0.0980171
0.643159
0.761021
-0.0848138
0.129614
0.000966982
0.991564
0.753676
-0.649369
-0.101451
0.642806
0.760461
-0.0921945
0.137018
0.00427127
0.990559
0.752599
-0.6497
-0.107172
0.641748
0.760152
-0.101626
0.147494
0.00770561
0.989033
0.751348
-0.649878
-0.114604
0.640313
0.759967
-0.111578
0.159608
0.0104514
0.987125
0.750747
-0.648604
-0.125265
0.637434
0.761054
-0.120314
0.173369
0.0104771
0.984801
0.749616
-0.648632
-0.13173
0.636388
0.76103
-0.12587
0.181894
0.0105228
0.983262
0.748702
-0.648343
-0.13819
0.634719
0.761259
-0.132725
0.19125
0.0116597
0.981472
0.748911
-0.646265
-0.146541
0.630946
0.763007
-0.140454
0.202582
0.0127282
0.979183
0.748463
-0.645379
-0.152608
0.628109
0.7637
-0.149134
0.212795
0.0157673
0.97697
0.748149
-0.645608
-0.153176
0.625504
0.763251
-0.161846
0.221401
0.0252724
0.974855
0.749013
-0.643602
-0.157343
0.621017
0.764733
-0.171817
0.230907
0.0309799
0.972482
0.749752
-0.641991
-0.160372
0.617444
0.765892
-0.179368
0.237981
0.0354605
0.970622
0.7478
-0.645057
-0.157154
0.618524
0.762894
-0.188207
0.241296
0.0435374
0.969475
0.745028
-0.650177
-0.149006
0.621739
0.757802
-0.197931
0.241607
0.054821
0.968824
0.740218
-0.657571
-0.140279
0.626998
0.75042
-0.209148
0.242797
0.0668605
0.96777
0.73467
-0.66715
-0.123172
0.635956
0.740462
-0.217433
0.236264
0.0814095
0.968273
0.731333
-0.672095
-0.115938
0.639718
0.734924
-0.22505
0.236461
0.0904192
0.967425
0.729861
-0.673328
-0.118032
0.637523
0.732763
-0.237956
0.246712
0.0984261
0.964078
0.729248
-0.674058
-0.117652
0.638198
0.732051
-0.238336
0.24678
0.0987212
0.96403
0.727762
-0.676057
-0.115366
0.640517
0.730123
-0.238031
0.245154
0.0993357
0.964382
0.728022
-0.675777
-0.115366
0.640143
0.730331
-0.238401
0.245361
0.0997098
0.96429
0.72807
-0.675823
-0.114795
0.640478
0.730333
-0.237492
0.244341
0.0993871
0.964583
0.728134
-0.675882
-0.114033
0.640377
0.730113
-0.238437
0.244413
0.10059
0.96444
0.727775
-0.676588
-0.112128
0.641458
0.729388
-0.23775
0.242643
0.101103
0.964833
0.727578
-0.676926
-0.111366
0.641918
0.729037
-0.237585
0.242017
0.101374
0.964962
0.727068
-0.677753
-0.10965
0.643285
0.728298
-0.23615
0.239909
0.101161
0.96551
0.725974
-0.679078
-0.108697
0.644706
0.727032
-0.236175
0.239408
0.101379
0.965612
0.725729
-0.679371
-0.108507
0.644972
0.726734
-0.236365
0.239435
0.101553
0.965587
0.723168
-0.68272
-0.104503
0.648906
0.723432
-0.235726
0.236536
0.102657
0.966185
0.722454
-0.684409
-0.098208
0.652034
0.721648
-0.23254
0.230024
0.103964
0.967616
0.723035
-0.684696
-0.091718
0.654198
0.721302
-0.227483
0.221913
0.104476
0.969453
0.723043
-0.684966
-0.0896175
0.655064
0.721028
-0.225853
0.219318
0.104596
0.970031
0.72562
-0.682409
-0.0882806
0.654184
0.723938
-0.218991
0.213351
0.101153
0.971725
0.726853
-0.680946
-0.0894265
0.653345
0.725707
-0.215614
0.211719
0.0982932
0.972375
0.725732
-0.68199
-0.0905723
0.655007
0.725205
-0.212234
0.210425
0.0946998
0.973012
0.726486
-0.681388
-0.0890445
0.655426
0.726008
-0.208157
0.206482
0.0928608
0.974034
0.724766
-0.683704
-0.0852242
0.65887
0.72393
-0.204488
0.201506
0.0920546
0.975152
0.723577
-0.685472
-0.0810203
0.662079
0.722442
-0.19932
0.195161
0.0905816
0.976579
0.72348
-0.685907
-0.0781532
0.663908
0.722331
-0.193556
0.189214
0.0881474
0.977971
0.724229
-0.685563
-0.0741382
0.666327
0.723445
-0.180656
0.177486
0.0814359
0.980748
0.724765
-0.68528
-0.0714609
0.666229
0.723478
-0.180879
0.175654
0.0834857
0.980906
0.724724
-0.685768
-0.0670613
0.664953
0.721578
-0.192774
0.180589
0.0951156
0.978949
0.722753
-0.688118
-0.0641913
0.665571
0.718055
-0.203501
0.186125
0.104357
0.976968
0.721882
-0.689138
-0.0630431
0.667023
0.717179
-0.201829
0.184301
0.103646
0.97739
0.721871
-0.688863
-0.0661047
0.667183
0.718138
-0.197853
0.183766
0.0987202
0.978
0.722964
-0.686999
-0.0731821
0.666041
0.721195
-0.190439
0.18361
0.0889384
0.978968
0.723787
-0.685408
-0.0796824
0.665141
0.72375
-0.183773
0.18363
0.0800124
0.979734
0.724492
-0.68397
-0.0854152
0.664646
0.726047
-0.176357
0.182639
0.0709986
0.980613
0.725669
-0.682455
-0.0875166
0.665291
0.728413
-0.163715
0.175476
0.0605791
0.982618
0.725888
-0.681874
-0.0901904
0.664924
0.729219
-0.161604
0.175962
0.0573363
0.982726
0.72631
-0.680961
-0.0936272
0.664294
0.730383
-0.158914
0.176598
0.0532249
0.982843
0.727106
-0.679354
-0.0989712
0.661993
0.731994
-0.161092
0.181884
0.0516125
0.981964
0.727283
-0.678997
-0.100116
0.661542
0.732364
-0.161261
0.182817
0.0510517
0.981821
0.727473
-0.678652
-0.10107
0.661148
0.732723
-0.161246
0.183486
0.0504797
0.981725
0.727241
-0.678957
-0.100688
0.661754
0.732504
-0.159746
0.182215
0.0495427
0.98201
0.727455
-0.678896
-0.0995436
0.661713
0.732496
-0.159953
0.181507
0.050489
0.982093
0.72972
-0.676573
-0.0987804
0.659585
0.734615
-0.159023
0.180156
0.0508883
0.982321
0.731718
-0.674523
-0.0980171
0.658038
0.736563
-0.156397
0.177689
0.0499398
0.982819
0.73278
-0.673425
-0.0976355
0.657054
0.73756
-0.155838
0.176957
0.0500431
0.982946
0.73331
-0.672875
-0.0974447
0.656612
0.738072
-0.155275
0.176402
0.0498816
0.983054
0.733338
-0.6729
-0.097063
0.657026
0.738136
-0.153207
0.174739
0.0485798
0.983416
0.733052
-0.673156
-0.0974447
0.657232
0.737915
-0.15339
0.175161
0.0483992
0.983349
0.73295
-0.673322
-0.097063
0.65795
0.737895
-0.150378
0.172875
0.0463571
0.983852
0.733949
-0.672425
-0.095727
0.657924
0.73886
-0.145679
0.168687
0.0439399
0.98469
0.740383
-0.665633
-0.0936272
0.653239
0.745337
-0.133233
0.158468
0.0374823
0.986652
0.747408
-0.657321
-0.0964904
0.645346
0.752816
-0.129602
0.15783
0.0345957
0.98686
0.752508
-0.651133
-0.0987804
0.639582
0.758298
-0.126166
0.157056
0.031763
0.987079
0.760745
-0.641607
-0.0980171
0.63162
0.766588
-0.115759
0.14941
0.0261532
0.988429
0.767159
-0.63453
-0.094009
0.626026
0.772573
-0.105939
0.13985
0.0224197
0.989919
0.776259
-0.622986
-0.0964904
0.61507
0.782005
-0.100788
0.138246
0.0188893
0.990218
0.783165
-0.614578
-0.0945817
0.608094
0.78875
-0.0899762
0.129899
0.0129517
0.991443
0.786637
-0.610507
-0.0920999
0.605296
0.791979
-0.0799147
0.12173
0.00711622
0.992538
0.791548
-0.60561
-0.0817848
0.602322
0.795762
-0.0630227
0.103248
0.000624701
0.994655
0.800986
-0.594051
-0.0743295
0.591531
0.804427
-0.0546607
0.0922639
-0.000185769
0.995735
0.807044
-0.584746
-0.082167
0.581604
0.811216
-0.0605412
0.102056
0.00107073
0.994778
0.810612
-0.579544
-0.0838868
0.57665
0.81494
-0.0578622
0.101896
-0.00146956
0.994794
0.812158
-0.577596
-0.0823581
0.574958
0.816319
-0.0551985
0.0991129
-0.00252248
0.995073
0.815893
-0.57228
-0.0825492
0.570232
0.820027
-0.0489002
0.0956772
-0.00717481
0.995387
0.81891
-0.568093
-0.0815937
0.566624
0.822884
-0.0424132
0.0912368
-0.0115003
0.995763
0.822246
-0.563197
-0.0819759
0.562159
0.826181
-0.0374472
0.0888171
-0.0152926
0.995931
0.82626
-0.557376
-0.0814026
0.556833
0.830033
-0.0313371
0.0850333
-0.0194351
0.996189
0.830128
-0.551456
-0.0823581
0.551454
0.833835
-0.0248399
0.0823712
-0.0247964
0.996293
0.834799
-0.544008
-0.084651
0.544785
0.838429
-0.0156662
0.0794964
-0.0330385
0.996287
0.839796
-0.535864
-0.0871345
0.53745
0.843274
-0.00611255
0.0767537
-0.0416971
0.996178
0.84621
-0.524559
-0.0936272
0.526735
0.850028
-0.00171815
0.080487
-0.0478628
0.995606
0.852428
-0.514041
-0.0955361
0.516713
0.85615
0.0038174
0.0798309
-0.0526189
0.995419
0.86062
-0.499156
-0.100879
0.502369
0.864619
0.0076307
0.0834131
-0.0572457
0.994869
0.8701
-0.4826
-0.100116
0.486354
0.873622
0.0156437
0.0799139
-0.0623033
0.994853
0.878206
-0.468329
-0.097063
0.472165
0.881287
0.0198463
0.0762457
-0.0632589
0.99508
0.887675
-0.450451
-0.0955361
0.454246
0.89062
0.0213759
0.0754576
-0.0623717
0.995196
0.891654
-0.44305
-0.0930545
0.446738
0.894386
0.0223353
0.073331
-0.0614863
0.99541
0.893123
-0.443139
-0.0771974
0.446628
0.894028
0.035169
0.0534319
-0.0658888
0.996395
0.895187
-0.439894
-0.0716522
0.443276
0.895468
0.0405348
0.0463312
-0.068048
0.996606
0.898239
-0.433722
-0.0710784
0.437099
0.898465
0.0413009
0.0459483
-0.0681664
0.996615
0.902889
-0.423861
-0.0716522
0.427201
0.903281
0.0397704
0.0478649
-0.0665182
0.996636
0.903587
-0.422499
-0.0708871
0.425797
0.903936
0.0399637
0.0471928
-0.0662942
0.996683
0.904245
-0.420695
-0.0731821
0.424174
0.904673
0.0405303
0.049155
-0.0676913
0.996495
0.902116
-0.424977
-0.0747119
0.428696
0.902415
0.0432003
0.049062
-0.0710004
0.996269
0.903274
-0.424465
-0.0626604
0.42775
0.902275
0.0541314
0.03356
-0.0756984
0.996566
0.909914
-0.410036
-0.0626604
0.413416
0.908792
0.0564243
0.0338093
-0.0772461
0.996439
0.913669
-0.401234
-0.0649567
0.40504
0.912119
0.0631009
0.0339299
-0.0839634
0.995891
0.91329
-0.403368
-0.0565354
0.406719
0.910611
0.073256
0.0219327
-0.089898
0.995709
0.916616
-0.396254
-0.0528976
0.399364
0.913594
0.0765166
0.0180069
-0.0912617
0.995664
0.921337
-0.385776
-0.0481101
0.388519
0.918079
0.0786355
0.0138331
-0.0911415
0.995742
0.925167
-0.376376
-0.0490677
0.379166
0.922346
0.0742399
0.0173152
-0.0872891
0.996033
0.92594
-0.375243
-0.0427467
0.377416
0.923519
0.0683379
0.013834
-0.0794101
0.996746
0.928192
-0.37016
-0.0379569
0.371947
0.925901
0.066057
0.0106926
-0.0754316
0.997094
0.930039
-0.365945
-0.0333579
0.367393
0.927784
0.0651118
0.00712162
-0.0728119
0.99732
0.930791
-0.364593
-0.0264581
0.36555
0.928551
0.0645514
0.00103271
-0.0697556
0.997564
0.931849
-0.36233
-0.0193653
0.362806
0.929612
0.0647532
-0.00545983
-0.067366
0.997713
0.933551
-0.358261
-0.0115046
0.358213
0.931311
0.065909
-0.0128982
-0.0656505
0.997759
0.934561
-0.355773
-0.00460193
0.355312
0.932515
0.0645733
-0.0186821
-0.0619828
0.997902
0.934006
-0.357203
0.00613588
0.356218
0.932464
0.0601712
-0.0272149
-0.0540146
0.998169
0.933127
-0.35933
0.0124633
0.358234
0.932121
0.053085
-0.0306923
-0.0450703
0.998512
0.931721
-0.362898
0.0141888
0.362032
0.931176
0.0429339
-0.028793
-0.0348656
0.998977
0.930598
-0.365753
0.0145723
0.36509
0.930311
0.0350789
-0.026387
-0.0273241
0.999278
0.928534
-0.370915
0.0157227
0.370388
0.928432
0.0287546
-0.0252629
-0.0208762
0.999463
0.92664
-0.375526
0.0178316
0.375111
0.926699
0.0228124
-0.0250912
-0.01445
0.999581
0.924187
-0.381151
0.0245412
0.380702
0.924457
0.0210843
-0.0307236
-0.0101429
0.999476
0.92128
-0.388038
0.025883
0.387768
0.921636
0.0149507
-0.0296562
-0.0037372
0.999553
0.919281
-0.392604
0.0279915
0.392482
0.919706
0.0099668
-0.0296569
0.00182385
0.999558
0.915075
-0.40227
0.0285665
0.402315
0.915491
0.00440838
-0.0279257
0.00745875
0.999582
0.910619
-0.412035
0.0316331
0.412057
0.911138
0.00613281
-0.031349
0.00744996
0.999481
0.908765
-0.416034
0.0325913
0.416047
0.909318
0.00670755
-0.0324265
0.00746393
0.999446
0.910477
-0.412392
0.0310581
0.412319
0.910995
0.00900767
-0.0320085
0.00460457
0.999477
0.91638
-0.399703
0.0220492
0.399629
0.916643
0.00785966
-0.0233528
0.00160906
0.999726
0.922097
-0.386718
0.0136137
0.386607
0.922189
0.0101615
-0.016484
-0.00410677
0.999856
0.926203
-0.377004
0.00402669
0.376953
0.926181
0.00977889
-0.00741613
-0.00753936
0.999944
0.931798
-0.362722
-0.0136137
0.362949
0.931539
0.0224305
0.00454561
-0.0258418
0.999656
0.934744
-0.354202
-0.0281832
0.355019
0.934278
0.0329615
0.0146559
-0.0408161
0.999059
0.94006
-0.337376
-0.0496422
0.339774
0.939054
0.0522587
0.0289859
-0.0659935
0.997399
0.944324
-0.322845
-0.0634259
0.326887
0.942511
0.0694082
0.0373715
-0.0862769
0.99557
0.947314
-0.312749
-0.0691656
0.317994
0.944187
0.085973
0.0384173
-0.103438
0.993894
0.950633
-0.300758
-0.0764327
0.307421
0.946323
0.0998231
0.0423074
-0.118392
0.992065
0.95376
-0.288122
-0.0856063
0.29667
0.948129
0.114184
0.048267
-0.134301
0.989764
0.95669
-0.274852
-0.0959179
0.285767
0.94952
0.12942
0.0555047
-0.151225
0.98694
0.958677
-0.2655
-0.102214
0.278294
0.949772
0.143131
0.059079
-0.165662
0.984411
0.961197
-0.251963
-0.112318
0.267543
0.950684
0.156912
0.0672431
-0.180874
0.981205
0.962899
-0.244139
-0.114985
0.261102
0.950522
0.168326
0.0682011
-0.192104
0.979002
0.964604
-0.234948
-0.119746
0.25355
0.951122
0.176293
0.0724734
-0.200414
0.977027
0.96604
-0.227659
-0.12222
0.247336
0.951604
0.182416
0.0747767
-0.206451
0.975596
0.967597
-0.220206
-0.123552
0.240638
0.952419
0.187059
0.076482
-0.21073
0.974548
0.968929
-0.21076
-0.129449
0.232839
0.953794
0.189904
0.0834432
-0.214145
0.973231
0.968818
-0.209374
-0.13249
0.232194
0.953817
0.190574
0.0864704
-0.215395
0.972691
0.968567
-0.210292
-0.13287
0.233296
0.953289
0.191869
0.0863153
-0.216836
0.972385
0.968302
-0.211985
-0.13211
0.234879
0.952708
0.192821
0.0849873
-0.217739
0.9723
0.968788
-0.212675
-0.127357
0.234631
0.952479
0.194248
0.0799932
-0.218067
0.97265
0.969431
-0.207367
-0.13116
0.229882
0.954482
0.190048
0.08578
-0.21439
0.972974
0.969882
-0.203772
-0.133441
0.226814
0.955264
0.189803
0.0887946
-0.214353
0.972712
0.970492
-0.200211
-0.134391
0.223528
0.956007
0.189965
0.0904453
-0.2144
0.97255
0.970493
-0.199047
-0.136101
0.222268
0.957296
0.184884
0.0934879
-0.209679
0.973291
0.970756
-0.200071
-0.13268
0.222388
0.95761
0.183103
0.0904225
-0.207255
0.974099
0.970409
-0.204077
-0.129069
0.22549
0.957081
0.18207
0.0863729
-0.205786
0.974778
0.969958
-0.212932
-0.117652
0.231347
0.956929
0.1754
0.0752359
-0.197349
0.977442
0.970229
-0.217091
-0.107363
0.232525
0.958959
0.162267
0.06773
-0.182401
0.980889
0.970411
-0.216936
-0.106028
0.231322
0.961148
0.150617
0.0692349
-0.170687
0.98289
0.970115
-0.223129
-0.0953453
0.235164
0.961401
0.142852
0.0597908
-0.161004
0.985141
0.970581
-0.223628
-0.0892355
0.234481
0.962083
0.139341
0.0546915
-0.156165
0.986216
0.97109
-0.222765
-0.0857973
0.232789
0.963292
0.133706
0.052863
-0.149813
0.9873
0.971374
-0.225184
-0.0756679
0.233778
0.962719
0.136089
0.0422018
-0.149883
0.987803
0.970687
-0.230523
-0.0680178
0.237908
0.961776
0.135596
0.03416
-0.147803
0.988427
0.969482
-0.237515
-0.0607466
0.243633
0.961017
0.130728
0.0273286
-0.141538
0.989555
0.967662
-0.246137
-0.0551952
0.251135
0.960587
0.119183
0.0236844
-0.129191
0.991337
0.965972
-0.253017
-0.0536635
0.25725
0.961375
0.0978759
0.0268265
-0.10835
0.993751
0.964796
-0.259045
-0.0454285
0.262109
0.961276
0.0851362
0.0216152
-0.0940463
0.995333
0.96241
-0.268124
-0.0433214
0.270538
0.960468
0.0656603
0.0240037
-0.0749122
0.996901
0.959979
-0.277192
-0.0400645
0.279035
0.958888
0.0517072
0.0240846
-0.0608172
0.997858
0.957937
-0.28438
-0.0385317
0.285828
0.957468
0.0394604
0.0256711
-0.048814
0.998478
0.956272
-0.290482
-0.0341244
0.291557
0.956005
0.0323808
0.0232171
-0.0409141
0.998893
0.955003
-0.294904
-0.0316331
0.295687
0.954989
0.0237626
0.0232016
-0.0320468
0.999217
0.953316
-0.300602
-0.0287582
0.301085
0.953492
0.014183
0.0231573
-0.0221795
0.999486
0.951617
-0.306095
-0.0270331
0.306299
0.951928
0.00364186
0.0246188
-0.0117459
0.999628
0.951416
-0.306836
-0.0256914
0.307038
0.951688
0.00421704
0.0231562
-0.0119004
0.999661
0.950147
-0.311463
-0.0145723
0.311564
0.950211
0.00517661
0.0122344
-0.00945874
0.99988
0.949336
-0.314224
-0.00498542
0.314211
0.949348
-0.00325966
0.00575716
0.00152804
0.999982
0.949039
-0.315136
0.00383494
0.315138
0.948762
-0.0231992
0.00367245
0.0232255
0.999724
0.948894
-0.315492
0.00805331
0.315511
0.94775
-0.0471509
0.00724319
0.0472821
0.998855
0.948802
-0.315663
0.0115046
0.315703
0.946472
-0.0672482
0.010339
0.0674372
0.99767
0.9487
-0.315629
0.0185984
0.316051
0.945027
-0.0838722
0.00889649
0.0854477
0.996303
0.94825
-0.316287
0.0279915
0.317489
0.943147
-0.0983602
0.00471002
0.102157
0.994757
0.946803
-0.319238
0.0406393
0.321814
0.938944
-0.121739
0.000705733
0.128341
0.99173
0.946264
-0.320269
0.0448539
0.323384
0.935919
-0.139568
0.00271988
0.146574
0.989196
0.945407
-0.322001
0.0502167
0.325861
0.931849
-0.159603
0.00459792
0.167253
0.985903
0.945165
-0.322121
0.053855
0.326545
0.929289
-0.1726
0.00555122
0.180722
0.983519
0.945126
-0.32049
0.0634259
0.326706
0.927156
-0.183424
-2.0142e-05
0.19408
0.980986
0.945598
-0.31863
0.065722
0.325336
0.925619
-0.193355
0.000775079
0.204218
0.978925
0.946021
-0.317763
0.0638086
0.324044
0.92348
-0.205379
0.00633576
0.214969
0.9766
0.946108
-0.317388
0.0643826
0.323711
0.920944
-0.216966
0.0095697
0.226115
0.974054
0.946423
-0.316485
0.0641913
0.322637
0.918241
-0.229651
0.0137379
0.238057
0.971154
0.948121
-0.310799
0.06687
0.317461
0.914408
-0.251149
0.0169103
0.259348
0.965636
0.949435
-0.3068
0.0666787
0.313297
0.911982
-0.264828
0.0204397
0.272327
0.961988
0.95165
-0.30108
0.060938
0.305673
0.908488
-0.28498
0.0304402
0.289828
0.956595
0.953249
-0.296366
0.0590239
0.300145
0.905907
-0.298741
0.0350664
0.30249
0.952507
0.955326
-0.289795
0.0580668
0.292997
0.902807
-0.314788
0.0388007
0.317738
0.947384
0.956398
-0.28592
0.0595982
0.289349
0.899804
-0.326541
0.039738
0.329548
0.943302
0.957983
-0.281198
0.0565354
0.283299
0.896825
-0.339774
0.0448414
0.341514
0.938807
0.95887
-0.278466
0.0550038
0.279844
0.895005
-0.347353
0.0474972
0.348459
0.93612
0.960523
-0.273163
0.0527062
0.273596
0.893182
-0.356892
0.0504138
0.357223
0.932657
0.961622
-0.270091
0.0483016
0.268992
0.893328
-0.360011
0.0540866
0.359187
0.931697
0.961401
-0.272019
0.0414056
0.268149
0.892525
-0.362623
0.0616848
0.359729
0.931016
0.960682
-0.274802
0.0396813
0.269864
0.890538
-0.366217
0.0652993
0.362526
0.929683
0.960569
-0.275168
0.0398729
0.269919
0.888456
-0.3712
0.0667171
0.367325
0.927697
0.960166
-0.277046
0.036424
0.27005
0.886526
-0.375692
0.0717933
0.370563
0.926028
0.959157
-0.280545
0.0362324
0.273125
0.88513
-0.37676
0.0736276
0.371268
0.925602
0.958482
-0.282743
0.0369988
0.275438
0.884417
-0.376749
0.0738007
0.371298
0.925576
0.958495
-0.282747
0.0366156
0.275299
0.884458
-0.376755
0.0741412
0.371198
0.925589
0.959085
-0.281123
0.0335495
0.27195
0.881809
-0.385299
0.078732
0.378658
0.922182
0.958996
-0.281496
0.0329746
0.271769
0.88031
-0.38884
0.080429
0.381858
0.920715
0.957869
-0.284959
0.0358491
0.276122
0.879361
-0.387919
0.0790168
0.381474
0.920996
0.958208
-0.282862
0.0427467
0.277164
0.880939
-0.383572
0.0708407
0.37939
0.922521
0.961447
-0.271435
0.0440877
0.267341
0.88505
-0.381072
0.0644164
0.378167
0.923494
0.963873
-0.26336
0.0398729
0.25878
0.890426
-0.374399
0.063098
0.371192
0.92641
0.96559
-0.257869
0.0337412
0.252291
0.897311
-0.362192
0.0631219
0.358242
0.931493
0.96793
-0.249171
0.0320164
0.245077
0.90855
-0.338341
0.0552163
0.335337
0.940479
0.968842
-0.245448
0.0331663
0.243093
0.916692
-0.317146
0.0474397
0.315327
0.947797
0.969743
-0.24113
0.0381485
0.241876
0.927809
-0.284017
0.0330905
0.28465
0.95806
0.970022
-0.239818
0.0392981
0.241463
0.932886
-0.267245
0.0274295
0.268723
0.962827
0.970455
-0.237359
0.0433214
0.24054
0.937696
-0.250734
0.0188918
0.253747
0.967086
0.97134
-0.234026
0.0415972
0.236933
0.939299
-0.248155
0.0190025
0.250899
0.967827
0.971027
-0.236118
0.0368072
0.237702
0.938501
-0.250429
0.0245872
0.251922
0.967435
0.969514
-0.241863
0.0392981
0.244036
0.938593
-0.243907
0.0221073
0.246062
0.969002
0.968926
-0.244086
0.0400645
0.24647
0.939059
-0.239624
0.0208659
0.242053
0.970039
0.967179
-0.249967
0.0456201
0.253597
0.938351
-0.234916
0.0159134
0.238774
0.970945
0.964558
-0.259378
0.0484931
0.263457
0.936336
-0.23209
0.0147933
0.23664
0.971485
0.963332
-0.263609
0.0500252
0.267962
0.935659
-0.229651
0.0137315
0.234635
0.971987
0.962033
-0.268019
0.0515572
0.272622
0.934636
-0.228328
0.013009
0.233715
0.972218
0.960518
-0.272764
0.0548123
0.278046
0.934219
-0.22344
0.00973956
0.229858
0.973175
0.960119
-0.274243
0.0544294
0.279427
0.934515
-0.220457
0.00959378
0.226874
0.973877
0.959595
-0.275288
0.0582583
0.281335
0.934741
-0.217048
0.00529422
0.224668
0.974421
0.959037
-0.276521
0.0615121
0.28328
0.935785
-0.209901
0.000480018
0.218728
0.975786
0.957158
-0.279761
0.0747119
0.28892
0.939901
-0.181964
-0.0193153
0.195754
0.980463
0.95412
-0.285637
0.0898085
0.297
0.940907
-0.16274
-0.0380169
0.181946
0.982573
0.950833
-0.289428
0.110222
0.304031
0.940112
-0.154126
-0.0590129
0.180059
0.981884
0.946041
-0.293727
0.13686
0.312618
0.938459
-0.146853
-0.0853032
0.181714
0.979645
0.940384
-0.298706
0.162643
0.321275
0.937091
-0.136537
-0.111627
0.180651
0.977192
0.935162
-0.30417
0.181532
0.329103
0.935623
-0.127672
-0.131011
0.179137
0.975062
0.9279
-0.311874
0.204297
0.339223
0.933583
-0.115543
-0.154693
0.176515
0.972066
0.920936
-0.317613
0.225831
0.34758
0.931482
-0.107375
-0.176254
0.17738
0.968231
0.914997
-0.322649
0.242236
0.354348
0.929741
-0.100095
-0.192921
0.177423
0.96504
0.908398
-0.326209
0.261534
0.359902
0.928441
-0.0920267
-0.212799
0.177724
0.960797
0.906427
-0.326287
0.268191
0.360875
0.928224
-0.0903812
-0.219451
0.178707
0.959117
0.909846
-0.322599
0.260979
0.356274
0.929764
-0.092778
-0.212719
0.177394
0.960876
0.90943
-0.324809
0.259683
0.357727
0.929457
-0.0902309
-0.212057
0.174954
0.961469
0.911125
-0.327189
0.250599
0.35954
0.928255
-0.095259
-0.201452
0.176893
0.963393
0.910775
-0.329431
0.248928
0.361061
0.927885
-0.0930834
-0.200312
0.174656
0.964039
0.908255
-0.333254
0.253011
0.364283
0.927278
-0.0863321
-0.205841
0.170579
0.963604
0.90855
-0.334549
0.250227
0.365039
0.927009
-0.0860269
-0.203183
0.169502
0.964358
0.907424
-0.336903
0.251155
0.366623
0.926803
-0.0813829
-0.205354
0.165928
0.964519
0.911178
-0.33096
0.245397
0.359042
0.929979
-0.0789135
-0.202097
0.160012
0.966205
0.916233
-0.326645
0.231991
0.353172
0.931895
-0.0827133
-0.189173
0.157717
0.969195
0.921302
-0.321499
0.218727
0.345811
0.934645
-0.0827877
-0.177816
0.151911
0.972268
0.924492
-0.32003
0.207111
0.342677
0.935713
-0.0837501
-0.166994
0.148399
0.974726
0.929964
-0.317538
0.185302
0.337353
0.937372
-0.0867517
-0.14615
0.143188
0.978845
0.933917
-0.31609
0.166993
0.333822
0.938234
-0.0909949
-0.127916
0.140728
0.98175
0.938383
-0.314997
0.142177
0.329591
0.939433
-0.0939988
-0.103956
0.135067
0.985368
0.940697
-0.314971
0.126026
0.327211
0.940469
-0.0919338
-0.0895667
0.127719
0.987758
0.94484
-0.312937
0.0966813
0.321321
0.942832
-0.0884373
-0.0634789
0.114625
0.991379
0.947026
-0.311647
0.0775797
0.317578
0.944703
-0.0817288
-0.0478193
0.102037
0.993631
0.948258
-0.311448
0.0617035
0.315676
0.94564
-0.0781951
-0.0339956
0.0936275
0.995027
0.950032
-0.309812
0.0381485
0.311908
0.947007
-0.0767591
-0.012346
0.0848225
0.99632
0.950717
-0.309431
0.0197487
0.310021
0.947654
-0.0764178
0.00493106
0.0787742
0.99688
0.951191
-0.308577
-0.00402669
0.30741
0.948579
-0.0754761
0.0271098
0.0705543
0.997139
0.951035
-0.308325
-0.0216658
0.305936
0.949011
-0.0760324
0.0440037
0.0656811
0.99687
0.949319
-0.310184
-0.0507912
0.306055
0.949025
-0.0753793
0.0715836
0.0560141
0.995861
0.946926
-0.311614
-0.0789179
0.305907
0.948977
-0.0765755
0.0987532
0.0483697
0.993936
0.944319
-0.312564
-0.102787
0.305711
0.948992
-0.0771688
0.121664
0.0414491
0.991706
0.940948
-0.313451
-0.127928
0.305231
0.948914
-0.0799755
0.146461
0.0362053
0.988554
0.935846
-0.315144
-0.157722
0.305171
0.948538
-0.0845348
0.176246
0.0309793
0.983859
0.930146
-0.316007
-0.186997
0.304638
0.948443
-0.0874738
0.204998
0.0243971
0.978458
0.923536
-0.317717
-0.214796
0.305132
0.948017
-0.0903231
0.232328
0.0178755
0.972473
0.91773
-0.318872
-0.236837
0.305725
0.947729
-0.0913344
0.253582
0.0114133
0.967247
0.911622
-0.318906
-0.259313
0.305676
0.947779
-0.0909777
0.274785
0.00367154
0.961499
0.905276
-0.320783
-0.27852
0.308177
0.947139
-0.089189
0.292407
-0.00509277
0.95628
0.901566
-0.320637
-0.290468
0.30857
0.947144
-0.0877636
0.303255
-0.0105053
0.952851
0.898689
-0.317868
-0.302189
0.307365
0.94796
-0.0830608
0.312865
-0.0182364
0.949623
0.897799
-0.313684
-0.309126
0.303402
0.949316
-0.0821401
0.319225
-0.0200442
0.947467
0.899638
-0.31394
-0.303468
0.304641
0.949199
-0.0788384
0.312802
-0.0215227
0.949574
0.905601
-0.307668
-0.291936
0.298113
0.95135
-0.0778565
0.301687
-0.0165228
0.953264
0.916338
-0.295135
-0.270591
0.285774
0.955411
-0.0743175
0.28046
-0.00922814
0.959821
0.921998
-0.284325
-0.26283
0.275254
0.958707
-0.0715317
0.272315
-0.00639286
0.962187
0.927518
-0.269554
-0.258943
0.260949
0.962974
-0.0677304
0.267612
-0.00474967
0.963515
0.932048
-0.260628
-0.251712
0.253183
0.965422
-0.0621245
0.2592
-0.00582623
0.965806
0.937997
-0.247228
-0.24298
0.240745
0.968942
-0.0565123
0.249405
-0.00548775
0.968384
0.944574
-0.234872
-0.229379
0.229328
0.972016
-0.0509281
0.234921
-0.00449761
0.972004
0.950126
-0.22045
-0.220598
0.215158
0.975397
-0.0480457
0.225762
-0.00181399
0.974181
0.95699
-0.19666
-0.213298
0.191593
0.98047
-0.0443831
0.21786
0.00160779
0.975979
0.960721
-0.180207
-0.211049
0.175571
0.983627
-0.0406603
0.214921
0.00200902
0.976629
0.967656
-0.158554
-0.196219
0.155643
0.98735
-0.0302664
0.198535
-0.0012526
0.980093
0.971049
-0.14328
-0.191139
0.141066
0.989679
-0.0252177
0.19278
-0.00247558
0.981239
0.975839
-0.120168
-0.182474
0.118796
0.992747
-0.0184747
0.183371
-0.00364885
0.983037
0.978783
-0.104177
-0.176438
0.10344
0.994545
-0.0134001
0.176872
-0.00513489
0.984221
0.982312
-0.0876285
-0.16548
0.0881891
0.996096
-0.00397117
0.165182
-0.0106926
0.986205
0.983551
-0.0757754
-0.163967
0.0773162
0.997002
0.00302643
0.163247
-0.015654
0.986461
0.983956
-0.0733398
-0.162643
0.0755403
0.997115
0.00737852
0.161633
-0.0195462
0.986657
0.984937
-0.0745524
-0.156018
0.0772318
0.996951
0.0111743
0.154709
-0.0230556
0.987691
0.985805
-0.0708171
-0.152229
0.0737704
0.997179
0.013834
0.15082
-0.0248676
0.988248
0.986875
-0.0678513
-0.146541
0.0708262
0.997373
0.0151736
0.145126
-0.0253534
0.989088
0.988448
-0.0569225
-0.140468
0.0597438
0.998086
0.0159464
0.139292
-0.0241543
0.989957
0.989474
-0.0423354
-0.13838
0.0445457
0.998924
0.012913
0.137684
-0.0189413
0.990295
0.990684
-0.0298329
-0.13287
0.0315496
0.999443
0.0108325
0.132473
-0.0149236
0.991074
0.991359
-0.0142578
-0.130399
0.0156799
0.999828
0.00988558
0.130236
-0.0118448
0.991412
0.991732
0.00228195
-0.128308
-0.000849295
0.999937
0.0112194
0.128325
-0.0110176
0.991671
0.992348
0.0161753
-0.122411
-0.0146301
0.999802
0.0135113
0.122605
-0.011617
0.992388
0.99257
0.0331285
-0.11708
-0.0314238
0.999372
0.0163761
0.117549
-0.0125753
0.992987
0.992236
0.0500805
-0.113842
-0.0483728
0.998672
0.0177157
0.114579
-0.0120712
0.993341
0.991733
0.0666569
-0.10965
-0.0649089
0.997702
0.0194391
0.110694
-0.0121611
0.99378
0.991015
0.0832357
-0.104694
-0.0815378
0.996461
0.0204028
0.106022
-0.011683
0.994295
0.989299
0.107024
-0.099162
-0.10547
0.994205
0.020796
0.100813
-0.0101148
0.994854
0.987258
0.123689
-0.100116
-0.122152
0.992281
0.0213662
0.101986
-0.00886461
0.994746
0.984483
0.14372
-0.100688
-0.142123
0.989584
0.0228908
0.102929
-0.00822538
0.994655
0.981558
0.160445
-0.103931
-0.15863
0.987007
0.0255522
0.10668
-0.00859439
0.994256
0.979132
0.176091
-0.101451
-0.17412
0.984325
0.0280378
0.104798
-0.00978797
0.994445
0.977805
0.182247
-0.103359
-0.180107
0.983197
0.029748
0.107044
-0.010472
0.994199
0.977867
0.183617
-0.100307
-0.181156
0.982894
0.0331897
0.104685
-0.0142838
0.994403
0.978192
0.182707
-0.0987804
-0.180046
0.983025
0.0352924
0.103552
-0.0167377
0.994483
0.978945
0.182071
-0.0922908
-0.179276
0.983073
0.0377949
0.0976099
-0.0204536
0.995015
0.978696
0.184161
-0.0907633
-0.181443
0.982689
0.0374186
0.0960832
-0.0201531
0.995169
0.977734
0.188838
-0.0915271
-0.186622
0.981902
0.0322637
0.0959632
-0.0144643
0.99528
0.976507
0.19171
-0.0983988
-0.189906
0.981418
0.0274742
0.101837
-0.00814221
0.994768
0.976892
0.190424
-0.097063
-0.188951
0.981687
0.0242346
0.0999004
-0.00533439
0.994983
0.977548
0.185304
-0.100307
-0.184339
0.982681
0.0188861
0.102069
2.83638e-05
0.994777
0.980398
0.169922
-0.0997344
-0.16965
0.98544
0.0112565
0.100195
0.00588416
0.99495
0.982622
0.158685
-0.0962996
-0.158858
0.987284
0.00591651
0.0960139
0.00948428
0.995335
0.98479
0.146852
-0.0928636
-0.147419
0.989074
0.000763676
0.0919611
0.0129378
0.995679
0.986812
0.134796
-0.0896175
-0.135596
0.99076
-0.00286464
0.0884033
0.0149786
0.995972
0.98833
0.122476
-0.0905723
-0.123274
0.992367
-0.00324631
0.0894834
0.0143736
0.995885
0.989879
0.110352
-0.0892355
-0.111133
0.993798
-0.00381964
0.0882606
0.013698
0.996003
0.990944
0.10067
-0.0888536
-0.101408
0.994838
-0.00381977
0.0880103
0.0127957
0.996037
0.991481
0.0932392
-0.0909542
-0.0939738
0.995567
-0.00381905
0.090195
0.0123338
0.995848
0.991851
0.0840721
-0.095727
-0.0846427
0.99641
-0.00190867
0.0952228
0.00999571
0.995406
0.99052
0.0822379
-0.110032
-0.082277
0.996601
0.00419282
0.110002
0.00489999
0.993919
0.989317
0.087871
-0.116319
-0.0874462
0.996131
0.0087604
0.116638
0.0015048
0.993173
0.986835
0.0956666
-0.130399
-0.0955922
0.995397
0.00684392
0.130454
0.00571135
0.991438
0.985879
0.0993917
-0.134771
-0.0994304
0.995024
0.00645989
0.134742
0.00703163
0.990856
0.984071
0.104931
-0.143505
-0.105453
0.994416
0.00398501
0.143122
0.0112115
0.989642
0.984011
0.106261
-0.142936
-0.107172
0.99424
0.00132845
0.142254
0.0140116
0.989731
0.985228
0.104672
-0.135531
-0.105854
0.994381
-0.00151983
0.13461
0.0158438
0.990772
0.986211
0.103821
-0.128878
-0.1056
0.994384
-0.00703544
0.127424
0.020548
0.991635
0.986607
0.104245
-0.125455
-0.106811
0.994182
-0.0138865
0.123278
0.0271005
0.992002
0.986499
0.104807
-0.125835
-0.108074
0.993953
-0.0194016
0.123041
0.0327392
0.991861
0.98629
0.105168
-0.127167
-0.108934
0.993783
-0.023011
0.123956
0.0365483
0.991614
0.986443
0.105567
-0.125645
-0.109467
0.993688
-0.0245369
0.122262
0.0379583
0.991772
0.986435
0.107862
-0.123743
-0.111937
0.993363
-0.0264449
0.120069
0.0399376
0.991962
0.985848
0.111625
-0.125075
-0.116036
0.992835
-0.0285323
0.120993
0.0426418
0.991737
0.984635
0.115506
-0.13097
-0.120347
0.992289
-0.0296505
0.126535
0.0449568
0.990943
0.983437
0.118616
-0.13705
-0.12399
0.991789
-0.0313346
0.132208
0.0478085
0.990068
0.983014
0.118565
-0.140089
-0.124241
0.991721
-0.0324597
0.13508
0.0493131
0.989607
0.983537
0.115759
-0.13876
-0.121627
0.991974
-0.0345534
0.133646
0.0508615
0.989723
0.984348
0.113559
-0.134771
-0.119579
0.992119
-0.0374208
0.129459
0.0529508
0.99017
0.984058
0.114482
-0.136101
-0.12063
0.991978
-0.0377935
0.130682
0.0536089
0.989974
0.984568
0.111863
-0.134581
-0.118107
0.992222
-0.0393203
0.129135
0.0546085
0.990122
0.98671
0.105978
-0.123172
-0.111113
0.993171
-0.0355761
0.11856
0.0487893
0.991747
0.988345
0.0988746
-0.115747
-0.103266
0.994121
-0.0325626
0.111847
0.0441358
0.992745
0.989894
0.0917497
-0.108126
-0.0953287
0.995041
-0.028399
0.104984
0.0384195
0.993732
0.990681
0.0878007
-0.104122
-0.0909549
0.995517
-0.025933
0.101378
0.0351617
0.994226
0.991315
0.084601
-0.100688
-0.0876765
0.995796
-0.0265143
0.0980219
0.035112
0.994565
0.993221
0.0740304
-0.0896175
-0.0769858
0.996581
-0.0299787
0.0870918
0.0366748
0.995525
0.995535
0.0642284
-0.0691656
-0.0666108
0.997243
-0.0327045
0.0668744
0.0371656
0.997069
0.996082
0.0606205
-0.0643826
-0.0629518
0.997409
-0.0348186
0.0621051
0.0387352
0.997318
0.9957
0.0630889
-0.0678265
-0.0655452
0.997249
-0.0346194
0.0654558
0.0389163
0.997096
0.995639
0.0640435
-0.0678265
-0.0664888
0.997193
-0.0344283
0.0654312
0.0387878
0.997103
0.995427
0.0640298
-0.0708871
-0.0664759
0.997252
-0.0327005
0.0685985
0.0372632
0.996948
0.995752
0.0630921
-0.0670613
-0.0653448
0.997351
-0.0319443
0.0648682
0.0361907
0.997237
0.995715
0.0634732
-0.0672526
-0.0657958
0.997291
-0.0329
0.0649821
0.0371839
0.997193
0.995099
0.0634339
-0.0758591
-0.0658813
0.99737
-0.0302042
0.0737436
0.0350539
0.996661
0.994754
0.0624544
-0.0810203
-0.0642909
0.997726
-0.020257
0.0795709
0.0253596
0.996507
0.99466
0.0609168
-0.0833135
-0.0621294
0.997996
-0.0120378
0.0824132
0.0171497
0.996451
0.99429
0.0605114
-0.0878986
-0.0614679
0.998075
-0.00821314
0.0872324
0.0135692
0.996096
0.993949
0.0589605
-0.0926727
-0.0594989
0.998224
-0.00305475
0.092328
0.00855019
0.995692
0.993676
0.0583707
-0.0959179
-0.0584574
0.998288
0.00190863
0.0958651
0.00371054
0.995387
0.993271
0.0585381
-0.0999252
-0.0580465
0.998283
0.00782222
0.100212
-0.00196928
0.994964
0.992656
0.0592658
-0.105456
-0.0578746
0.998192
0.0162069
0.106226
-0.00998468
0.994292
0.992207
0.0605756
-0.108888
-0.0581467
0.997986
0.025348
0.110204
-0.018819
0.993731
0.991907
0.061321
-0.111175
-0.0580976
0.997798
0.0320084
0.112893
-0.0252903
0.993285
0.99158
0.0620643
-0.113652
-0.0577855
0.997505
0.0405663
0.115886
-0.0336573
0.992692
0.991305
0.0622378
-0.115938
-0.0568845
0.997181
0.048927
0.118656
-0.0419065
0.992051
0.99107
0.0620323
-0.118032
-0.0556162
0.99683
0.0569006
0.121188
-0.049828
0.991378
0.991774
0.0542525
-0.115938
-0.0467574
0.996696
0.066419
0.119158
-0.0604517
0.991033
0.993145
0.0444005
-0.108126
-0.0367653
0.996755
0.0716123
0.110954
-0.0671462
0.991555
0.993417
0.0428858
-0.106219
-0.0350808
0.996619
0.0742892
0.109046
-0.070074
0.991564
0.993874
0.0406146
-0.102787
-0.0326391
0.99641
0.0781196
0.10559
-0.0742862
0.991631
0.994609
0.0379705
-0.0964904
-0.030097
0.996196
0.0817836
0.0992287
-0.0784387
0.991968
0.994679
0.0385462
-0.0955361
-0.0305032
0.995977
0.0842638
0.0983998
-0.0809013
0.991853
0.994745
0.0377847
-0.0951544
-0.0296776
0.99592
0.0852178
0.0979861
-0.0819461
0.991808
0.995243
0.0368481
-0.0901904
-0.0292187
0.995995
0.0844963
0.0929427
-0.0814591
0.992334
0.995732
0.0339986
-0.0857973
-0.0271157
0.996414
0.0801503
0.0882146
-0.0774818
0.993083
0.995997
0.0328605
-0.0831224
-0.0262991
0.996541
0.0788352
0.0854255
-0.0763337
0.993416
0.996067
0.0326716
-0.0823581
-0.0261685
0.996544
0.0788403
0.0846493
-0.076375
0.993479
0.996133
0.0321001
-0.0817848
-0.0255438
0.996469
0.079987
0.0840636
-0.0775886
0.993435
0.996201
0.0319111
-0.0810203
-0.0253821
0.996442
0.080373
0.0832968
-0.0780112
0.993467
0.996254
0.0317216
-0.080447
-0.0251897
0.9964
0.0809482
0.0827252
-0.0786186
0.993466
0.996351
0.0305773
-0.0796824
-0.024074
0.996396
0.0813342
0.0818822
-0.0791192
0.993497
0.996507
0.0294345
-0.0781532
-0.0229138
0.996281
0.0830587
0.0803074
-0.0809778
0.993475
0.996825
0.027531
-0.0747119
-0.0210398
0.996045
0.0863195
0.0767929
-0.0844735
0.993462
0.997001
0.0267706
-0.0726084
-0.0204149
0.996007
0.0869045
0.074645
-0.0851616
0.993567
0.997287
0.0240994
-0.0695482
-0.017994
0.996036
0.0871141
0.0713719
-0.0856263
0.993768
0.997535
0.0206606
-0.0670613
-0.0147601
0.996071
0.0873195
0.0686019
-0.0861145
0.993921
0.997627
0.0198971
-0.0659134
-0.0140319
0.995997
0.0882792
0.067406
-0.0871448
0.993913
0.997681
0.0197068
-0.065148
-0.0137937
0.995846
0.0899988
0.066651
-0.0888915
0.993809
0.997871
0.0174136
-0.0628518
-0.0117093
0.995872
0.0900121
0.0641597
-0.0890845
0.993955
0.998575
0.0105315
-0.0523232
-0.00608927
0.996418
0.0843443
0.053024
-0.0839054
0.995062
0.998804
0.00459647
-0.0486846
-0.000989281
0.997268
0.0738593
0.0488911
-0.0737228
0.99608
0.999044
-0.00114939
-0.0437045
0.00392851
0.997971
0.0635564
0.0435428
-0.0636674
0.997021
0.999334
-0.00862311
-0.0354659
0.0103516
0.998753
0.0488454
0.0350004
-0.04918
0.998177
0.999424
-0.0132237
-0.0312498
0.0145009
0.999054
0.0410024
0.030678
-0.041432
0.99867
0.999493
-0.0164834
-0.0272248
0.0173577
0.999331
0.0321961
0.0266759
-0.0326523
0.999111
0.999534
-0.0193599
-0.0235828
0.019916
0.999524
0.0235762
0.0231151
-0.0240349
0.999444
0.999502
-0.0205097
-0.0239662
0.0208399
0.99969
0.0136097
0.0236796
-0.0141024
0.99962
0.999519
-0.023578
-0.0201321
0.0235519
0.999721
-0.00153367
0.0201627
0.00105878
0.999796
0.999579
-0.019936
-0.0210907
0.0195982
0.999678
-0.0161025
0.0214049
0.0156824
0.999648
0.999682
-0.0143775
-0.0207073
0.01386
0.999593
-0.0249193
0.0210571
0.0246243
0.999475
0.999482
-0.0168666
-0.0274165
0.0158955
0.999252
-0.035261
0.0279907
0.0348069
0.999002
0.999406
-0.0253011
-0.0233911
0.0243087
0.998831
-0.0417774
0.0244207
0.041184
0.998853
0.99933
-0.0325868
-0.0166813
0.0318072
0.998479
-0.0450392
0.0181236
0.0444784
0.998846
0.999134
-0.0415972
-0.000958738
0.0415091
0.998079
-0.0460032
0.0028705
0.0459235
0.998941
0.998932
-0.0460028
0.00421843
0.0461369
0.9981
-0.0408305
-0.0023321
0.0409816
0.999157
0.998495
-0.0544282
0.00671112
0.0546319
0.997883
-0.0352734
-0.00477704
0.035587
0.999355
0.998068
-0.0613177
0.00997071
0.0616095
0.997581
-0.0322064
-0.00797176
0.0327585
0.999432
0.997274
-0.0714488
0.0184067
0.0720182
0.996877
-0.0323942
-0.0160347
0.0336315
0.999306
0.996563
-0.0794696
0.0233911
0.0802011
0.996259
-0.0321992
-0.0207447
0.0339645
0.999208
0.995397
-0.0912973
0.0291415
0.0921682
0.995289
-0.030087
-0.0262574
0.0326345
0.999122
0.994528
-0.0996857
0.0312498
0.100614
0.994482
-0.029702
-0.0281165
0.0326836
0.99907
0.993127
-0.110521
0.0385317
0.111719
0.993273
-0.0304605
-0.034906
0.0345559
0.998793
0.991652
-0.122502
0.0402561
0.123927
0.991672
-0.0350542
-0.0356267
0.0397503
0.998574
0.990949
-0.128593
0.0385317
0.130103
0.990707
-0.0396519
-0.0330747
0.0443061
0.99847
0.989882
-0.137536
0.034891
0.138999
0.989329
-0.0436779
-0.0285114
0.0480858
0.998436
0.988632
-0.145875
0.036424
0.14752
0.987918
-0.0475039
-0.0290543
0.0523372
0.998207
0.987406
-0.153247
0.0392981
0.15517
0.986534
-0.0517088
-0.0308447
0.0571554
0.997889
0.986141
-0.161
0.0400645
0.163279
0.984615
-0.0622276
-0.0294295
0.0679069
0.997258
0.985601
-0.164989
0.0369988
0.167311
0.983245
-0.0723676
-0.024439
0.0775159
0.996692
0.985056
-0.168784
0.0343161
0.171118
0.98171
-0.0834554
-0.0196025
0.0880803
0.99592
0.983679
-0.177298
0.0306748
0.179452
0.97914
-0.0953004
-0.0131383
0.0992496
0.994976
0.983319
-0.17957
0.0289498
0.181604
0.978168
-0.101027
-0.0101763
0.1046
0.994462
0.982302
-0.18523
0.0277998
0.187196
0.975907
-0.112084
-0.00636865
0.115305
0.99331
0.980954
-0.192583
0.025308
0.194234
0.973483
-0.120849
-0.00136332
0.123463
0.992348
0.979677
-0.19917
0.0237745
0.200569
0.971246
-0.128272
0.00245698
0.130433
0.991454
0.978325
-0.205546
0.0251163
0.207049
0.969088
-0.134158
0.00323575
0.136451
0.990642
0.976732
-0.212653
0.0277998
0.214444
0.966701
-0.139655
0.002824
0.142367
0.98981
0.975727
-0.217339
0.0268414
0.218893
0.964284
-0.149142
0.00653158
0.151397
0.988451
0.975523
-0.218275
0.0266498
0.219701
0.962368
-0.159937
0.00926344
0.161877
0.986767
0.976306
-0.215307
0.0216658
0.21561
0.959358
-0.182055
0.0184124
0.182412
0.98305
0.976922
-0.213087
0.014764
0.211607
0.956089
-0.202773
0.0290925
0.201217
0.979115
0.976996
-0.213103
0.00805331
0.209686
0.953078
-0.218346
0.0388548
0.215012
0.975838
0.976633
-0.21479
0.00728634
0.210677
0.95013
-0.229933
0.0424643
0.226095
0.973179
0.97613
-0.217036
0.00805331
0.212637
0.947482
-0.238878
0.0442147
0.234889
0.971016
0.97626
-0.216475
0.00747809
0.211502
0.945246
-0.248549
0.0467361
0.24423
0.96859
0.976478
-0.215542
0.0057524
0.209725
0.943256
-0.257456
0.0500665
0.252607
0.966273
0.976525
-0.215356
0.00460193
0.208725
0.940746
-0.267264
0.0532276
0.261951
0.963612
0.976699
-0.214609
0.00153398
0.206478
0.937699
-0.27944
0.0585318
0.273246
0.960162
0.976823
-0.214047
0.000191748
0.205027
0.9354
-0.288082
0.0614837
0.281445
0.957606
0.976905
-0.213672
-0
0.204268
0.933911
-0.293402
0.062692
0.286626
0.955989
0.976741
-0.214422
-0.000191748
0.20476
0.932993
-0.295968
0.0636407
0.289045
0.955198
0.976287
-0.216481
0.000191748
0.20685
0.93259
-0.295785
0.063853
0.28881
0.955255
0.976079
-0.217417
0.00076699
0.207971
0.932631
-0.294869
0.0633941
0.287974
0.955538
0.975994
-0.217791
0.00153398
0.208693
0.933162
-0.292669
0.0623092
0.285963
0.956213
0.975566
-0.21966
0.00460193
0.2117
0.934196
-0.287161
0.0587787
0.281118
0.957871
0.975352
-0.220595
0.00517716
0.212824
0.934279
-0.286058
0.0582659
0.280109
0.958198
0.974878
-0.22265
0.00632763
0.215203
0.934183
-0.284586
0.0574518
0.278798
0.95863
0.974748
-0.22321
0.00651937
0.215827
0.934208
-0.284034
0.0573089
0.278269
0.958792
0.974489
-0.224331
0.00690286
0.217084
0.934307
-0.282746
0.0569793
0.277031
0.95917
0.974055
-0.226199
0.0070946
0.218961
0.934036
-0.282194
0.0572053
0.276426
0.959331
0.973922
-0.226759
0.00747809
0.219691
0.934308
-0.280721
0.0566691
0.275043
0.95976
0.973616
-0.228065
0.00766983
0.221127
0.93463
-0.278511
0.0563504
0.272859
0.960402
0.972852
-0.23084
0.0164895
0.226519
0.935194
-0.272215
0.0474173
0.26856
0.962095
0.973835
-0.227132
0.00747809
0.220383
0.935842
-0.275011
0.0554656
0.269464
0.961412
0.973613
-0.228065
0.00805331
0.221434
0.935594
-0.27501
0.0551854
0.269536
0.961408
0.973345
-0.229184
0.00862854
0.222696
0.935458
-0.274455
0.0548291
0.269061
0.961561
0.97326
-0.229558
0.00824505
0.222962
0.935448
-0.274272
0.0552484
0.268776
0.961617
0.972803
-0.23142
0.00997071
0.225175
0.934702
-0.275005
0.054322
0.269771
0.961391
0.972484
-0.232723
0.0107377
0.226572
0.934039
-0.276109
0.0542276
0.270944
0.961066
0.971919
-0.234954
0.0130385
0.229124
0.932266
-0.279969
0.0536245
0.275094
0.959921
0.971013
-0.23868
0.0128467
0.231921
0.927785
-0.292278
0.057842
0.286786
0.956247
0.970416
-0.240902
0.0161061
0.234787
0.926022
-0.295563
0.0562872
0.290601
0.955188
0.9695
-0.244231
0.0205156
0.23864
0.92159
-0.306143
0.0558625
0.301701
0.951765
0.969253
-0.24575
0.0124633
0.23676
0.917603
-0.319296
0.0670306
0.312429
0.947573
0.96794
-0.250758
0.0145723
0.242236
0.916555
-0.318196
0.0664338
0.311525
0.947913
0.967012
-0.25428
0.0151475
0.245955
0.916571
-0.315284
0.0662867
0.308609
0.948877
0.966504
-0.256526
0.00805331
0.245845
0.916341
-0.316037
0.0736921
0.307431
0.948713
0.965608
-0.259859
0.00862854
0.248895
0.914254
-0.319672
0.0751809
0.310825
0.947489
0.96373
-0.2667
0.00977897
0.255774
0.912546
-0.319123
0.0761864
0.31005
0.947663
0.962652
-0.27038
0.0139971
0.260889
0.912556
-0.314925
0.0723764
0.306815
0.949013
0.961913
-0.272762
0.0180233
0.264843
0.913602
-0.308529
0.0676888
0.301552
0.951044
0.961067
-0.275511
0.0210907
0.268827
0.914639
-0.301939
0.063897
0.295853
0.953094
0.960199
-0.277854
0.0285665
0.27389
0.916538
-0.29145
0.0547981
0.287674
0.95616
0.959867
-0.278556
0.0325913
0.276011
0.917646
-0.28591
0.0497345
0.283431
0.957702
0.959395
-0.280614
0.0285665
0.277405
0.920363
-0.275644
0.051058
0.272376
0.960835
0.959492
-0.280842
0.0224326
0.276206
0.921969
-0.271446
0.0555513
0.266646
0.962192
0.958731
-0.284016
0.0130385
0.277061
0.922993
-0.26706
0.0638147
0.259651
0.963592
0.958575
-0.284769
0.00632763
0.276357
0.924419
-0.262825
0.068995
0.253686
0.964823
0.958375
-0.28551
0.00134223
0.27605
0.925398
-0.259683
0.0729
0.249244
0.965693
0.958266
-0.285878
-0.00076699
0.276165
0.926395
-0.255978
0.0738889
0.245083
0.966682
0.958101
-0.286429
-0
0.277082
0.926835
-0.253382
0.072576
0.242766
0.967366
0.958593
-0.284775
-0.00172573
0.275385
0.928497
-0.249113
0.0725434
0.238323
0.968473
0.958523
-0.284954
-0.00594414
0.27492
0.929869
-0.244464
0.0751881
0.23269
0.96964
0.958055
-0.286215
-0.0145723
0.274872
0.932097
-0.235881
0.0810954
0.221981
0.971673
0.957503
-0.287651
-0.0210907
0.275737
0.934386
-0.225594
0.0845992
0.210192
0.973993
0.956853
-0.289257
-0.0276081
0.276937
0.936592
-0.214714
0.0879651
0.197804
0.976287
0.955853
-0.291557
-0.0366156
0.278516
0.938645
-0.203409
0.0936744
0.184231
0.978409
0.955076
-0.293122
-0.0437045
0.279895
0.940618
-0.192085
0.0974136
0.171223
0.980405
0.954389
-0.294314
-0.0502167
0.281309
0.942767
-0.179042
0.100037
0.156749
0.982559
0.953345
-0.296396
-0.0573011
0.283098
0.943679
-0.171247
0.104831
0.147035
0.98356
0.952295
-0.298474
-0.0636172
0.285638
0.945133
-0.158536
0.107446
0.132802
0.985302
0.951643
-0.298871
-0.0710784
0.286329
0.94674
-0.147305
0.111318
0.11983
0.986534
0.950859
-0.300428
-0.0749031
0.288557
0.947549
-0.137423
0.11226
0.109056
0.987676
0.949924
-0.301536
-0.0819759
0.290184
0.948567
-0.126549
0.115919
0.0964242
0.988567
0.949306
-0.302743
-0.084651
0.291878
0.948864
-0.120265
0.116732
0.08946
0.989126
0.948704
-0.304356
-0.0856063
0.294167
0.948954
-0.113804
0.115873
0.0827839
0.989808
0.9487
-0.304154
-0.0863704
0.294831
0.949672
-0.105822
0.11421
0.0749288
0.990627
0.949176
-0.302501
-0.0869435
0.294112
0.950809
-0.0972658
0.11209
0.0667512
0.991454
0.949286
-0.301934
-0.0877076
0.294393
0.951506
-0.0892721
0.110409
0.0589243
0.992138
0.949674
-0.300655
-0.0878986
0.293331
0.952028
-0.0871778
0.109892
0.0570071
0.992307
0.949914
-0.299329
-0.0898085
0.291679
0.952361
-0.0890651
0.11219
0.058409
0.991969
0.949676
-0.299854
-0.0905723
0.29201
0.952134
-0.0903902
0.113341
0.0593934
0.991779
0.949618
-0.300036
-0.0905723
0.292149
0.952056
-0.0907706
0.113464
0.0597368
0.991745
0.949406
-0.302374
-0.0848421
0.29494
0.951281
-0.0898652
0.107881
0.0602953
0.992334
0.949202
-0.302309
-0.0873255
0.294408
0.951173
-0.092699
0.111085
0.0622807
0.991857
0.949275
-0.302733
-0.0850331
0.294976
0.950996
-0.0927175
0.108935
0.0629316
0.992055
0.947138
-0.310477
-0.0808292
0.302774
0.948332
-0.094843
0.106099
0.0653565
0.992205
0.943413
-0.322736
-0.0762415
0.31489
0.943924
-0.0992539
0.103999
0.0696298
0.992137
0.939106
-0.33683
-0.0680178
0.329525
0.938869
-0.0996938
0.0974397
0.0712094
0.992691
0.934549
-0.350444
-0.0617035
0.343565
0.933798
-0.0999252
0.0926368
0.0721858
0.99308
0.930665
-0.361049
-0.0592153
0.354548
0.929924
-0.0976547
0.0903239
0.0698891
0.993457
0.925756
-0.373929
-0.0561525
0.368736
0.925649
-0.084899
0.0837237
0.0578903
0.994806
0.922258
-0.382219
-0.0578754
0.377968
0.922977
-0.0724867
0.0811234
0.0449763
0.995689
0.919279
-0.388649
-0.0622776
0.385108
0.920802
-0.0617747
0.0813541
0.0328046
0.996145
0.916171
-0.395645
-0.0639999
0.392947
0.918153
-0.0508782
0.0788914
0.0214646
0.996652
0.914544
-0.399111
-0.065722
0.396826
0.916774
-0.0453303
0.078344
0.0153764
0.996808
0.911464
-0.405908
-0.06687
0.40428
0.91389
-0.036916
0.0760963
0.00661347
0.997079
0.908828
-0.412695
-0.060938
0.411774
0.910869
-0.0275568
0.0668791
-4.82464e-05
0.997761
0.90449
-0.423344
-0.0517487
0.423122
0.905937
-0.0157016
0.0535282
-0.00769411
0.998537
0.900034
-0.434375
-0.0354659
0.434649
0.9006
0
0.0319406
-0.0154152
0.999371
0.89908
-0.436468
-0.0339328
0.436737
0.899589
0.000574911
0.0302746
-0.0153366
0.999424
0.898426
-0.437855
-0.0333579
0.438133
0.898909
0.00114985
0.0294823
-0.0156483
0.999443
0.897686
-0.439414
-0.032783
0.439733
0.898124
0.00287466
0.02818
-0.0169963
0.999458
0.897045
-0.440806
-0.0316331
0.441158
0.897417
0.00479127
0.026276
-0.0182532
0.999488
0.895033
-0.444943
-0.0306748
0.445418
0.895261
0.010541
0.0227718
-0.0230976
0.999474
0.89368
-0.447695
-0.0300998
0.448227
0.893813
0.0137991
0.0207258
-0.0258235
0.999452
0.892433
-0.450286
-0.0283748
0.450883
0.89236
0.0199324
0.0163453
-0.0305821
0.999399
0.892443
-0.450291
-0.0279915
0.4509
0.892316
0.0214657
0.0153115
-0.0317783
0.999378
0.894652
-0.445824
-0.0289498
0.446283
0.894815
0.0116914
0.0206924
-0.0233796
0.999512
0.89589
-0.443229
-0.0304831
0.443408
0.896319
-0.000958292
0.0277474
-0.012658
0.999535
0.897411
-0.439919
-0.0335495
0.439646
0.898037
-0.0155222
0.0369572
-0.000820122
0.999316
0.897878
-0.438654
-0.0373821
0.437697
0.89858
-0.0312279
0.047289
0.0116769
0.998813
0.898316
-0.437589
-0.0392981
0.43615
0.898975
-0.040225
0.05293
0.0189949
0.998418
0.898872
-0.436581
-0.0377653
0.434794
0.899286
-0.0473102
0.0546165
0.0261057
0.998166
0.899804
-0.43469
-0.0373821
0.43244
0.899939
-0.0557306
0.0578671
0.0339811
0.997746
0.900729
-0.432583
-0.0394897
0.429707
0.900647
-0.0647148
0.0635608
0.0413215
0.997122
0.901378
-0.431195
-0.0398729
0.427566
0.900801
-0.0757988
0.0686016
0.051275
0.996326
0.902112
-0.429847
-0.0377653
0.425669
0.900844
-0.0853543
0.0707099
0.0609236
0.995635
0.902359
-0.429328
-0.0377653
0.424425
0.900436
-0.0952772
0.0749104
0.0699457
0.994734
0.902979
-0.428137
-0.036424
0.422799
0.900427
-0.102337
0.0766115
0.0770083
0.994083
0.903572
-0.426934
-0.0358491
0.421259
0.900571
-0.107294
0.0780921
0.0818461
0.993581
0.903937
-0.426046
-0.0371905
0.420097
0.900863
-0.109384
0.0801062
0.0832527
0.993304
0.904772
-0.423687
-0.0433214
0.417095
0.902051
-0.111071
0.0861373
0.0824245
0.992868
0.905037
-0.422754
-0.0467693
0.41612
0.902827
-0.108388
0.0880461
0.0786336
0.993008
0.905703
-0.420951
-0.0500252
0.413998
0.903712
-0.109132
0.0911478
0.0781312
0.992768
0.907472
-0.416495
-0.0550038
0.409057
0.905825
-0.110246
0.0957406
0.0775452
0.992381
0.908067
-0.414452
-0.0603638
0.406336
0.906725
-0.112874
0.101514
0.0779694
0.991774
0.908506
-0.412549
-0.0664873
0.403511
0.907462
-0.117011
0.108608
0.0794771
0.990903
0.909395
-0.410012
-0.0699307
0.400961
0.908886
-0.114704
0.110589
0.0762717
0.990935
0.910618
-0.406368
-0.0750943
0.396953
0.910673
-0.114471
0.114904
0.0744303
0.990584
0.911464
-0.403815
-0.0785356
0.394078
0.911853
-0.11501
0.118056
0.0738783
0.990255
0.913197
-0.399149
-0.082167
0.389189
0.914002
-0.114597
0.120842
0.0726708
0.990008
0.914789
-0.39484
-0.0852242
0.384419
0.915783
-0.116465
0.124032
0.0737788
0.989532
0.916765
-0.389245
-0.0896175
0.37793
0.917922
-0.120781
0.129275
0.0768585
0.988626
0.916985
-0.385402
-0.102977
0.371412
0.919014
-0.132164
0.145574
0.0829455
0.985864
0.917039
-0.385424
-0.102405
0.371454
0.918968
-0.132361
0.145122
0.0833414
0.985897
0.91635
-0.387411
-0.10107
0.373583
0.918129
-0.13219
0.144007
0.0833744
0.986058
0.916142
-0.388151
-0.100116
0.374459
0.917825
-0.131825
0.143057
0.0832808
0.986204
0.916343
-0.387822
-0.0995436
0.374259
0.917987
-0.131265
0.142287
0.0830287
0.986337
0.917721
-0.386125
-0.0932454
0.373504
0.918711
-0.128317
0.135212
0.0829317
0.98734
0.920142
-0.381549
-0.0880896
0.369406
0.92041
-0.127999
0.129916
0.085236
0.987855
0.922992
-0.373636
-0.0920999
0.360509
0.92327
-0.132684
0.134609
0.0892636
0.98687
0.924511
-0.367459
-0.101261
0.352617
0.925416
-0.138802
0.144712
0.0926177
0.98513
0.926934
-0.358375
-0.111175
0.342322
0.929012
-0.140541
0.153649
0.0922145
0.983813
0.928216
-0.351525
-0.12184
0.333895
0.931555
-0.143943
0.1641
0.0929283
0.982057
0.929068
-0.347779
-0.126026
0.329268
0.932773
-0.146689
0.168569
0.0947882
0.981122
0.929506
-0.344696
-0.13116
0.325127
0.933732
-0.149786
0.174099
0.0965836
0.97998
0.92944
-0.344874
-0.13116
0.32534
0.933689
-0.149598
0.174055
0.0963712
0.980009
0.92944
-0.344874
-0.13116
0.325306
0.93367
-0.149786
0.174117
0.0965502
0.97998
0.929265
-0.345418
-0.13097
0.32597
0.933528
-0.149226
0.173809
0.0959785
0.980091
0.929515
-0.345105
-0.130019
0.32611
0.933805
-0.147177
0.172204
0.0944029
0.980527
0.92967
-0.344757
-0.129829
0.325713
0.933883
-0.147557
0.172117
0.0948924
0.980495
0.929737
-0.344579
-0.129829
0.325567
0.933964
-0.147369
0.172036
0.0947463
0.980524
0.931782
-0.3429
-0.119175
0.325367
0.934444
-0.144743
0.160995
0.0960934
0.982266
0.934162
-0.335057
-0.122791
0.315987
0.936567
-0.151641
0.165811
0.102857
0.980779
0.935813
-0.328981
-0.126596
0.308137
0.937883
-0.159458
0.171191
0.110213
0.979054
0.937905
-0.323264
-0.125835
0.301379
0.938969
-0.165853
0.17177
0.11763
0.978089
0.940106
-0.317181
-0.124884
0.29389
0.939777
-0.174495
0.17271
0.127342
0.976706
0.942365
-0.311315
-0.122601
0.287469
0.940836
-0.179414
0.171202
0.133829
0.976104
0.942585
-0.305985
-0.133821
0.27874
0.941501
-0.18942
0.183952
0.141243
0.972734
0.943062
-0.304342
-0.134201
0.276975
0.941948
-0.189783
0.184169
0.141807
0.972611
0.943013
-0.304326
-0.134581
0.2768
0.941889
-0.190333
0.184683
0.142235
0.972451
0.942612
-0.309193
-0.126026
0.283077
0.940204
-0.189429
0.17706
0.142883
0.973773
0.942318
-0.315514
-0.111747
0.291584
0.937724
-0.18882
0.164363
0.145345
0.975633
0.942341
-0.318539
-0.102596
0.295507
0.935924
-0.191628
0.157063
0.150262
0.976091
0.942149
-0.320891
-0.0968721
0.298411
0.934594
-0.193611
0.152664
0.153503
0.976284
0.942639
-0.320857
-0.0920999
0.298968
0.934203
-0.194636
0.14849
0.155936
0.976542
0.942056
-0.32207
-0.0938181
0.299442
0.933429
-0.197599
0.151213
0.158056
0.975783
0.940916
-0.325109
-0.0947726
0.302157
0.932359
-0.198516
0.152902
0.158151
0.975505
0.940044
-0.327231
-0.0961087
0.303991
0.931688
-0.198865
0.154618
0.157725
0.975303
0.939539
-0.330088
-0.0911452
0.308551
0.931468
-0.19278
0.148533
0.153001
0.977
0.938553
-0.332778
-0.0915271
0.312098
0.931547
-0.186587
0.147354
0.146557
0.978166
0.937623
-0.335284
-0.091909
0.315545
0.931716
-0.179824
0.145925
0.139606
0.979396
0.936718
-0.337596
-0.0926727
0.31891
0.932062
-0.171919
0.144416
0.131485
0.980742
0.935987
-0.339565
-0.0928636
0.322191
0.93259
-0.162694
0.141849
0.12236
0.982297
0.935022
-0.342058
-0.0934363
0.325744
0.932704
-0.15477
0.140089
0.114277
0.983522
0.933916
-0.344702
-0.0947726
0.329281
0.932657
-0.147392
0.139197
0.106445
0.984527
0.933617
-0.345406
-0.0951544
0.330925
0.933154
-0.140398
0.137288
0.0995889
0.985512
0.933433
-0.345745
-0.095727
0.331708
0.933411
-0.136799
0.13665
0.0959394
0.985963
0.932777
-0.346926
-0.0978263
0.333351
0.93351
-0.132044
0.137131
0.0905571
0.986405
0.931891
-0.348429
-0.100879
0.33517
0.933444
-0.127843
0.138709
0.0853237
0.986651
0.931277
-0.349625
-0.102405
0.337199
0.933624
-0.12101
0.137916
0.0781627
0.987355
0.930433
-0.351753
-0.102787
0.340537
0.933524
-0.112102
0.135386
0.0693012
0.988366
0.929107
-0.354513
-0.105266
0.344134
0.933046
-0.104871
0.135396
0.0612104
0.988899
0.927901
-0.357318
-0.10641
0.347997
0.932495
-0.0967016
0.13378
0.0526992
0.989609
0.926517
-0.360666
-0.107172
0.352548
0.931686
-0.0875822
0.131439
0.043363
0.990375
0.925286
-0.36387
-0.106982
0.35707
0.93084
-0.0777047
0.127857
0.0336991
0.99122
0.92464
-0.366279
-0.104312
0.361002
0.930204
-0.0663149
0.121322
0.0236604
0.992331
0.923441
-0.367855
-0.109269
0.363434
0.929771
-0.0586705
0.123178
0.0144666
0.992279
0.921768
-0.37129
-0.111747
0.367695
0.928492
-0.0519955
0.123061
0.00683903
0.992376
0.920231
-0.374162
-0.114795
0.371267
0.927363
-0.0464602
0.12384
0.000134563
0.992302
0.918904
-0.377118
-0.115747
0.375355
0.926122
-0.0375115
0.121342
-0.00897689
0.99257
0.918045
-0.378618
-0.117652
0.377518
0.925436
-0.032365
0.121133
-0.0147032
0.992527
0.917015
-0.38087
-0.118413
0.380335
0.924425
-0.0279849
0.120123
-0.0193741
0.99257
0.917171
-0.380729
-0.117652
0.380993
0.924337
-0.0211346
0.116796
-0.0254404
0.99283
0.918316
-0.37626
-0.122982
0.376677
0.926113
-0.0207403
0.121699
-0.0272781
0.992192
0.920156
-0.368387
-0.13268
0.368665
0.929268
-0.0233743
0.131907
-0.0274067
0.990883
0.921843
-0.359254
-0.145403
0.358815
0.932922
-0.0301592
0.146484
-0.0243705
0.988913
0.922908
-0.353567
-0.152418
0.3528
0.935118
-0.0329681
0.154185
-0.0233466
0.987766
0.924589
-0.348733
-0.153366
0.348133
0.936911
-0.0316376
0.154723
-0.0241398
0.987663
0.924831
-0.345183
-0.159805
0.344549
0.938204
-0.0325508
0.161165
-0.0249566
0.986612
0.926
-0.342386
-0.159047
0.342854
0.939046
-0.0253643
0.158037
-0.0310426
0.986945
0.927517
-0.339313
-0.156775
0.340053
0.940127
-0.0229125
0.155163
-0.0320602
0.987369
0.929236
-0.332687
-0.160751
0.332609
0.942643
-0.028195
0.160911
-0.0272675
0.986592
0.930121
-0.327381
-0.166426
0.326847
0.944556
-0.0313809
0.167472
-0.0252077
0.985555
0.929481
-0.324754
-0.174928
0.32482
0.945329
-0.0290696
0.174805
-0.0298004
0.984152
0.928401
-0.330983
-0.168883
0.332821
0.942815
-0.0181423
0.165231
-0.0393646
0.985469
0.927367
-0.33946
-0.157343
0.343286
0.939226
-0.00302974
0.14881
-0.0512042
0.987539
0.927472
-0.34192
-0.151281
0.34706
0.937808
0.00815016
0.139086
-0.0600626
0.988457
0.927521
-0.345984
-0.141418
0.351244
0.93619
0.013287
0.127797
-0.061996
0.989861
0.927718
-0.347883
-0.135341
0.353432
0.935275
0.0186173
0.120104
-0.0651054
0.990624
0.92789
-0.349165
-0.13078
0.355758
0.934089
0.0302213
0.111608
-0.074568
0.990951
0.930732
-0.342311
-0.128688
0.34962
0.936096
0.0385914
0.107254
-0.0809102
0.990934
0.932062
-0.33713
-0.13268
0.344821
0.937844
0.0393305
0.111174
-0.0824094
0.990378
0.932523
-0.336893
-0.130019
0.344652
0.93779
0.0420039
0.10778
-0.083981
0.990621
0.933692
-0.33408
-0.128878
0.341932
0.938698
0.0439099
0.106308
-0.0850661
0.990688
0.935152
-0.330563
-0.127357
0.338408
0.939911
0.0452486
0.104747
-0.0854129
0.990824
0.935728
-0.325327
-0.136291
0.33344
0.941879
0.0410193
0.115024
-0.0838276
0.989819
0.935435
-0.327035
-0.134201
0.334874
0.94141
0.0400818
0.11323
-0.0824343
0.990143
0.934272
-0.33126
-0.13192
0.339796
0.93928
0.0478795
0.108049
-0.0895584
0.990103
0.933452
-0.333187
-0.13287
0.342419
0.93803
0.0533775
0.106852
-0.0953227
0.989695
0.932819
-0.335181
-0.1323
0.344873
0.936848
0.0581256
0.104463
-0.0998474
0.989504
0.930017
-0.342656
-0.13287
0.352056
0.93439
0.0545161
0.105473
-0.0974787
0.989633
0.926097
-0.354382
-0.129449
0.362712
0.930718
0.0469456
0.103844
-0.0904289
0.990474
0.923693
-0.363243
-0.12184
0.370501
0.927854
0.0426184
0.0975686
-0.084508
0.991634
0.921436
-0.36849
-0.123172
0.375217
0.926239
0.0359565
0.100837
-0.0793478
0.991734
0.918595
-0.37514
-0.124314
0.381662
0.923723
0.0327188
0.102557
-0.0775011
0.991703
0.914948
-0.384133
-0.123743
0.390367
0.920175
0.0298685
0.102391
-0.0756331
0.991865
0.911793
-0.391682
-0.123362
0.397774
0.917045
0.0283483
0.102025
-0.074918
0.991957
0.90747
-0.401421
-0.123933
0.407476
0.912816
0.0270149
0.102284
-0.0750149
0.991923
0.904456
-0.407993
-0.124504
0.414189
0.909773
0.0275835
0.102016
-0.0765161
0.991836
0.899863
-0.417398
-0.126596
0.423951
0.905224
0.028907
0.102532
-0.079683
0.991533
0.897845
-0.419604
-0.133441
0.426796
0.903868
0.0294507
0.108255
-0.0833941
0.990619
0.89537
-0.424319
-0.135151
0.432656
0.900742
0.038368
0.105456
-0.0928274
0.990082
0.893393
-0.42906
-0.133251
0.437873
0.897937
0.0444539
0.100577
-0.0980616
0.990085
0.892922
-0.430099
-0.133061
0.439223
0.897112
0.0476823
0.0988621
-0.10102
0.98996
0.892955
-0.430959
-0.130019
0.440108
0.896489
0.0511196
0.0945303
-0.10287
0.990193
0.892918
-0.431152
-0.129639
0.439168
0.897518
0.0399164
0.0991432
-0.0925754
0.990757
0.891101
-0.437249
-0.121459
0.443242
0.896017
0.0262622
0.0973463
-0.077238
0.992249
0.891174
-0.439195
-0.113652
0.444058
0.895766
0.0203826
0.0928537
-0.0686325
0.993312
0.890686
-0.441292
-0.109269
0.445047
0.895434
0.0114357
0.0927969
-0.0588156
0.993946
0.89117
-0.441106
-0.106028
0.44427
0.895865
0.00705461
0.0918754
-0.0533921
0.994338
0.891163
-0.44089
-0.106982
0.443871
0.896079
0.00457552
0.0938468
-0.0515637
0.99425
0.891427
-0.44017
-0.107744
0.443078
0.896476
0.00343136
0.0950799
-0.050798
0.994173
0.890975
-0.441223
-0.107172
0.444252
0.895888
0.0049567
0.0938275
-0.0520278
0.994228
0.89077
-0.442185
-0.104884
0.445397
0.895296
0.00819958
0.0902768
-0.0540191
0.994451
0.890581
-0.443582
-0.100498
0.446861
0.894528
0.0116371
0.0847358
-0.0552722
0.994869
0.889767
-0.446589
-0.0941999
0.448241
0.893904
-0.00400878
0.085996
-0.0386574
0.995545
0.889319
-0.448073
-0.0913361
0.448565
0.893603
-0.0162297
0.0888903
-0.0265368
0.995688
0.888084
-0.452587
-0.080447
0.451842
0.891649
-0.0282829
0.084531
-0.0112318
0.996358
0.887939
-0.453372
-0.0775797
0.451592
0.891321
-0.0401348
0.0873445
0.000602851
0.996178
0.887413
-0.455251
-0.0724171
0.452787
0.890306
-0.0483658
0.086492
0.0101309
0.996201
0.887285
-0.45583
-0.0703133
0.452996
0.889938
-0.0529577
0.0867142
0.015137
0.996118
0.887158
-0.456195
-0.0695482
0.453174
0.889708
-0.0552526
0.0870835
0.0175003
0.996047
0.886982
-0.456965
-0.0666787
0.453835
0.88925
-0.0571736
0.0854203
0.0204509
0.996135
0.887222
-0.456442
-0.0670613
0.453188
0.889493
-0.0585091
0.0863566
0.0215192
0.996032
0.887083
-0.456371
-0.0693569
0.453187
0.889581
-0.0571631
0.0877862
0.0192768
0.995953
0.886989
-0.456753
-0.0680178
0.453811
0.889419
-0.0546854
0.0854741
0.0176381
0.996184
0.886738
-0.457269
-0.0678265
0.454397
0.889166
-0.053922
0.0849659
0.0169946
0.996239
0.886609
-0.457633
-0.0670613
0.454935
0.889004
-0.0520143
0.0834212
0.0156078
0.996392
0.886467
-0.457991
-0.0664873
0.455414
0.888836
-0.0506789
0.0823068
0.0146459
0.996499
0.886227
-0.458728
-0.064574
0.456457
0.88849
-0.0472451
0.079046
0.0123947
0.996794
0.886392
-0.458383
-0.0647653
0.456139
0.888674
-0.0468623
0.0790361
0.0119964
0.9968
0.88648
-0.458213
-0.0647653
0.455953
0.888759
-0.0470534
0.0791212
0.012182
0.996791
0.886458
-0.458416
-0.0636172
0.456231
0.888656
-0.0462923
0.077755
0.012012
0.9969
0.886556
-0.458252
-0.0634259
0.456084
0.888742
-0.0461017
0.0774954
0.0119443
0.996921
0.886982
-0.457611
-0.0620863
0.455442
0.889061
-0.0462968
0.0763844
0.0127877
0.996996
0.888492
-0.454299
-0.0647653
0.451983
0.890754
-0.0476268
0.0793268
0.0130432
0.996763
0.889151
-0.452702
-0.06687
0.450785
0.891631
-0.0422687
0.0787585
0.00743927
0.996866
0.888925
-0.45323
-0.066296
0.451719
0.891388
-0.0371086
0.0759142
0.00303962
0.99711
0.889261
-0.452543
-0.0664873
0.451543
0.891737
-0.0302245
0.0729671
-0.00314448
0.997329
0.889336
-0.452366
-0.0666787
0.451955
0.89177
-0.0220001
0.0694141
-0.0105702
0.997532
0.889076
-0.452878
-0.0666787
0.452626
0.891483
-0.0197048
0.0683667
-0.0126615
0.99758
0.888607
-0.453713
-0.0672526
0.453667
0.891012
-0.0168348
0.0675611
-0.0155508
0.997594
0.887921
-0.455081
-0.0670613
0.455139
0.890289
-0.0153047
0.0666688
-0.0169328
0.997631
0.887389
-0.456313
-0.065722
0.456562
0.88961
-0.0120537
0.0639672
-0.0193099
0.997765
0.887029
-0.457204
-0.0643826
0.457549
0.889127
-0.0101414
0.061881
-0.0204625
0.997874
0.887224
-0.457089
-0.062469
0.457567
0.889145
-0.00727211
0.058868
-0.0221318
0.99802
0.888627
-0.455013
-0.0574926
0.45534
0.890282
-0.00803999
0.0548429
-0.0190341
0.998314
0.891096
-0.450898
-0.0513657
0.450927
0.892484
-0.0116809
0.05111
-0.0127534
0.998612
0.894048
-0.445523
-0.0467693
0.445307
0.895243
-0.0155139
0.0487818
-0.00695651
0.998785
0.896337
-0.441099
-0.0448539
0.440653
0.897456
-0.0199204
0.0490413
-0.00190965
0.998795
0.897918
-0.438247
-0.0410225
0.437506
0.898838
-0.0260528
0.0482901
0.00544568
0.998819
0.899828
-0.434489
-0.0391065
0.433376
0.900575
-0.0339069
0.0499505
0.0135625
0.99866
0.899894
-0.435159
-0.0287582
0.433877
0.900003
-0.0417715
0.0440597
0.0251124
0.998713
0.902583
-0.430071
-0.019557
0.428821
0.902129
-0.0477179
0.038165
0.0346829
0.998669
0.903931
-0.427528
-0.0113129
0.426253
0.902763
-0.0576803
0.0348728
0.0473169
0.998271
0.905533
-0.424255
-0.00421843
0.422901
0.903354
-0.0714603
0.0341281
0.0629256
0.997435
0.907242
-0.420609
0.000191748
0.419114
0.903979
-0.084651
0.0354316
0.0768793
0.996411
0.90948
-0.415729
0.00383494
0.413993
0.904758
-0.100115
0.0381511
0.0926405
0.994968
0.911525
-0.411182
0.0070946
0.40931
0.905432
-0.112506
0.0398368
0.105456
0.993626
0.91346
-0.406797
0.0103542
0.404917
0.906123
-0.122404
0.0404114
0.116004
0.992426
0.914978
-0.403275
0.0136137
0.401238
0.905751
-0.136468
0.0427035
0.130327
0.990551
0.917019
-0.398518
0.0161061
0.396321
0.905943
-0.148987
0.0447827
0.143007
0.988708
0.918863
-0.394093
0.019557
0.391923
0.905817
-0.160909
0.0456982
0.155518
0.986775
0.919941
-0.391426
0.0222409
0.389066
0.904457
-0.174885
0.0483385
0.169537
0.984338
0.922345
-0.385575
0.0247329
0.383041
0.904148
-0.189199
0.0505882
0.183981
0.981627
0.923722
-0.381996
0.0285665
0.37975
0.9034
-0.199145
0.0502655
0.194803
0.979554
0.924417
-0.380209
0.0299082
0.377659
0.901638
-0.210767
0.0531693
0.206132
0.977079
0.925941
-0.376277
0.0323997
0.373728
0.900539
-0.222164
0.054418
0.217819
0.974471
0.926936
-0.373785
0.032783
0.370924
0.899635
-0.230375
0.0566179
0.225702
0.97255
0.927916
-0.371081
0.0356575
0.368573
0.898864
-0.237059
0.0559169
0.233113
0.970841
0.927922
-0.370877
0.0375737
0.36858
0.897726
-0.241321
0.0557697
0.237776
0.969718
0.928654
-0.3689
0.0389149
0.366734
0.897276
-0.245769
0.0557467
0.242506
0.968547
0.928766
-0.368326
0.0415972
0.36654
0.895923
-0.250938
0.0551591
0.24831
0.967109
0.929222
-0.367064
0.0425551
0.365362
0.895414
-0.25445
0.0552949
0.251988
0.966149
0.929393
-0.366308
0.045237
0.365044
0.894171
-0.259232
0.0545094
0.257442
0.964755
0.929364
-0.366091
0.0475355
0.365234
0.893076
-0.262717
0.0537257
0.261522
0.963701
