0.997525
-0.0683914
0.0162978
0.0147475
-0.0231121
-0.999624
0.0687423
0.997391
-0.0220463
0.997519
-0.0683909
0.0166813
0.0151432
-0.022947
-0.999622
0.0687479
0.997395
-0.0218544
0.997519
-0.0683909
0.0166813
0.0151432
-0.022947
-0.999622
0.0687479
0.997395
-0.0218544
0.997522
-0.0683911
0.0164895
0.0149519
-0.0229339
-0.999625
0.0687437
0.997395
-0.0218545
0.997493
-0.0687735
0.0166813
0.0151344
-0.0229528
-0.999622
0.0691304
0.997368
-0.0218544
0.997476
-0.0689645
0.016873
0.0153079
-0.0231602
-0.999615
0.0693287
0.99735
-0.0220461
0.99747
-0.0691562
0.0164895
0.0149077
-0.0233278
-0.999617
0.0695144
0.997333
-0.0222378
0.997463
-0.0691558
0.016873
0.0152901
-0.0233544
-0.99961
0.0695229
0.997332
-0.0222377
0.997456
-0.0693475
0.0164895
0.0149032
-0.0233307
-0.999617
0.0697056
0.99732
-0.0222378
0.997451
-0.0697315
0.0151475
0.0135558
-0.0232428
-0.999638
0.0700583
0.997295
-0.0222383
0.997992
-0.0632341
0.0036432
0.00264124
-0.0159215
-0.99987
0.0632838
0.997872
-0.0157225
0.998131
-0.0609373
0.00460193
0.00446483
-0.00238572
-0.999987
0.0609475
0.998139
-0.00210919
0.998234
-0.0590226
0.00671112
0.007118
0.00668616
-0.999952
0.0589749
0.998234
0.00709448
0.998387
-0.0567266
0.00249272
0.00307593
0.0101961
-0.999943
0.056698
0.998338
0.0103541
0.998437
-0.0557692
0.0036432
0.00432163
0.0120493
-0.999918
0.0557208
0.998371
0.0122714
0.998421
-0.0559604
0.00479367
0.00547253
0.0119841
-0.999913
0.0558981
0.998361
0.0122714
0.998517
-0.0544294
0.00134223
0.00198721
0.0117974
-0.999928
0.0544096
0.998448
0.0118881
0.998564
-0.0532798
0.00556065
0.00624698
0.0127237
-0.9999
0.0532037
0.998499
0.0130383
0.998563
-0.0532797
0.0057524
0.00644864
0.012905
-0.999896
0.0531999
0.998496
0.01323
0.998444
-0.0550015
0.00920375
0.00997986
0.0138527
-0.999854
0.0548659
0.99839
0.01438
0.997966
-0.060159
0.0210907
0.0219386
0.0134684
-0.999669
0.059855
0.998098
0.0147608
0.997389
-0.0687663
0.0220492
0.0223264
0.00326576
-0.999745
0.0686768
0.997627
0.00479254
0.996849
-0.0760308
0.0226243
0.0221355
-0.00726511
-0.999729
0.0761746
0.997079
-0.00555923
0.995986
-0.0884634
0.0136137
0.0113339
-0.0262219
-0.999592
0.0887842
0.995734
-0.025114
0.995156
-0.0974364
0.0130385
0.00998121
-0.0317988
-0.999444
0.0977968
0.994734
-0.0306722
0.994861
-0.100683
0.0107377
0.00731839
-0.0342689
-0.999386
0.100989
0.994328
-0.033356
0.994896
-0.100879
0.00249272
-0.00135085
-0.0380146
-0.999276
0.100901
0.994172
-0.0379568
0.994785
-0.101831
-0.0057524
-0.00979778
-0.0392709
-0.999181
0.101522
0.994026
-0.0400638
0.994663
-0.103168
0.000958738
-0.00250815
-0.0334693
-0.999437
0.103142
0.994101
-0.0335495
0.994539
-0.104312
-0.00345145
-0.00699022
-0.0335785
-0.999412
0.104134
0.993978
-0.0341243
0.994522
-0.104503
-0.00230097
-0.00579311
-0.0331255
-0.999434
0.104367
0.993973
-0.0335494
0.994319
-0.106409
-0.00268446
-0.00621735
-0.032883
-0.99944
0.106262
0.993779
-0.0333578
0.994143
-0.107933
-0.00556065
-0.00916687
-0.0329442
-0.999415
0.107687
0.993612
-0.0337407
0.993801
-0.110596
-0.0113129
-0.0154335
-0.0364737
-0.999215
0.110097
0.993196
-0.0379545
0.994082
-0.107155
-0.0178316
-0.0221104
-0.0388768
-0.998999
0.106355
0.993482
-0.041016
0.994063
-0.106961
-0.0199404
-0.0240556
-0.037322
-0.999014
0.106111
0.993563
-0.0396734
0.994005
-0.106761
-0.0235828
-0.0277279
-0.0375096
-0.998911
0.105761
0.993577
-0.040245
0.993784
-0.107894
-0.0274165
-0.0314769
-0.0361116
-0.998852
0.10678
0.993506
-0.0392833
0.993877
-0.105977
-0.0312498
-0.0347944
-0.0317641
-0.99889
0.104866
0.993861
-0.035257
0.993886
-0.10617
-0.0302915
-0.0332229
-0.025951
-0.999111
0.10529
0.994009
-0.0293197
0.99279
-0.113568
-0.0383401
-0.0409774
-0.0209785
-0.99894
0.112644
0.993309
-0.025481
0.990585
-0.12758
-0.0496422
-0.0532758
-0.0252261
-0.998261
0.126106
0.991508
-0.0317855
0.987689
-0.141868
-0.0659134
-0.0717153
-0.0361745
-0.996769
0.139025
0.989224
-0.0459032
0.984317
-0.15954
-0.0752855
-0.0853222
-0.0570141
-0.994721
0.154405
0.985544
-0.0697322
0.982181
-0.172365
-0.0749031
-0.0890645
-0.0759386
-0.993127
0.165493
0.982102
-0.089937
0.980574
-0.181207
-0.0750943
-0.0937212
-0.0965131
-0.990909
0.172312
0.978698
-0.111621
0.979715
-0.187077
-0.0718434
-0.0945594
-0.115473
-0.988799
0.176686
0.975535
-0.130821
0.978088
-0.196699
-0.0682091
-0.0963519
-0.137253
-0.985839
0.184552
0.97081
-0.153198
0.978983
-0.197465
-0.0509827
-0.0802125
-0.142981
-0.98647
0.187504
0.969827
-0.155815
0.979323
-0.195971
-0.0502167
-0.0791441
-0.142694
-0.986598
0.186179
0.970172
-0.155253
0.979454
-0.195607
-0.0490677
-0.0779049
-0.142575
-0.986713
0.186012
0.970263
-0.154884
0.979491
-0.195614
-0.0483016
-0.0770199
-0.141979
-0.986869
0.186187
0.970349
-0.154133
0.979445
-0.195214
-0.0507912
-0.0795201
-0.142272
-0.986628
0.185378
0.970387
-0.154871
0.979157
-0.195938
-0.0534721
-0.0823329
-0.142249
-0.986401
0.185667
0.970244
-0.155416
0.978871
-0.192564
-0.068783
-0.0978468
-0.145741
-0.984472
0.179549
0.970401
-0.161503
0.979326
-0.190509
-0.0680178
-0.0984965
-0.155391
-0.98293
0.176688
0.969309
-0.170943
0.980129
-0.18852
-0.0617035
-0.0927999
-0.160862
-0.982605
0.175315
0.968805
-0.17516
0.980931
-0.185361
-0.0584497
-0.0896238
-0.164545
-0.982289
0.17246
0.968796
-0.17802
0.981202
-0.184633
-0.0561525
-0.0874742
-0.166147
-0.982214
0.172019
0.968662
-0.179174
0.981132
-0.186178
-0.0521317
-0.0847103
-0.171575
-0.981523
0.173794
0.967419
-0.184109
0.980971
-0.188292
-0.047344
-0.0820061
-0.180804
-0.980094
0.175984
0.965327
-0.192805
0.981443
-0.187603
-0.0396813
-0.0756329
-0.188567
-0.979144
0.176207
0.963975
-0.199257
0.98147
-0.187218
-0.0408309
-0.0784478
-0.198173
-0.977023
0.174824
0.962121
-0.209187
0.983033
-0.177766
-0.045237
-0.0830498
-0.211437
-0.973857
0.163553
0.96109
-0.222613
0.985981
-0.160392
-0.0460032
-0.0797916
-0.211086
-0.974205
0.146544
0.964218
-0.220925
0.988742
-0.138924
-0.0555782
-0.0832585
-0.202181
-0.975803
0.124326
0.969445
-0.211471
0.990983
-0.113939
-0.0705046
-0.0920508
-0.19657
-0.976159
0.0973637
0.973847
-0.205286
0.992522
-0.0918014
-0.080447
-0.0971746
-0.195427
-0.975892
0.0738668
0.976412
-0.202886
0.993373
-0.0644715
-0.0951544
-0.105937
-0.192393
-0.975583
0.0445902
0.979198
-0.197948
0.993627
-0.026108
-0.10965
-0.112599
-0.18561
-0.976151
0.00513311
0.982277
-0.187367
0.993175
0.00533234
-0.116509
-0.113632
-0.180824
-0.976929
-0.026277
0.983501
-0.178984
0.991157
0.0359355
-0.127737
-0.119292
-0.180312
-0.976349
-0.0581183
0.982953
-0.174431
0.988772
0.0599854
-0.13686
-0.124102
-0.180508
-0.975713
-0.0832329
0.981743
-0.171037
0.985537
0.0827756
-0.147868
-0.131242
-0.179173
-0.975024
-0.107202
0.980329
-0.165718
0.982885
0.100042
-0.154692
-0.135234
-0.178389
-0.974622
-0.125098
0.978861
-0.161807
0.97795
0.122332
-0.169261
-0.145873
-0.17987
-0.972815
-0.149452
0.976054
-0.158058
0.973574
0.138316
-0.18172
-0.155797
-0.179527
-0.971338
-0.166976
0.973981
-0.153234
0.968325
0.161334
-0.190575
-0.162962
-0.169941
-0.971887
-0.189185
0.972158
-0.138267
0.962237
0.180109
-0.204109
-0.17508
-0.164662
-0.970687
-0.208439
0.969767
-0.12691
0.953756
0.201721
-0.222841
-0.192646
-0.158858
-0.968324
-0.230731
0.966474
-0.112651
0.94747
0.222324
-0.229939
-0.199383
-0.15158
-0.968127
-0.250092
0.963118
-0.09929
0.947786
0.213978
-0.236465
-0.205916
-0.155577
-0.966123
-0.243518
0.96437
-0.103392
0.946797
0.201007
-0.251341
-0.218092
-0.17358
-0.960368
-0.236669
0.964088
-0.120507
0.943197
0.188554
-0.273544
-0.238839
-0.187508
-0.952784
-0.230943
0.963996
-0.131823
0.944236
0.178802
-0.276493
-0.241124
-0.196349
-0.950424
-0.224227
0.964094
-0.142286
0.945458
0.177156
-0.273359
-0.238326
-0.19587
-0.951228
-0.222059
0.964495
-0.142966
0.945851
0.176479
-0.272437
-0.237495
-0.19589
-0.951432
-0.221275
0.964615
-0.14337
0.945901
0.175925
-0.272621
-0.237702
-0.196157
-0.951326
-0.220839
0.964662
-0.143727
0.945968
0.175562
-0.272621
-0.237693
-0.196435
-0.95127
-0.22056
0.964671
-0.144092
0.946015
0.174446
-0.273175
-0.238541
-0.195891
-0.95117
-0.21944
0.964985
-0.143703
0.945975
0.173501
-0.273913
-0.239572
-0.195239
-0.951045
-0.218485
0.965287
-0.143125
0.947235
0.168293
-0.272806
-0.23974
-0.192971
-0.951466
-0.212768
0.966664
-0.142442
0.950314
0.156461
-0.269114
-0.238215
-0.191001
-0.952246
-0.20039
0.96904
-0.144239
0.953461
0.142367
-0.265789
-0.237223
-0.189912
-0.952711
-0.186111
0.971424
-0.147301
0.955573
0.125866
-0.266528
-0.240603
-0.189248
-0.951996
-0.170264
0.973829
-0.150557
0.956689
0.112785
-0.268376
-0.24518
-0.184858
-0.95169
-0.156948
0.976272
-0.149199
0.956215
0.0921429
-0.277783
-0.259045
-0.17523
-0.949837
-0.136197
0.980206
-0.143688
0.956038
0.0707059
-0.284591
-0.270032
-0.166151
-0.948407
-0.114343
0.983562
-0.139754
0.956778
0.0447969
-0.287347
-0.278692
-0.141116
-0.949956
-0.0831045
0.988979
-0.122532
0.956052
0.0176008
-0.292669
-0.289388
-0.103743
-0.951573
-0.0471108
0.994448
-0.0940902
0.956426
0.00476824
-0.291936
-0.290655
-0.0794121
-0.953527
-0.0277299
0.996831
-0.0745659
0.956837
0.00954082
-0.290468
-0.289395
-0.0605725
-0.955291
-0.0267086
0.998118
-0.055197
0.958147
0.0209477
-0.28551
-0.284161
-0.0514604
-0.957395
-0.0347477
0.998455
-0.0433541
0.957919
0.0277432
-0.285694
-0.284798
-0.0322246
-0.958046
-0.0357857
0.999096
-0.0229673
0.955527
0.021257
-0.294136
-0.293907
-0.0132511
-0.955742
-0.0242139
0.999686
-0.00641424
0.95742
0.00624191
-0.288633
-0.2887
0.021126
-0.957186
0.000122991
0.999757
0.0220285
0.959265
-0.0195
-0.281833
-0.280636
0.0488435
-0.958571
0.0324578
0.998616
0.0413815
0.96891
-0.0485307
-0.242608
-0.238593
0.0762224
-0.968124
0.0654759
0.995909
0.0622735
0.972372
-0.0805434
-0.219101
-0.211557
0.0926833
-0.972961
0.0986726
0.992433
0.0730831
0.972735
-0.117136
-0.200165
-0.189062
0.0993664
-0.976925
0.134323
0.988132
0.0745112
0.975292
-0.158461
-0.153934
-0.138251
0.105707
-0.98474
0.172315
0.98169
0.0811877
0.973985
-0.190827
-0.12222
-0.10335
0.105925
-0.988989
0.201672
0.975892
0.0834475
0.971095
-0.222962
-0.0852242
-0.0633808
0.103366
-0.992622
0.230126
0.969332
0.0862465
0.965479
-0.254273
-0.0565354
-0.0326682
0.097129
-0.994736
0.258426
0.962243
0.0854694
0.959395
-0.281014
-0.0243495
0.00137662
0.0909893
-0.995851
0.282063
0.955381
0.0876815
0.949661
-0.312716
0.0187902
0.0434866
0.0721874
-0.996443
0.310247
0.9471
0.0821525
0.942573
-0.330545
0.0479185
0.0660541
0.043846
-0.996852
0.327404
0.942771
0.0631619
0.937587
-0.339332
0.0760503
0.0826939
0.00513922
-0.996562
0.337775
0.940653
0.0328792
0.932886
-0.345136
0.102977
0.0963134
-0.0364505
-0.994683
0.347054
0.937845
-0.000762958
0.928877
-0.345881
0.13249
0.110285
-0.0832049
-0.990411
0.353589
0.934582
-0.0391416
0.930228
-0.337274
0.144644
0.108792
-0.122983
-0.986428
0.350485
0.933339
-0.0777097
0.939787
-0.317676
0.126026
0.0808209
-0.151712
-0.985115
0.332067
0.935984
-0.116903
0.947627
-0.304211
0.0972538
0.0495324
-0.160838
-0.985737
0.315514
0.938929
-0.137346
0.954816
-0.28984
0.065722
0.0194735
-0.15965
-0.986982
0.296559
0.943666
-0.146792
0.956751
-0.285625
0.0551952
0.00933883
-0.15948
-0.987157
0.29076
0.944979
-0.149915
0.956017
-0.284808
0.070122
0.0261517
-0.15535
-0.987513
0.292145
0.945913
-0.141069
0.956643
-0.283796
0.0655307
0.0208589
-0.157656
-0.987274
0.290516
0.945835
-0.144901
0.95685
-0.281464
0.0722259
0.0277985
-0.158751
-0.986927
0.28925
0.946349
-0.144077
0.956916
-0.280487
0.0750943
0.0305083
-0.160067
-0.986635
0.288758
0.946417
-0.144614
0.957177
-0.278969
0.0773886
0.0305054
-0.168637
-0.985206
0.287893
0.945377
-0.152906
0.957942
-0.276007
0.0785356
0.0297594
-0.176653
-0.983823
0.285415
0.944783
-0.161009
0.959706
-0.270943
0.0745207
0.0243187
-0.184118
-0.982603
0.27995
0.944823
-0.17011
0.961567
-0.260947
0.0854152
0.0352961
-0.191029
-0.98095
0.272293
0.946263
-0.174477
0.962367
-0.254045
0.0964904
0.0473107
-0.193019
-0.980054
0.267603
0.947737
-0.173736
0.963449
-0.24723
0.103168
0.0559153
-0.191044
-0.979988
0.261992
0.949937
-0.170238
0.963703
-0.245917
0.103931
0.0568499
-0.191337
-0.979877
0.260854
0.950218
-0.170412
0.966059
-0.235303
0.1066
0.0581201
-0.204099
-0.977223
0.2517
0.950251
-0.183496
0.97314
-0.215196
0.0817848
0.0323998
-0.223696
-0.97412
0.227922
0.950605
-0.210716
0.975556
-0.204573
0.0802558
0.0322136
-0.228136
-0.973096
0.217379
0.951895
-0.21597
0.980187
-0.190286
0.0550038
0.0083869
-0.23757
-0.971334
0.197899
0.95255
-0.231267
0.982662
-0.180229
0.043513
-0.00110853
-0.240395
-0.970675
0.185404
0.953796
-0.236427
0.984622
-0.170265
0.0391065
-0.00281714
-0.239298
-0.970942
0.174675
0.955901
-0.236098
0.985588
-0.165958
0.032783
-0.00746455
-0.236269
-0.971659
0.169001
0.95741
-0.234103
0.985942
-0.164852
0.0272248
-0.011276
-0.228217
-0.973545
0.166704
0.959552
-0.226868
0.986579
-0.161654
0.0230077
-0.0114329
-0.20895
-0.977859
0.162883
0.964473
-0.207994
0.985978
-0.166219
0.014764
-0.0184068
-0.196266
-0.980378
0.165855
0.96636
-0.196573
0.98529
-0.170575
0.0103542
-0.0225585
-0.189886
-0.981547
0.169393
0.966875
-0.190941
0.984846
-0.173417
0.00210922
-0.0312715
-0.189529
-0.981377
0.170587
0.96644
-0.19208
0.984401
-0.17587
-0.00498542
-0.0383674
-0.186929
-0.981624
0.171706
0.966503
-0.190761
0.983874
-0.178502
-0.0113129
-0.0441502
-0.181082
-0.982476
0.173326
0.967133
-0.186043
0.98243
-0.185254
-0.0226243
-0.0559793
-0.176861
-0.982643
0.178037
0.966644
-0.184124
0.981429
-0.189746
-0.0281832
-0.0624006
-0.176861
-0.982256
0.181395
0.965773
-0.185416
0.980119
-0.195935
-0.0312498
-0.0687981
-0.187881
-0.979779
0.186102
0.96245
-0.197626
0.979516
-0.200115
-0.0224326
-0.0622246
-0.194846
-0.978858
0.191513
0.960203
-0.203307
0.97881
-0.203297
-0.0245412
-0.0669255
-0.204332
-0.976611
0.193527
0.957559
-0.213608
0.978693
-0.204056
-0.022816
-0.0654696
-0.204808
-0.97661
0.19461
0.957296
-0.213804
0.977519
-0.208314
-0.0325913
-0.0761642
-0.204728
-0.975851
0.196611
0.956395
-0.215992
0.976475
-0.212401
-0.0371905
-0.0812619
-0.202718
-0.97586
0.199735
0.955924
-0.215209
0.974824
-0.219886
-0.0369988
-0.0822743
-0.200482
-0.976237
0.207243
0.954703
-0.213526
0.971805
-0.231773
-0.0433214
-0.0919867
-0.2035
-0.974744
0.217103
0.951246
-0.219082
0.968174
-0.24686
-0.0412141
-0.0926537
-0.200556
-0.975291
0.232495
0.94807
-0.217045
0.965225
-0.259359
-0.032783
-0.083532
-0.187154
-0.978773
0.247718
0.947474
-0.20231
0.961818
-0.273133
-0.0174481
-0.0641585
-0.163036
-0.984532
0.266064
0.94806
-0.174335
0.959641
-0.280686
-0.0174481
-0.062077
-0.150906
-0.986597
0.274291
0.947862
-0.16224
0.956792
-0.29064
-0.00882027
-0.0496777
-0.133501
-0.989803
0.286499
0.947473
-0.142171
0.955022
-0.296515
-0.00345145
-0.0427779
-0.126244
-0.991076
0.293434
0.946647
-0.13325
0.95371
-0.300726
0.000383495
-0.036678
-0.117585
-0.992385
0.298481
0.946434
-0.123172
0.95184
-0.30657
0.00402669
-0.0317364
-0.111581
-0.993248
0.304949
0.945285
-0.115937
0.951108
-0.30855
0.0138054
-0.0195423
-0.104728
-0.994309
0.30824
0.945425
-0.105637
0.952152
-0.305059
0.0185984
-0.01146
-0.0964476
-0.995272
0.305411
0.947437
-0.0953287
0.952787
-0.302646
0.0245412
-0.00313643
-0.0906289
-0.99588
0.303623
0.948784
-0.0872993
0.953864
-0.298765
0.0297165
0.00416321
-0.085805
-0.996303
0.30021
0.950462
-0.0806025
0.954857
-0.294057
0.042172
0.0174063
-0.0863356
-0.996114
0.296555
0.951881
-0.0773198
0.95609
-0.288226
0.0530891
0.0272774
-0.092845
-0.995307
0.291802
0.953051
-0.0809061
0.957442
-0.282037
0.0613207
0.0338666
-0.101211
-0.994288
0.286632
0.95405
-0.0873518
0.959348
-0.273227
0.0706958
0.0417801
-0.110242
-0.993026
0.279115
0.955612
-0.094345
0.959574
-0.270111
0.079109
0.0490647
-0.116232
-0.992009
0.277148
0.955788
-0.0982806
0.959748
-0.265598
0.0913361
0.0597259
-0.124761
-0.990387
0.27444
0.955977
-0.103876
0.959265
-0.263881
0.100879
0.0675965
-0.132319
-0.9889
0.2743
0.955436
-0.109091
0.959693
-0.260439
0.105647
0.0724705
-0.133876
-0.988345
0.271547
0.956164
-0.109605
0.96081
-0.256988
0.103931
0.0729522
-0.127294
-0.989179
0.267436
0.957995
-0.103558
0.962031
-0.251985
0.104884
0.0758357
-0.122371
-0.989583
0.262194
0.959963
-0.0986151
0.964708
-0.242433
0.102787
0.0749791
-0.121284
-0.989782
0.252422
0.962557
-0.0988266
0.969356
-0.229029
0.0888536
0.06197
-0.122022
-0.990591
0.237716
0.965741
-0.10409
0.973648
-0.214525
0.0773886
0.0535691
-0.114711
-0.991953
0.221676
0.969959
-0.100196
0.978009
-0.199807
0.0597896
0.0382848
-0.109811
-0.993215
0.205017
0.973662
-0.0997464
0.982122
-0.183636
0.0414056
0.0219876
-0.106544
-0.994065
0.186958
0.977203
-0.100602
0.985018
-0.170528
0.0256914
0.00758089
-0.106015
-0.994336
0.172285
0.979633
-0.103134
0.987621
-0.156579
0.00939549
-0.00704479
-0.104112
-0.994541
0.156702
0.982163
-0.103926
0.989139
-0.146919
-0.00441018
-0.0197758
-0.103291
-0.994455
0.145648
0.983741
-0.105074
0.990216
-0.139325
-0.00786157
-0.0223554
-0.102772
-0.994454
0.137744
0.984899
-0.104881
0.990058
-0.140464
-0.00747809
-0.0219895
-0.102045
-0.994537
0.138934
0.984813
-0.104119
0.989611
-0.143693
-0.00479367
-0.0200621
-0.104998
-0.99427
0.142367
0.984036
-0.10679
0.988706
-0.149762
-0.00556065
-0.0222276
-0.109847
-0.9937
0.148208
0.982601
-0.111935
0.987721
-0.156207
-0.00268446
-0.0198826
-0.108641
-0.993882
0.154959
0.981731
-0.110412
0.986042
-0.166229
0.00939549
-0.00787123
-0.10291
-0.994659
0.166309
0.980702
-0.102782
0.984191
-0.176027
0.019557
0.00200373
-0.0993494
-0.995051
0.177099
0.979359
-0.097426
0.981509
-0.189957
0.0235828
0.00467426
-0.09938
-0.995039
0.191358
0.97675
-0.0966544
0.980821
-0.192166
0.0325913
0.014363
-0.0954976
-0.995326
0.194381
0.976705
-0.0909059
0.980271
-0.19323
0.0415972
0.0244445
-0.0903195
-0.995613
0.196139
0.976987
-0.0838142
0.980543
-0.190746
0.0463863
0.031102
-0.0823574
-0.996117
0.193825
0.978179
-0.0748224
0.97906
-0.192211
0.0670613
0.0534916
-0.0749432
-0.995752
0.196421
0.978488
-0.0630921
0.977909
-0.195298
0.0745207
0.0597796
-0.0803241
-0.994975
0.200302
0.977449
-0.0668748
0.976423
-0.198898
0.0838868
0.0661508
-0.0942086
-0.993352
0.205479
0.975482
-0.0788301
0.976535
-0.196777
0.0875166
0.063102
-0.127097
-0.989881
0.205909
0.972176
-0.111698
0.977435
-0.19345
0.0848421
0.0606229
-0.127855
-0.989938
0.202351
0.972744
-0.113242
0.976186
-0.194954
0.0951544
0.0737448
-0.114291
-0.990706
0.204017
0.974131
-0.0971924
0.976239
-0.194965
0.0945817
0.0738113
-0.11119
-0.991054
0.203737
0.974487
-0.0941577
0.975885
-0.18984
0.107744
0.0892943
-0.103219
-0.990642
0.199184
0.976374
-0.0837784
0.975386
-0.187802
0.115557
0.0977054
-0.10171
-0.990004
0.197678
0.976927
-0.0808572
0.974893
-0.183446
0.126216
0.109133
-0.100449
-0.988939
0.194095
0.977884
-0.0779075
0.974397
-0.179679
0.135151
0.118257
-0.101666
-0.987765
0.191221
0.978458
-0.077815
0.974993
-0.17554
0.136291
0.119229
-0.104372
-0.987366
0.187547
0.978924
-0.0808324
0.976233
-0.168043
0.13686
0.120413
-0.10449
-0.987209
0.180194
0.980226
-0.0817724
0.977204
-0.161658
0.13762
0.121705
-0.104579
-0.987042
0.173955
0.98129
-0.0825208
0.977994
-0.156976
0.13743
0.121043
-0.109613
-0.986577
0.169933
0.981501
-0.0881996
0.979723
-0.150131
0.13268
0.116673
-0.110861
-0.986964
0.162883
0.982431
-0.0910963
0.98108
-0.141878
0.13173
0.116282
-0.112189
-0.98686
0.154793
0.983506
-0.0935683
0.982738
-0.135968
0.125455
0.109669
-0.117976
-0.986942
0.148993
0.983664
-0.101028
0.984563
-0.128724
0.118604
0.101889
-0.129477
-0.986334
0.142321
0.983192
-0.114363
0.986045
-0.122001
0.113271
0.0957034
-0.141319
-0.985327
0.136218
0.982418
-0.127671
0.986913
-0.117884
0.110032
0.0914098
-0.15315
-0.983966
0.132845
0.981147
-0.14037
0.987163
-0.117722
0.107935
0.0870294
-0.170171
-0.981564
0.133919
0.978357
-0.157742
0.98779
-0.114148
0.106028
0.0830927
-0.189684
-0.978323
0.131785
0.975187
-0.177883
0.987682
-0.10934
0.111937
0.0886947
-0.198148
-0.976151
0.128913
0.974055
-0.186009
0.990777
-0.090682
0.100688
0.0795128
-0.212617
-0.973895
0.109723
0.972919
-0.203445
0.992853
-0.0722803
0.0949635
0.0773253
-0.216485
-0.973219
0.0909027
0.973607
-0.209349
0.995955
-0.0426127
0.079109
0.0680213
-0.217715
-0.973639
0.0587127
0.975082
-0.213936
0.997001
-0.0369132
0.0680178
0.0582328
-0.221033
-0.973526
0.0509701
0.974568
-0.21822
0.99752
-0.0352087
0.060938
0.0517466
-0.219941
-0.97414
0.0477009
0.974878
-0.217573
0.997469
-0.0313774
0.0638086
0.0556115
-0.214965
-0.975037
0.0443107
0.976118
-0.212676
0.9978
-0.0221974
0.062469
0.0564331
-0.210106
-0.976048
0.0347909
0.977426
-0.208392
0.999367
-0.00459906
0.0352742
0.0334505
-0.215889
-0.975845
0.0121033
0.976407
-0.215598
0.999989
0.00441018
-0.00153398
-0.000536644
-0.217796
-0.975994
-0.0046384
0.975984
-0.217791
0.999094
0.014369
-0.0400645
-0.0361489
-0.210466
-0.976933
-0.0224698
0.977496
-0.209756
0.997412
0.0189362
-0.0693569
-0.0638208
-0.210986
-0.975403
-0.0331038
0.977306
-0.209232
0.994236
0.0291767
-0.103168
-0.0949083
-0.208109
-0.97349
-0.0498734
0.977671
-0.20414
0.991632
0.0348105
-0.124314
-0.114983
-0.199623
-0.973103
-0.05869
0.979254
-0.19395
0.991193
0.0342242
-0.127928
-0.119952
-0.177285
-0.976822
-0.0561105
0.983564
-0.171618
0.992075
0.0283517
-0.122411
-0.117056
-0.14558
-0.982397
-0.0456732
0.98894
-0.141108
0.992969
0.0146618
-0.117461
-0.115084
-0.112696
-0.986942
-0.0277078
0.993521
-0.110216
0.993563
-0.00171462
-0.113271
-0.113078
-0.0752817
-0.99073
-0.0068285
0.997161
-0.074991
0.994862
-0.0194602
-0.0993528
-0.100123
-0.0436704
-0.994016
0.015005
0.998856
-0.0453944
0.995496
-0.0479489
-0.0817848
-0.0824454
-0.0119618
-0.996524
0.0468039
0.998778
-0.0158611
0.993358
-0.0968757
-0.0620863
-0.0599395
0.0249174
-0.997891
0.0982184
0.994984
0.0189452
0.986909
-0.151814
-0.0544294
-0.0473961
0.0495711
-0.997645
0.154154
0.987165
0.0417268
0.979134
-0.200233
-0.0346994
-0.0216073
0.0672038
-0.997505
0.202065
0.977441
0.061475
0.971007
-0.238481
-0.0164895
0.00139256
0.0746212
-0.997211
0.239046
0.968276
0.0727898
0.960412
-0.278315
0.0122715
0.0331321
0.0703741
-0.99697
0.276608
0.957908
0.0768093
0.950428
-0.308329
0.0402561
0.0607129
0.0570397
-0.996524
0.304961
0.949568
0.0729317
0.94333
-0.324729
0.0684004
0.0859893
0.0401087
-0.995488
0.320521
0.944956
0.065759
0.937198
-0.335132
0.0966813
0.107511
0.0138689
-0.994107
0.331816
0.942069
0.0490285
0.935402
-0.331862
0.12203
0.119356
-0.0285106
-0.992442
0.332833
0.942897
0.012941
0.935922
-0.313772
0.159994
0.148152
-0.0613978
-0.987057
0.319534
0.947511
-0.0109778
0.939586
-0.285611
0.188692
0.168053
-0.0953613
-0.981155
0.298222
0.953589
-0.0416025
0.94376
-0.249908
0.216481
0.186535
-0.138149
-0.972687
0.272989
0.958364
-0.0837628
0.946818
-0.221214
0.233669
0.201126
-0.159986
-0.966412
0.251167
0.962013
-0.106986
0.95576
-0.171888
0.2387
0.205046
-0.19251
-0.959633
0.210901
0.966124
-0.148748
0.962899
-0.134352
0.234042
0.202723
-0.212337
-0.955937
0.178128
0.967917
-0.177223
0.969725
-0.0938201
0.225458
0.198895
-0.232219
-0.952111
0.141683
0.968128
-0.206528
0.975833
-0.0545066
0.211611
0.191983
-0.248676
-0.94937
0.10437
0.967052
-0.232202
0.980708
-0.0227579
0.19415
0.181554
-0.262114
-0.947805
0.0724594
0.964769
-0.252925
0.985458
0.0187092
0.168883
0.167513
-0.273547
-0.94716
0.0284769
0.961677
-0.272703
0.9873
0.0485029
0.151281
0.158816
-0.2775
-0.947508
-0.00397636
0.9595
-0.281679
0.989494
0.0834901
0.118032
0.136778
-0.27609
-0.95135
-0.0468406
0.957499
-0.284609
0.989762
0.110147
0.0907633
0.117411
-0.266802
-0.956573
-0.0811476
0.957436
-0.277003
0.988951
0.13142
0.0685917
0.100184
-0.251454
-0.96267
-0.109266
0.958906
-0.261842
0.987411
0.150922
0.047344
0.082628
-0.236934
-0.968006
-0.134876
0.959732
-0.246422
0.986186
0.164115
0.0224326
0.059044
-0.221761
-0.973312
-0.154761
0.961191
-0.228388
0.98489
0.173035
0.0070946
0.0417728
-0.197609
-0.979391
-0.168067
0.964888
-0.201851
0.986038
0.164868
0.0233911
0.0510466
-0.165566
-0.984877
-0.158502
0.97232
-0.171671
0.988098
0.151221
0.0281832
0.0507584
-0.147575
-0.987748
-0.145209
0.977422
-0.153494
0.989729
0.140224
0.0277998
0.0465423
-0.132209
-0.990129
-0.135165
0.981253
-0.137377
0.991377
0.129422
0.0205156
0.0362049
-0.120066
-0.992105
-0.125937
0.984294
-0.123717
0.993922
0.107138
0.025308
0.0373782
-0.112197
-0.992983
-0.103547
0.987893
-0.11552
0.996739
0.0748692
0.0300998
0.038102
-0.107862
-0.993435
-0.071131
0.991343
-0.110363
0.997853
0.0482542
0.0442792
0.0491577
-0.105111
-0.993245
-0.043274
0.993289
-0.107258
0.996794
0.0344176
0.0722259
0.0753113
-0.0989114
-0.992242
-0.0270066
0.994501
-0.101186
0.997355
0.0204656
0.0697395
0.0715367
-0.106871
-0.991696
-0.0128425
0.994062
-0.108052
0.997759
0.0160721
0.0649567
0.0663396
-0.110502
-0.991659
-0.0087602
0.993746
-0.111321
0.997755
0.0137757
0.0655307
0.0666543
-0.110456
-0.991643
-0.00642234
0.993786
-0.111126
0.997689
0.0109048
0.0670613
0.067841
-0.106056
-0.992043
-0.00370577
0.9943
-0.106551
0.998275
0.00555114
0.0584497
0.0587124
-0.0975014
-0.993502
0.00018385
0.99522
-0.0976591
0.997948
-0.00535797
0.0638086
0.0632816
-0.0696977
-0.995559
0.00978148
0.997554
-0.0692156
0.997393
-0.0170227
0.070122
0.0691467
-0.0523619
-0.996231
0.0206303
0.998483
-0.0510483
0.996383
-0.0397603
0.0750943
0.0736465
-0.0367069
-0.996609
0.042382
0.998535
-0.0336459
0.994013
-0.0806091
0.0737558
0.0714611
-0.0309939
-0.996962
0.0826501
0.996264
-0.0250479
0.992005
-0.102123
0.0741382
0.0717117
-0.0272356
-0.997054
0.103842
0.994399
-0.0196944
0.987831
-0.136093
0.0752855
0.0745025
-0.0108448
-0.997162
0.136523
0.990637
-0.000573596
0.983411
-0.164235
0.0770062
0.0801924
0.0128489
-0.996697
0.162703
0.986338
0.0258061
0.979372
-0.187207
0.0760503
0.083503
0.0322396
-0.995986
0.184003
0.981791
0.0472069
0.976172
-0.205289
0.0703133
0.0816455
0.0472521
-0.995541
0.201051
0.97756
0.062887
0.972978
-0.221627
0.0647653
0.0799799
0.0603686
-0.994967
0.216602
0.973261
0.076463
0.973243
-0.223652
0.0527062
0.0691339
0.0662645
-0.995404
0.219131
0.972414
0.0799534
0.975068
-0.216799
0.047344
0.064178
0.0712742
-0.99539
0.212426
0.973611
0.0834109
0.972319
-0.228155
0.0504082
0.0739985
0.096048
-0.992622
0.22163
0.968876
0.110272
0.965906
-0.252604
0.0567268
0.090761
0.125184
-0.987973
0.242464
0.959438
0.143843
0.955865
-0.288758
0.0542379
0.10271
0.155454
-0.982489
0.27527
0.944697
0.178251
0.942008
-0.332783
0.0433214
0.106512
0.174063
-0.978957
0.31824
0.9268
0.199414
0.926377
-0.37356
0.047727
0.126286
0.188748
-0.973872
0.354791
0.9082
0.222027
0.903056
-0.427114
0.0454285
0.138278
0.188959
-0.9722
0.406656
0.884233
0.229701
0.882266
-0.468107
0.0498337
0.152406
0.183871
-0.971063
0.445398
0.864331
0.233565
0.852656
-0.51932
0.0573011
0.171311
0.174277
-0.96968
0.493588
0.83662
0.237564
0.836656
-0.543392
0.068783
0.184352
0.161117
-0.969565
0.515772
0.823873
0.234975
0.819337
-0.567226
0.0833135
0.187815
0.128261
-0.973794
0.541676
0.813513
0.211623
0.809769
-0.578472
0.098208
0.190396
0.100738
-0.976525
0.554999
0.809458
0.191714
0.801136
-0.586106
0.121078
0.194948
0.0642889
-0.978704
0.565841
0.80768
0.165765
0.800284
-0.58266
0.141607
0.198195
0.0341506
-0.979568
0.565919
0.811998
0.14281
0.804946
-0.572002
0.157722
0.193675
0.00203158
-0.981064
0.56085
0.82025
0.112418
0.823582
-0.539854
0.173984
0.181431
-0.0398861
-0.982595
0.537397
0.840813
0.0650965
0.846096
-0.507792
0.162076
0.146355
-0.0710644
-0.986676
0.512544
0.858543
0.0141905
0.864405
-0.480092
0.149385
0.120045
-0.0914561
-0.988547
0.488255
0.872438
-0.0214227
0.879873
-0.455867
0.134201
0.0968874
-0.104382
-0.989807
0.465228
0.883906
-0.0476749
0.897457
-0.428262
0.105647
0.0574583
-0.123966
-0.990622
0.437343
0.895111
-0.0866469
0.906183
-0.414012
0.0861794
0.0297594
-0.140852
-0.989583
0.421838
0.899308
-0.115317
0.910072
-0.4078
0.073947
0.0104848
-0.155711
-0.987747
0.414317
0.899696
-0.137433
0.912916
-0.401739
0.0720347
0.00431847
-0.166975
-0.985952
0.408124
0.900403
-0.150699
0.919178
-0.390894
0.0481101
-0.0268264
-0.184012
-0.982558
0.392928
0.901855
-0.179626
0.92521
-0.378463
0.0274165
-0.0530118
-0.200463
-0.978266
0.375733
0.903649
-0.205533
0.929523
-0.36842
0.0159144
-0.0658094
-0.208191
-0.975872
0.362844
0.906048
-0.217764
0.932646
-0.360789
-0.00172573
-0.0836512
-0.211582
-0.973774
0.350962
0.908331
-0.227512
0.937703
-0.346713
-0.0224326
-0.102004
-0.213005
-0.971712
0.332127
0.913465
-0.235101
0.941145
-0.336137
-0.0354659
-0.112965
-0.213912
-0.970299
0.318566
0.917199
-0.239294
0.944539
-0.325348
-0.0446623
-0.119214
-0.212975
-0.969758
0.305997
0.921298
-0.239949
0.953793
-0.296334
-0.0496422
-0.114839
-0.20686
-0.971607
0.277652
0.932414
-0.231332
0.959838
-0.274561
-0.057684
-0.117113
-0.205273
-0.971673
0.254942
0.939404
-0.229183
0.963431
-0.262048
-0.055961
-0.111502
-0.202159
-0.972985
0.243656
0.943643
-0.223985
0.962219
-0.267275
-0.0519402
-0.108715
-0.202245
-0.973282
0.24963
0.942158
-0.22366
0.957666
-0.286499
-0.0281832
-0.0890894
-0.201848
-0.975357
0.27375
0.936577
-0.218827
0.95332
-0.301809
-0.00958723
-0.0743186
-0.203739
-0.9762
0.292673
0.931344
-0.216658
0.95052
-0.309972
-0.0207073
-0.0882241
-0.205424
-0.974688
0.297872
0.928288
-0.222607
0.950116
-0.311857
-0.00498542
-0.0681739
-0.192051
-0.979014
0.304355
0.930517
-0.203731
0.949767
-0.312953
0.00172573
-0.0577372
-0.180638
-0.981854
0.307586
0.932433
-0.189633
0.948704
-0.31563
0.0184067
-0.0370626
-0.16884
-0.984946
0.313987
0.93374
-0.171877
0.947142
-0.31996
0.0233911
-0.0305553
-0.162549
-0.986227
0.319355
0.933383
-0.163734
0.945206
-0.324564
0.0352742
-0.0137764
-0.147601
-0.988951
0.326185
0.934276
-0.143985
0.943661
-0.328288
0.0415972
-0.00205335
-0.131511
-0.991313
0.330906
0.935378
-0.124776
0.941729
-0.333497
0.0438961
0.00555705
-0.115055
-0.993344
0.336328
0.935704
-0.106498
0.937251
-0.345321
0.0481101
0.01832
-0.0890202
-0.995861
0.348175
0.934253
-0.077108
0.932302
-0.357987
0.0515572
0.026405
-0.0747999
-0.996849
0.360715
0.930726
-0.0602835
0.927111
-0.371172
0.0519402
0.0336477
-0.0555951
-0.997886
0.373275
0.926898
-0.0390538
0.92094
-0.38561
0.0563439
0.0441859
-0.040327
-0.998209
0.387192
0.92178
-0.0201002
0.919786
-0.388864
0.0527062
0.040472
-0.0395924
-0.998396
0.390327
0.920444
-0.0206785
0.918534
-0.392701
0.0456201
0.033647
-0.0373224
-0.998737
0.393908
0.918908
-0.0210687
0.918658
-0.392755
0.0425551
0.0317355
-0.0340033
-0.998918
0.393777
0.919014
-0.0187731
0.918903
-0.392443
0.0400645
0.0314947
-0.0282539
-0.999105
0.393223
0.919342
-0.0136028
0.91975
-0.390513
0.0394897
0.0321505
-0.025316
-0.999162
0.391185
0.920249
-0.0107292
0.927067
-0.373425
0.0331663
0.0262486
-0.023596
-0.999377
0.373975
0.92736
-0.0120732
0.940075
-0.337585
0.0479185
0.0434782
-0.0207066
-0.99884
0.338185
0.941067
-0.00478816
0.94988
-0.305336
0.0670613
0.0624349
-0.0249034
-0.997738
0.306315
0.951919
-0.00459162
0.955088
-0.28214
0.0905723
0.0857201
-0.029521
-0.995882
0.283652
0.958919
-0.00401013
0.953432
-0.278275
0.116319
0.111445
-0.0333261
-0.993212
0.280262
0.959923
-0.00076183
0.944449
-0.293034
0.148817
0.141734
-0.0453813
-0.988864
0.296525
0.955024
-0.00132727
0.930939
-0.317073
0.181154
0.171481
-0.0584056
-0.983455
0.322408
0.946601
-4.29882e-08
0.915569
-0.344729
0.207111
0.193557
-0.0736976
-0.978317
0.352518
0.935805
-0.000750405
0.900275
-0.373513
0.223589
0.204681
-0.0901094
-0.974672
0.3842
0.923238
-0.00467231
0.887197
-0.399798
0.230312
0.205711
-0.104057
-0.973065
0.412995
0.910677
-0.0100758
0.874425
-0.427612
0.229192
0.196581
-0.119609
-0.973165
0.44355
0.896014
-0.0205292
0.858522
-0.461645
0.223215
0.17903
-0.138059
-0.974109
0.480509
0.876256
-0.0358786
0.848623
-0.486127
0.208612
0.15311
-0.151759
-0.976487
0.506356
0.86061
-0.0543553
0.842032
-0.509756
0.176438
0.106858
-0.162975
-0.980826
0.528737
0.844741
-0.0827588
0.835415
-0.527899
0.152987
0.0721706
-0.170577
-0.982698
0.544861
0.832001
-0.104403
0.821991
-0.554726
0.128878
0.0350426
-0.176605
-0.983658
0.568421
0.813074
-0.125729
0.806008
-0.581406
0.110984
0.00296892
-0.183531
-0.98301
0.591897
0.792643
-0.146201
0.786904
-0.609989
0.0932454
-0.0274026
-0.185503
-0.982262
0.616466
0.770391
-0.162688
0.769744
-0.633691
0.0770062
-0.0559383
-0.187128
-0.980742
0.635897
0.750612
-0.179488
0.749499
-0.658905
0.0639999
-0.0795253
-0.18559
-0.979404
0.657212
0.728973
-0.191499
0.725972
-0.685104
0.059981
-0.0915055
-0.182667
-0.978907
0.68161
0.70517
-0.195302
0.700581
-0.710593
0.065148
-0.0975904
-0.185854
-0.977719
0.706868
0.678613
-0.199553
0.674428
-0.735003
0.070122
-0.109303
-0.193317
-0.975029
0.730205
0.649923
-0.210717
0.648511
-0.756778
0.0819759
-0.114758
-0.203661
-0.972292
0.752505
0.621135
-0.218923
0.636812
-0.765125
0.0951544
-0.115447
-0.216645
-0.9694
0.762327
0.60634
-0.226294
0.640001
-0.762097
0.0980171
-0.121289
-0.226165
-0.966508
0.758741
0.606678
-0.23718
0.656884
-0.748647
0.0896175
-0.134279
-0.233113
-0.963134
0.741938
0.620634
-0.253655
0.675988
-0.733873
0.06687
-0.15831
-0.233247
-0.959445
0.719707
0.637987
-0.273851
0.694577
-0.718697
0.032208
-0.191575
-0.227927
-0.954646
0.693442
0.656904
-0.295997
0.706966
-0.707238
0.0036432
-0.211265
-0.216095
-0.953242
0.674956
0.67314
-0.302187
0.727011
-0.685294
-0.0427467
-0.239152
-0.194369
-0.951329
0.643632
0.701849
-0.305198
0.739225
-0.668705
-0.0798736
-0.265728
-0.18064
-0.946973
0.618817
0.721251
-0.311227
0.748268
-0.6525
-0.119746
-0.292999
-0.16311
-0.942097
0.595186
0.740026
-0.313232
0.759291
-0.632695
-0.152229
-0.30933
-0.145099
-0.93982
0.572531
0.760686
-0.305884
0.768335
-0.614209
-0.180023
-0.323473
-0.129931
-0.937275
0.552292
0.778374
-0.29851
0.782129
-0.588478
-0.20486
-0.330367
-0.112867
-0.93708
0.528329
0.800596
-0.282691
0.800949
-0.553361
-0.228632
-0.332513
-0.0935499
-0.938447
0.497912
0.827671
-0.258929
0.815586
-0.5266
-0.239817
-0.32769
-0.0787545
-0.941497
0.476906
0.846458
-0.236792
0.830466
-0.501014
-0.243538
-0.317257
-0.0660158
-0.946039
0.457902
0.862917
-0.213774
0.849536
-0.470343
-0.238886
-0.296886
-0.0519573
-0.953499
0.436059
0.880953
-0.183778
0.86309
-0.446962
-0.23516
-0.283323
-0.0430375
-0.958058
0.418095
0.893517
-0.16378
0.87665
-0.426411
-0.222841
-0.260236
-0.0306781
-0.965058
0.404675
0.904009
-0.137862
0.886996
-0.411016
-0.210487
-0.240631
-0.0223617
-0.970359
0.394126
0.911354
-0.118738
0.897242
-0.399986
-0.186997
-0.212929
-0.0209556
-0.976843
0.386805
0.916281
-0.103971
0.908081
-0.385763
-0.163022
-0.184768
-0.0197068
-0.982585
0.375833
0.922387
-0.0891722
0.917763
-0.366001
-0.154124
-0.174618
-0.023348
-0.984359
0.356678
0.930322
-0.0853384
0.92258
-0.355472
-0.149954
-0.170325
-0.026524
-0.985031
0.346173
0.934311
-0.0850161
0.927888
-0.345311
-0.140658
-0.160748
-0.0300933
-0.986537
0.336429
0.938006
-0.0834312
0.932313
-0.336211
-0.133251
-0.154494
-0.0371166
-0.987296
0.326994
0.941055
-0.0865469
0.93581
-0.329786
-0.124504
-0.147783
-0.0463813
-0.987932
0.320032
0.942916
-0.092141
0.938527
-0.325291
-0.115557
-0.141181
-0.0562183
-0.988386
0.315017
0.943941
-0.0986873
0.940652
-0.320381
-0.111937
-0.142152
-0.0724519
-0.98719
0.308167
0.944514
-0.113695
0.941656
-0.319314
-0.10641
-0.139209
-0.0816498
-0.986891
0.306439
0.944125
-0.121337
0.940788
-0.321032
-0.108888
-0.144051
-0.0878235
-0.985665
0.306867
0.942988
-0.128868
0.940365
-0.32129
-0.111747
-0.147296
-0.0884789
-0.985127
0.306624
0.942838
-0.130527
0.940462
-0.321726
-0.10965
-0.143417
-0.0831287
-0.986165
0.30816
0.943177
-0.12432
0.940406
-0.320902
-0.112509
-0.143736
-0.0752647
-0.98675
0.308182
0.944117
-0.116905
0.943797
-0.312993
-0.106219
-0.131595
-0.0610328
-0.989423
0.3032
0.947792
-0.0987908
0.950533
-0.293324
-0.102214
-0.120361
-0.0444476
-0.991735
0.286357
0.954979
-0.0775537
0.955428
-0.275084
-0.107172
-0.120485
-0.0319101
-0.992202
0.269519
0.960891
-0.0636313
0.95637
-0.272974
-0.104122
-0.116046
-0.0278604
-0.992853
0.268122
0.961618
-0.0583223
0.957402
-0.269698
-0.103168
-0.115185
-0.0290726
-0.992919
0.264789
0.962506
-0.0588994
0.95828
-0.26836
-0.0983988
-0.110606
-0.0307177
-0.993389
0.263563
0.962829
-0.0591184
0.958375
-0.268783
-0.0962996
-0.109258
-0.0336409
-0.993444
0.263781
0.962613
-0.0616073
0.958447
-0.269001
-0.0949635
-0.108234
-0.034903
-0.993513
0.263941
0.962507
-0.0625677
0.958309
-0.269359
-0.0953453
-0.108766
-0.0353121
-0.99344
0.264225
0.962392
-0.0631369
0.957945
-0.270446
-0.0959179
-0.109407
-0.0352161
-0.993373
0.265276
0.962091
-0.0633239
0.95791
-0.270436
-0.0962996
-0.109774
-0.0351126
-0.993336
0.265253
0.962097
-0.0633215
0.958164
-0.26912
-0.0974447
-0.110827
-0.0349509
-0.993225
0.263891
0.962472
-0.0633144
0.958973
-0.266572
-0.0964904
-0.109464
-0.0342106
-0.993402
0.261512
0.963208
-0.0619871
0.963185
-0.253866
-0.0884716
-0.0981445
-0.0256676
-0.994841
0.250286
0.966899
-0.0496383
0.967985
-0.236165
-0.0850331
-0.092219
-0.0195293
-0.995547
0.233453
0.971517
-0.040683
0.973966
-0.212442
-0.079109
-0.0842769
-0.0153674
-0.996324
0.210446
0.977053
-0.0328713
0.975338
-0.205309
-0.0810203
-0.0861879
-0.0163381
-0.996145
0.203193
0.978561
-0.0336303
0.976517
-0.201063
-0.0773886
-0.0814138
-0.0118157
-0.99661
0.199467
0.979507
-0.0279075
0.976472
-0.200078
-0.080447
-0.0841691
-0.0101529
-0.9964
0.198541
0.979727
-0.0267544
0.976338
-0.199076
-0.08446
-0.0882035
-0.00999579
-0.996052
0.197446
0.979933
-0.0273184
0.977824
-0.192553
-0.0823581
-0.0862926
-0.0121223
-0.996196
0.190822
0.981212
-0.0284694
0.9791
-0.185015
-0.08446
-0.0895943
-0.0195534
-0.995786
0.182584
0.982541
-0.035721
0.980945
-0.177194
-0.0796824
-0.0844337
-0.019425
-0.99624
0.17498
0.983984
-0.034016
0.98262
-0.171083
-0.0720347
-0.0768438
-0.0216477
-0.996808
0.168978
0.985019
-0.0344181
0.983213
-0.165946
-0.0758591
-0.0827837
-0.0352068
-0.995945
0.162603
0.985506
-0.0483534
0.983032
-0.164947
-0.0802558
-0.0891785
-0.0474085
-0.994887
0.160298
0.985162
-0.0613137
0.983649
-0.16253
-0.0775797
-0.0880561
-0.0582678
-0.99441
0.157101
0.984982
-0.0716268
0.98318
-0.165165
-0.0779621
-0.0906329
-0.0706117
-0.993378
0.158567
0.983735
-0.0843934
0.983512
-0.164252
-0.0756679
-0.0905407
-0.0850277
-0.992256
0.156546
0.982747
-0.0984972
0.984339
-0.1609
-0.0720347
-0.0882049
-0.0957221
-0.991492
0.152635
0.982318
-0.108415
0.985055
-0.160435
-0.0626604
-0.079099
-0.0982125
-0.992017
0.153
0.982148
-0.109435
0.985724
-0.158798
-0.055961
-0.0724718
-0.100161
-0.992328
0.151975
0.982217
-0.11024
0.986764
-0.156055
-0.0440877
-0.0598056
-0.097502
-0.993437
0.150732
0.982924
-0.105544
0.989429
-0.143667
-0.0197487
-0.0325324
-0.0871843
-0.995661
0.141322
0.985778
-0.0909365
0.991031
-0.133631
0.000958738
-0.00987978
-0.0804214
-0.996712
0.133268
0.987763
-0.0810203
0.991838
-0.126775
0.0136137
0.0037981
-0.0773473
-0.996997
0.127447
0.988911
-0.0762344
0.992895
-0.116475
0.0243495
0.0156377
-0.0751333
-0.997051
0.11796
0.990348
-0.0727781
0.993784
-0.106738
0.0316331
0.023928
-0.0727106
-0.997066
0.108725
0.991625
-0.0697046
0.993758
-0.100378
0.0486846
0.0418872
-0.0687489
-0.996754
0.1034
0.992571
-0.0641152
0.993057
-0.1005
0.0611293
0.0539295
-0.0728616
-0.995883
0.10454
0.992266
-0.0669359
0.993262
-0.101483
0.055961
0.0473951
-0.0849397
-0.995258
0.105755
0.991205
-0.0795576
0.993656
-0.102101
0.0471524
0.0376378
-0.0931888
-0.994937
0.105978
0.9904
-0.0887548
0.993766
-0.100572
0.0481101
0.03887
-0.0918973
-0.99501
0.104491
0.990677
-0.0874152
0.994167
-0.0938765
0.0530891
0.045026
-0.0860163
-0.995276
0.0979995
0.991861
-0.0812877
0.994681
-0.0904624
0.0492592
0.041503
-0.085705
-0.995456
0.094273
0.992205
-0.0814947
0.995152
-0.08762
0.0446623
0.0372728
-0.0842318
-0.995749
0.0910095
0.992586
-0.0805576
0.99514
-0.0906965
0.0383401
0.0310433
-0.0805386
-0.996268
0.0934459
0.992617
-0.0773317
0.995434
-0.0918782
0.025883
0.0185117
-0.0801941
-0.996607
0.0936421
0.992536
-0.0781271
0.995356
-0.0930261
0.0247329
0.017078
-0.0822017
-0.996469
0.0947307
0.992265
-0.0802313
0.995249
-0.095134
0.0207073
0.0123918
-0.087181
-0.996115
0.0965697
0.99164
-0.0855879
0.995657
-0.0922839
0.0122715
0.00397046
-0.0896025
-0.99597
0.0930115
0.991693
-0.0888469
0.995428
-0.0938029
-0.0180233
-0.0268775
-0.0940017
-0.995209
0.0916593
0.991143
-0.0960931
0.993873
-0.0990426
-0.0490677
-0.0592079
-0.102186
-0.993002
0.0933354
0.989822
-0.107424
0.990858
-0.108153
-0.0806381
-0.0927288
-0.111868
-0.989387
0.0979849
0.98782
-0.120874
0.986498
-0.119369
-0.112128
-0.12597
-0.115533
-0.985284
0.104658
0.986105
-0.12901
0.981234
-0.124655
-0.14711
-0.161932
-0.118537
-0.979657
0.104681
0.985094
-0.136499
0.976009
-0.129129
-0.175305
-0.191593
-0.126869
-0.97324
0.103433
0.983479
-0.148565
0.966251
-0.137276
-0.217979
-0.237474
-0.146759
-0.960244
0.099828
0.979601
-0.174405
0.957911
-0.146789
-0.246698
-0.269502
-0.163864
-0.948956
0.0988713
0.975501
-0.196527
0.950403
-0.153669
-0.270407
-0.296272
-0.182752
-0.937456
0.0946406
0.971075
-0.219216
0.946359
-0.161593
-0.279809
-0.309976
-0.209573
-0.927359
0.0912144
0.964348
-0.248421
0.945854
-0.162627
-0.280913
-0.313771
-0.236497
-0.919575
0.0831127
0.957926
-0.274719
0.946899
-0.164116
-0.276493
-0.312043
-0.261687
-0.913318
0.0775348
0.951097
-0.299002
0.947715
-0.165568
-0.272806
-0.309709
-0.271156
-0.911348
0.0769166
0.948189
-0.308257
0.948599
-0.165347
-0.269853
-0.307129
-0.275208
-0.911006
0.0763666
0.947059
-0.311845
0.948783
-0.165192
-0.269299
-0.306677
-0.276809
-0.910673
0.0758914
0.94662
-0.313292
0.94869
-0.163302
-0.270776
-0.307621
-0.27843
-0.909861
0.0731898
0.946472
-0.314379
0.948288
-0.163795
-0.271883
-0.308868
-0.278801
-0.909324
0.073141
0.946278
-0.314975
0.950963
-0.158816
-0.265419
-0.301208
-0.280431
-0.91139
0.0703115
0.946645
-0.314516
0.961409
-0.1428
-0.23516
-0.266775
-0.27492
-0.923715
0.0672562
0.950803
-0.302406
0.96978
-0.125278
-0.209362
-0.236485
-0.271569
-0.932912
0.0600177
0.95423
-0.292988
0.977868
-0.110342
-0.177759
-0.201613
-0.269931
-0.941536
0.0559083
0.956536
-0.286203
0.983477
-0.099721
-0.151091
-0.173091
-0.273485
-0.946174
0.0530323
0.956693
-0.286227
0.98898
-0.0878411
-0.119175
-0.139123
-0.276122
-0.951
0.0506301
0.9571
-0.2853
0.993372
-0.0769153
-0.0854152
-0.103465
-0.274665
-0.955957
0.0500671
0.958459
-0.280803
0.996791
-0.0635418
-0.0486846
-0.0642084
-0.271484
-0.960299
0.047802
0.960343
-0.274693
0.998488
-0.0519318
-0.0180233
-0.0313648
-0.268956
-0.962642
0.0451442
0.961751
-0.270178
0.999002
-0.0398648
0.0201321
0.0088116
-0.265982
-0.963938
0.043782
0.963153
-0.265365
0.997696
-0.0344487
0.0584497
0.0473474
-0.26351
-0.963494
0.0485932
0.964041
-0.261272
0.994698
-0.0305265
0.098208
0.0871441
-0.256918
-0.962496
0.0546131
0.965951
-0.252896
0.990861
-0.0281268
0.13192
0.121043
-0.246142
-0.961646
0.0595192
0.968826
-0.240488
0.987017
-0.0293437
0.157912
0.146667
-0.23608
-0.960601
0.0654674
0.97129
-0.228712
0.988468
-0.0290074
0.148627
0.137765
-0.2352
-0.962134
0.0628661
0.971514
-0.228492
0.988347
-0.0310904
0.149006
0.138218
-0.226738
-0.964098
0.0637596
0.973459
-0.219799
0.988138
-0.0371542
0.149006
0.137852
-0.213004
-0.967278
0.0676774
0.976345
-0.205356
0.987834
-0.0432141
0.149385
0.138963
-0.185897
-0.972693
0.0698043
0.981619
-0.17763
0.987891
-0.0481522
0.147489
0.137737
-0.165381
-0.976564
0.0714157
0.985053
-0.156746
0.988369
-0.0514055
0.143126
0.13322
-0.161261
-0.977879
0.0733489
0.985572
-0.152537
0.98906
-0.0573384
0.135911
0.125172
-0.161259
-0.978942
0.0780478
0.985245
-0.152318
0.986629
-0.066884
0.148627
0.136808
-0.155771
-0.978273
0.0885827
0.985526
-0.144538
0.985
-0.0768371
0.154502
0.142987
-0.137753
-0.980091
0.0965906
0.987482
-0.1247
0.984035
-0.0824594
0.157722
0.147775
-0.115339
-0.982273
0.0991891
0.989898
-0.101312
0.982993
-0.0884492
0.16094
0.154152
-0.0788975
-0.984892
0.0998107
0.992951
-0.063921
0.982721
-0.0924154
0.160372
0.155942
-0.0533665
-0.986324
0.09971
0.994289
-0.038033
0.981327
-0.101785
0.163211
0.162241
-0.0177917
-0.986591
0.103324
0.994647
-0.000945869
0.980392
-0.108153
0.164724
0.166917
0.0114832
-0.985904
0.104737
0.994068
0.0293105
0.979231
-0.115252
0.166804
0.171798
0.0347779
-0.984518
0.107667
0.992727
0.0538557
0.980132
-0.11593
0.16094
0.166024
0.0355571
-0.98548
0.108524
0.992621
0.0540978
0.981564
-0.11381
0.153555
0.158453
0.0352653
-0.986737
0.106885
0.992876
0.0526487
0.981159
-0.117005
0.153745
0.15884
0.0354874
-0.986666
0.109989
0.992497
0.0534039
0.980919
-0.118503
0.154124
0.159184
0.0344372
-0.986648
0.111613
0.992356
0.052644
0.981453
-0.119905
0.149575
0.153365
0.0229768
-0.987902
0.115017
0.992519
0.0409398
0.982245
-0.120384
0.143885
0.145577
0.00533796
-0.989333
0.118331
0.992713
0.0227683
0.982653
-0.121964
0.139709
0.138928
-0.0149248
-0.99019
0.122853
0.992422
0.00227837
0.983789
-0.122296
0.13116
0.127889
-0.0342534
-0.991197
0.125713
0.991902
-0.0180577
0.984782
-0.122803
0.122982
0.117301
-0.0524923
-0.991708
0.128241
0.991042
-0.0372885
0.984828
-0.123193
0.12222
0.11449
-0.0680174
-0.991093
0.130409
0.990049
-0.0528811
0.98494
-0.119372
0.125075
0.115842
-0.0813992
-0.989927
0.128351
0.989507
-0.0663449
0.985223
-0.115575
0.126406
0.116514
-0.0886996
-0.98922
0.125541
0.989331
-0.0739229
0.984396
-0.111079
0.13648
0.127167
-0.0870337
-0.988056
0.12163
0.989993
-0.07155
0.985018
-0.105414
0.13648
0.12791
-0.084211
-0.988204
0.115664
0.990856
-0.0694659
0.983561
-0.098015
0.15166
0.145044
-0.0714619
-0.986841
0.107563
0.992616
-0.0560706
0.982616
-0.0922154
0.161129
0.155666
-0.0636997
-0.985754
0.101166
0.9937
-0.0482375
0.981901
-0.0868328
0.168316
0.163834
-0.0564404
-0.984872
0.095019
0.994623
-0.0411926
0.981699
-0.0807474
0.172473
0.169046
-0.0475673
-0.98446
0.0876966
0.995599
-0.0330467
0.980059
-0.0777753
0.182851
0.180138
-0.0406443
-0.982801
0.0838695
0.996142
-0.0258236
0.979799
-0.0756754
0.185113
0.182618
-0.0387189
-0.982421
0.0815124
0.99638
-0.0241171
0.976467
-0.076925
0.20148
0.198918
-0.039711
-0.979211
0.0833268
0.996246
-0.0234747
0.976521
-0.0767408
0.201292
0.197473
-0.0545535
-0.978789
0.0860943
0.995558
-0.0381184
0.975255
-0.0826654
0.205047
0.200303
-0.0621852
-0.977759
0.0935777
0.994635
-0.0440883
0.976948
-0.0818655
0.197159
0.191742
-0.0695347
-0.978979
0.093854
0.994215
-0.0522347
0.977275
-0.0801949
0.196219
0.190855
-0.0698896
-0.979127
0.0922346
0.994326
-0.0529958
0.977746
-0.0817437
0.193209
0.187646
-0.0710757
-0.979662
0.0938137
0.994116
-0.0541552
0.978233
-0.08254
0.190387
0.184547
-0.0734604
-0.980075
0.0948812
0.993877
-0.0566289
0.978613
-0.086542
0.18662
0.180048
-0.078443
-0.980525
0.0994957
0.993155
-0.0611836
0.980114
-0.0874324
0.178136
0.170726
-0.0860144
-0.981557
0.101142
0.99245
-0.0693769
0.979766
-0.0927061
0.177382
0.16941
-0.0878097
-0.981626
0.106579
0.991814
-0.0703276
0.979171
-0.104978
0.173795
0.163508
-0.0997833
-0.981483
0.120376
0.989456
-0.0805401
0.979657
-0.11435
0.164913
0.151244
-0.11941
-0.981258
0.131899
0.986238
-0.099686
0.981129
-0.117002
0.153934
0.139048
-0.126241
-0.982206
0.134353
0.985075
-0.10759
0.98072
-0.120388
0.153934
0.138849
-0.125021
-0.98239
0.137513
0.984823
-0.105895
0.981611
-0.127381
0.142177
0.126938
-0.120698
-0.98454
0.142572
0.984483
-0.102309
0.981292
-0.133659
0.13857
0.123242
-0.116864
-0.985472
0.147911
0.984113
-0.0982053
0.981553
-0.133503
0.13686
0.121523
-0.116989
-0.98567
0.147601
0.984119
-0.0986069
0.979743
-0.136894
0.146161
0.133211
-0.0994553
-0.986085
0.149525
0.98558
-0.0792049
0.979669
-0.143977
0.139709
0.130164
-0.0737564
-0.988745
0.152661
0.986829
-0.0535164
0.979445
-0.151435
0.133251
0.126606
-0.0527473
-0.99055
0.157032
0.987059
-0.0324906
0.980477
-0.160461
0.113652
0.109074
-0.0370851
-0.993342
0.163608
0.986345
-0.0188589
0.980697
-0.166102
0.103168
0.100886
-0.0221436
-0.994652
0.167498
0.98586
-0.00495887
0.98044
-0.170123
0.0989712
0.0989857
-0.00841813
-0.995053
0.170114
0.985387
0.00858621
0.980903
-0.172917
0.0890445
0.0917621
0.00777025
-0.995751
0.17149
0.984906
0.0234891
0.981113
-0.175476
0.0814026
0.0856602
0.0168143
-0.996183
0.173438
0.98434
0.0315281
0.97999
-0.181294
0.082167
0.0868535
0.0180513
-0.996058
0.179096
0.983263
0.0334361
0.980894
-0.180099
0.0735646
0.0780656
0.0180233
-0.996785
0.178195
0.983483
0.0317385
0.985274
-0.164352
0.0471524
0.053843
0.0364921
-0.997882
0.162283
0.985727
0.044804
0.986841
-0.158978
0.0295248
0.0411002
0.0700223
-0.996698
0.156386
0.984796
0.0756349
0.986959
-0.158415
0.0285665
0.041102
0.0764279
-0.996228
0.155634
0.98441
0.0819424
0.987993
-0.153532
0.0172564
0.0292332
0.076096
-0.996672
0.151708
0.985209
0.0796705
0.988381
-0.150876
0.0184067
0.0304765
0.0780799
-0.996481
0.148908
0.985464
0.0817709
0.988998
-0.147092
0.0157227
0.0274194
0.0778335
-0.996589
0.145366
0.986056
0.0810103
0.989554
-0.143104
0.0174481
0.0278321
0.0708845
-0.997096
0.141452
0.987166
0.0741269
0.98938
-0.144435
0.0162978
0.0251742
0.0598429
-0.99789
0.143155
0.987703
0.0628434
0.988823
-0.148616
0.0118881
0.0191764
0.047705
-0.998677
0.147853
0.987744
0.0500217
0.988796
-0.149194
0.00479367
0.00977137
0.0326488
-0.999419
0.148951
0.988269
0.0337408
0.98889
-0.148626
-0.00249272
0.00101219
0.0235017
-0.999723
0.148644
0.988614
0.023391
0.988519
-0.151091
0.000958738
0.00320731
0.0146392
-0.999888
0.15106
0.988411
0.0149557
0.988635
-0.150333
0.00115049
0.0024057
0.00816794
-0.999964
0.150318
0.988602
0.00843677
0.98912
-0.14711
0.000958738
0.00173811
0.00516943
-0.999985
0.147103
0.989107
0.00536888
0.989539
-0.144264
0.000383495
0.00126466
0.00601635
-0.999981
0.144259
0.989521
0.00613586
0.989622
-0.143695
0.000191748
0.00137453
0.00813197
-0.999966
0.143689
0.989589
0.00824509
0.989757
-0.142746
0.00191747
0.00359468
0.0114926
-0.999927
0.142714
0.989693
0.011888
0.989724
-0.142935
0.00402669
0.00606782
0.0138472
-0.999886
0.142863
0.989635
0.0145722
0.989589
-0.143884
0.0032597
0.00540491
0.014521
-0.99988
0.143819
0.989488
0.0151475
0.989533
-0.144263
0.0036432
0.00567932
0.0137047
-0.99989
0.144198
0.989444
0.0143805
0.989392
-0.145212
0.00421843
0.00598323
0.0117187
-0.999913
0.14515
0.989331
0.0124632
0.989445
-0.144832
0.00479367
0.00657562
0.0118273
-0.999908
0.144762
0.989386
0.0126548
0.989419
-0.145022
0.00441018
0.00619848
0.0118817
-0.99991
0.144956
0.989357
0.0126549
0.989725
-0.142935
0.0036432
0.00549655
0.0125737
-0.999906
0.142876
0.989652
0.0132302
0.989746
-0.142744
0.00517716
0.00728581
0.0142535
-0.999872
0.142652
0.989657
0.0151473
0.9898
-0.142365
0.00536891
0.00782472
0.016696
-0.99983
0.142251
0.989674
0.0176396
0.989935
-0.141415
0.00556065
0.00845904
0.0199027
-0.999766
0.141272
0.98975
0.0208986
0.989987
-0.141035
0.00594414
0.00896606
0.0208009
-0.999743
0.140876
0.989786
0.0218571
0.990019
-0.140846
0.00498542
0.00814802
0.0218865
-0.999727
0.140699
0.98979
0.0228157
0.989939
-0.141416
0.00479367
0.00807919
0.022668
-0.99971
0.141266
0.989691
0.0235825
0.989197
-0.14654
0.00402669
0.00729758
0.0217901
-0.999736
0.146413
0.988965
0.0226241
0.988203
-0.152983
0.0070946
0.00794966
0.00497827
-0.999956
0.152941
0.988216
0.0061357
0.98737
-0.158287
0.00671112
0.00541226
-0.00863535
-0.999948
0.158336
0.987355
-0.0076696
0.98687
-0.161508
0.00191747
-0.000895026
-0.0173395
-0.999849
0.161517
0.986719
-0.0172564
0.986269
-0.165101
0.00383494
0.00112267
-0.0165181
-0.999863
0.165142
0.986138
-0.016106
0.985423
-0.169819
0.0101624
0.00701752
-0.0191092
-0.999793
0.169978
0.98529
-0.0176389
0.985496
-0.169637
0.00460193
-0.00141895
-0.0353543
-0.999374
0.169694
0.984872
-0.0350822
0.985987
-0.166415
0.0116963
0.00440852
-0.0440953
-0.999018
0.166767
0.98507
-0.0427437
0.986272
-0.164518
0.0141888
0.00555718
-0.0528083
-0.998589
0.165035
0.984959
-0.0511691
0.986524
-0.162228
0.0212824
0.0112297
-0.0626333
-0.997973
0.163232
0.984763
-0.0599674
0.986266
-0.162574
0.0291415
0.0180021
-0.0695764
-0.997414
0.164181
0.98424
-0.0656942
0.985598
-0.166543
0.0293332
0.0177169
-0.0708117
-0.997332
0.168176
0.983488
-0.0668413
0.98548
-0.16769
0.0266498
0.0185597
-0.0496282
-0.998595
0.168777
0.98459
-0.0457954
0.985184
-0.170362
0.0197487
0.0150103
-0.0290573
-0.999465
0.170845
0.984953
-0.0260696
0.985241
-0.17115
0.00268446
-0.00155619
-0.0246384
-0.999695
0.171164
0.984937
-0.0245411
0.985663
-0.168693
0.0032597
-0.000604423
-0.0228498
-0.999739
0.168724
0.985404
-0.0226242
0.99086
-0.134188
-0.0138054
-0.015352
-0.010498
-0.999827
0.13402
0.9909
-0.0124621
0.995119
-0.0947365
-0.0276081
-0.0275566
0.00185291
-0.999619
0.0947515
0.995501
-0.000766744
0.998049
-0.0467292
-0.0414056
-0.0408558
0.0126623
-0.999085
0.0472108
0.998827
0.0107284
0.998825
0.00383047
-0.0483016
-0.0483725
0.0212887
-0.998602
-0.00279683
0.999766
0.021449
0.996836
0.0566385
-0.0557696
-0.0571718
0.0234443
-0.998089
-0.0552228
0.998119
0.0266083
0.992839
0.101824
-0.062469
-0.0650514
0.0222375
-0.997634
-0.100194
0.994554
0.028702
0.986637
0.143068
-0.0779621
-0.0818992
0.0218309
-0.996402
-0.140852
0.989472
0.0332564
0.982374
0.163094
-0.0913361
-0.0975112
0.0302499
-0.994775
-0.159479
0.986147
0.0456202
0.980162
0.177829
-0.0875166
-0.0995689
0.0600044
-0.99322
-0.171372
0.98223
0.0765203
0.979141
0.186579
-0.080447
-0.0974366
0.0837389
-0.991713
-0.178296
0.978865
0.100172
0.978253
0.192053
-0.0783444
-0.0987633
0.0991497
-0.990159
-0.182395
0.976363
0.115961
0.979032
0.189283
-0.0752855
-0.096253
0.10413
-0.989895
-0.179531
0.976386
0.120165
0.97971
0.186882
-0.0724171
-0.0927876
0.102655
-0.99038
-0.17765
0.977004
0.117913
0.979436
0.184689
-0.0812114
-0.0985639
0.0867884
-0.991339
-0.176042
0.978957
0.103207
0.979476
0.181198
-0.0882806
-0.101961
0.0676135
-0.992488
-0.173868
0.98112
0.0847011
0.979011
0.176651
-0.101642
-0.108785
0.0312042
-0.993575
-0.172344
0.983779
0.0497662
0.979301
0.168765
-0.111747
-0.112651
-0.00423712
-0.993626
-0.168162
0.985647
0.0148621
0.979947
0.158832
-0.120317
-0.114524
-0.0451714
-0.992393
-0.163058
0.986272
-0.0260756
0.980962
0.148397
-0.125265
-0.113999
-0.082167
-0.990077
-0.157217
0.985508
-0.0636857
0.982726
0.134814
-0.126787
-0.110605
-0.121425
-0.986419
-0.148378
0.983403
-0.104416
0.984165
0.119853
-0.13059
-0.11057
-0.160707
-0.980789
-0.138537
0.979698
-0.14491
0.986473
0.107292
-0.123933
-0.101358
-0.194954
-0.975561
-0.128831
0.974926
-0.181442
0.987941
0.0976862
-0.120127
-0.0959443
-0.222695
-0.970155
-0.121522
0.969982
-0.210637
0.989145
0.091489
-0.114985
-0.0895382
-0.245194
-0.96533
-0.116511
0.965147
-0.234341
0.990449
0.0843358
-0.109079
-0.082967
-0.267316
-0.960031
-0.110123
0.959911
-0.257766
0.991928
0.0775689
-0.100307
-0.0739952
-0.288295
-0.954678
-0.102971
0.954395
-0.280228
0.993008
0.0711431
-0.0941999
-0.0690041
-0.297628
-0.952185
-0.0957779
0.952028
-0.290638
0.993219
0.071924
-0.0913361
-0.0659888
-0.29803
-0.952273
-0.0957122
0.951843
-0.291263
0.993495
0.0709865
-0.0890445
-0.0641789
-0.296898
-0.95275
-0.0940696
0.952267
-0.290411
0.994019
0.0708324
-0.0831224
-0.059273
-0.289352
-0.955386
-0.0917239
0.954598
-0.283423
0.994404
0.0748855
-0.0745207
-0.0515898
-0.271353
-0.961096
-0.0921936
0.959562
-0.265971
0.99524
0.0784039
-0.0578754
-0.0373515
-0.241635
-0.969648
-0.0900089
0.967195
-0.237556
0.995654
0.0799735
-0.047727
-0.0299938
-0.209811
-0.977282
-0.0881703
0.974466
-0.206501
0.995894
0.081915
-0.0385317
-0.0229667
-0.183088
-0.982828
-0.0875631
0.979678
-0.180455
0.995997
0.0842312
-0.0299082
-0.0168115
-0.152101
-0.988222
-0.0877882
0.984769
-0.150077
0.995975
0.0867303
-0.0226243
-0.011716
-0.124276
-0.992179
-0.0888636
0.98845
-0.12276
0.996111
0.0861648
-0.0184067
-0.0101554
-0.0952386
-0.995403
-0.0875217
0.991718
-0.0939931
0.99647
0.0833091
-0.0103542
-0.00401661
-0.0758839
-0.997109
-0.0838539
0.99363
-0.0752814
0.99641
0.0840736
-0.00997071
-0.00424225
-0.0680415
-0.997673
-0.0845565
0.994134
-0.0674406
0.996187
0.0865563
-0.0109294
-0.00547639
-0.0629882
-0.997999
-0.0870715
0.994254
-0.062274
0.995867
0.0903777
-0.00901202
-0.00320714
-0.0641697
-0.997934
-0.0907693
0.993838
-0.0636146
0.995525
0.0943898
-0.00460193
0.00157773
-0.0652906
-0.997865
-0.0944888
0.993392
-0.0651473
0.994898
0.100879
0.00076699
0.0071213
-0.0626443
-0.998011
-0.10063
0.992925
-0.0630432
0.99442
0.104685
0.0130385
0.0186062
-0.0523864
-0.998454
-0.10384
0.993125
-0.0540418
0.993895
0.109256
0.0153392
0.0201748
-0.0432918
-0.998859
-0.108468
0.99307
-0.0452317
0.993922
0.109066
0.0149558
0.0193079
-0.0389572
-0.999054
-0.108381
0.993271
-0.0408263
0.993717
0.110973
0.0145723
0.0183882
-0.0334401
-0.999272
-0.110405
0.993261
-0.0352705
0.993669
0.111546
0.0134219
0.0164555
-0.0263201
-0.999518
-0.111139
0.993411
-0.027989
0.993691
0.111742
0.00958723
0.0132709
-0.0322686
-0.999391
-0.111364
0.993213
-0.033548
0.993539
0.113268
0.0070946
0.0125768
-0.047759
-0.99878
-0.112791
0.992416
-0.0488749
0.993533
0.11346
0.00441018
0.0129978
-0.0750602
-0.997094
-0.1128
0.990703
-0.0760495
0.993367
0.114985
0.000191748
0.0124031
-0.105493
-0.994343
-0.114315
0.98775
-0.106219
0.993144
0.116504
-0.00958723
0.0067593
-0.139109
-0.990254
-0.116702
0.9834
-0.138943
0.99263
0.119532
-0.0199404
-0.000274787
-0.162327
-0.986737
-0.121183
0.97947
-0.161097
0.992554
0.118364
-0.0287582
-0.006539
-0.183977
-0.982909
-0.121632
0.975778
-0.181833
0.992272
0.119296
-0.0341244
-0.00870878
-0.207382
-0.978221
-0.123774
0.970959
-0.20474
0.992344
0.117953
-0.0366156
-0.00841057
-0.231241
-0.97286
-0.123219
0.96572
-0.228479
0.992548
0.115083
-0.0400645
-0.010643
-0.245655
-0.969299
-0.121392
0.962502
-0.242599
0.993073
0.109744
-0.0419804
-0.0130257
-0.252256
-0.967573
-0.116775
0.961417
-0.249079
0.993865
0.100582
-0.0460032
-0.0189512
-0.254916
-0.966778
-0.108967
0.961718
-0.251446
0.994184
0.0911861
-0.0573011
-0.0325097
-0.253141
-0.966883
-0.102672
0.963123
-0.248704
0.994261
0.0835083
-0.06687
-0.0441899
-0.248667
-0.96758
-0.0974294
0.964982
-0.24355
0.993212
0.0797773
-0.084651
-0.0625093
-0.247664
-0.966827
-0.0980959
0.965556
-0.240996
0.992888
0.0807095
-0.0875166
-0.0659011
-0.23961
-0.96863
-0.0991474
0.967509
-0.232587
0.993907
0.0777236
-0.0781532
-0.0584755
-0.229219
-0.971617
-0.0934318
0.970267
-0.223278
0.99466
0.0676201
-0.0779621
-0.0614617
-0.218719
-0.97385
-0.0829037
0.973442
-0.213395
0.995307
0.0573176
-0.0779621
-0.0645428
-0.207036
-0.976202
-0.0720945
0.976653
-0.202365
0.996133
0.0452996
-0.0752855
-0.0647863
-0.20012
-0.977627
-0.0593523
0.978724
-0.196412
0.996725
0.0344152
-0.0731821
-0.0651208
-0.195008
-0.978637
-0.0479511
0.980198
-0.192128
0.99751
0.0235306
-0.0664873
-0.0610022
-0.185284
-0.98079
-0.0353976
0.982403
-0.183387
0.998391
0.0130186
-0.0551952
-0.0522425
-0.167499
-0.984487
-0.0220618
0.985786
-0.16655
0.998665
0.00555331
-0.0513657
-0.0498736
-0.155919
-0.98651
-0.0134873
0.987754
-0.155433
0.998741
-0.00383014
-0.0500252
-0.0500427
-0.147488
-0.987797
-0.00359472
0.989056
-0.147494
0.998836
-0.00919343
-0.047344
-0.0481644
-0.139651
-0.989029
0.00248092
0.990158
-0.139932
0.998825
-0.0134074
-0.0465778
-0.0479303
-0.130338
-0.99031
0.00720658
0.991379
-0.130828
0.998838
-0.0149401
-0.0458116
-0.0473365
-0.126473
-0.99084
0.00900926
0.991858
-0.127033
0.998826
-0.0187714
-0.0446623
-0.0465857
-0.119082
-0.991791
0.0132988
0.992707
-0.119817
0.99902
-0.0210747
-0.0389149
-0.0409005
-0.103854
-0.993751
0.0169015
0.994369
-0.104614
0.999097
-0.0270186
-0.032783
-0.034951
-0.0841191
-0.995843
0.0241486
0.996089
-0.0849875
0.998941
-0.0342999
-0.0306748
-0.0329198
-0.0669276
-0.997215
0.0321514
0.997168
-0.0679859
0.998648
-0.0419606
-0.0306748
-0.0326552
-0.0473555
-0.998344
0.0404385
0.997996
-0.0486617
0.998063
-0.0528692
-0.032783
-0.0343542
-0.0290899
-0.998986
0.051862
0.998178
-0.0308498
0.997551
-0.0614779
-0.0333579
-0.0341173
-0.0113447
-0.999353
0.0610597
0.998044
-0.0134144
0.997037
-0.0693183
-0.0333579
-0.032998
0.0063306
-0.999435
0.0694904
0.997574
0.00402448
0.996496
-0.0773494
-0.0318247
-0.0298804
0.0261654
-0.999211
0.078121
0.996661
0.0237624
0.995705
-0.0865144
-0.0329746
-0.0293901
0.0423845
-0.998669
0.0877968
0.995349
0.0396598
0.995136
-0.0941605
-0.0289498
-0.0237611
0.0557669
-0.998161
0.0956017
0.993994
0.0532582
0.99479
-0.0985561
-0.0260747
-0.0196999
0.0651112
-0.997684
0.100026
0.992999
0.0628304
0.99433
-0.103904
-0.0226243
-0.0148557
0.0749407
-0.997077
0.105296
0.99176
0.0729722
0.993989
-0.108109
-0.0172564
-0.00804542
0.0850643
-0.996343
0.109182
0.990493
0.0836832
0.993652
-0.11193
-0.0113129
-0.000992438
0.0918334
-0.995774
0.112496
0.989464
0.0911393
0.993433
-0.114414
-0.000575243
0.0105366
0.0964911
-0.995278
0.113929
0.988736
0.097063
0.993542
-0.113461
0.000191748
0.0113541
0.0977417
-0.995147
0.112892
0.988723
0.0983988
0.993563
-0.113271
0.00134223
0.0128182
0.100647
-0.99484
0.112551
0.988453
0.101451
0.993426
-0.114413
0.00383494
0.0151147
0.0978847
-0.995083
0.113475
0.988599
0.0989706
0.993073
-0.116495
0.0153392
0.0261861
0.0921584
-0.9954
0.114546
0.988906
0.0945706
0.992447
-0.118159
0.0329746
0.0434705
0.0873825
-0.995226
0.114713
0.989142
0.0918589
0.991773
-0.119236
0.0465778
0.0570637
0.0860949
-0.994651
0.114588
0.989126
0.0921906
0.9919
-0.118094
0.0467693
0.0571975
0.0865173
-0.994607
0.11341
0.989226
0.0925712
0.992184
-0.117163
0.0429383
0.0531748
0.0856916
-0.994902
0.112886
0.989409
0.0912519
0.992235
-0.117554
0.0406393
0.0508689
0.0853714
-0.99505
0.113503
0.98939
0.0906883
0.992871
-0.116472
0.025308
0.0340986
0.0741117
-0.996667
0.114208
0.990425
0.0775549
0.993253
-0.113621
0.0231994
0.0288565
0.0483997
-0.998411
0.112318
0.992345
0.0513519
0.993459
-0.112294
0.0207073
0.0233265
0.0220609
-0.999484
0.11178
0.99343
0.024536
0.99365
-0.111737
0.0132302
0.0122041
-0.00986228
-0.999877
0.111854
0.993689
-0.008436
0.993761
-0.111171
0.00901202
0.00566982
-0.0303433
-0.999523
0.111391
0.993338
-0.0295236
0.993946
-0.109455
0.00958723
0.00496815
-0.0423958
-0.999089
0.109762
0.993087
-0.0415953
0.994511
-0.104309
0.00824505
0.00271083
-0.053087
-0.998586
0.104599
0.993127
-0.0525128
0.995372
-0.0959162
-0.00594414
-0.0133402
-0.0766536
-0.996969
0.0951697
0.992434
-0.0775783
0.995877
-0.0884536
-0.0201321
-0.0293371
-0.104032
-0.994141
0.085841
0.990633
-0.106198
0.996211
-0.0819411
-0.0291415
-0.0401226
-0.135737
-0.989932
0.0771605
0.987351
-0.138511
0.995659
-0.0803582
-0.0469609
-0.0599958
-0.168381
-0.983894
0.0711567
0.982441
-0.172471
0.996207
-0.074445
-0.0450454
-0.0582615
-0.186186
-0.980786
0.0646278
0.97969
-0.189817
0.99688
-0.0662349
-0.0429383
-0.0552469
-0.196936
-0.978859
0.0563785
0.978176
-0.199981
0.99779
-0.0563089
-0.0352742
-0.0458297
-0.198838
-0.97896
0.0481103
0.978413
-0.20098
0.998447
-0.0477073
-0.0287582
-0.0377759
-0.200469
-0.978971
0.0409389
0.978538
-0.20196
0.999139
-0.0369923
-0.0187902
-0.0258903
-0.201975
-0.979048
0.0324221
0.978692
-0.202759
0.999481
-0.0320162
-0.0036432
-0.0100173
-0.201263
-0.979486
0.0306262
0.979014
-0.201479
0.999463
-0.0287546
0.0157227
0.00955758
-0.203154
-0.9791
0.0313478
0.978725
-0.20277
0.99891
-0.0314227
0.0345077
0.0270416
-0.212942
-0.976691
0.0380384
0.97656
-0.21186
0.998654
-0.0342901
0.0389149
0.0302024
-0.225506
-0.973774
0.0421663
0.973638
-0.224167
0.998581
-0.0375469
0.0377653
0.0280618
-0.231716
-0.972379
0.0452606
0.972059
-0.230334
0.998304
-0.0434803
0.0387233
0.0276742
-0.230802
-0.972607
0.0512267
0.972029
-0.229207
0.998091
-0.0463476
0.0408309
0.0299128
-0.215667
-0.976009
0.0540415
0.975367
-0.213868
0.99759
-0.0505425
0.0475355
0.0359541
-0.209386
-0.977172
0.059342
0.976526
-0.207065
0.997855
-0.0513233
0.0406393
0.0288421
-0.212624
-0.976708
0.0587688
0.975785
-0.210688
0.997744
-0.0520849
0.0423635
0.0303047
-0.213669
-0.976436
0.0599094
0.975517
-0.211609
0.997657
-0.0534232
0.0427467
0.0307322
-0.208302
-0.977582
0.0611298
0.976604
-0.206172
0.997529
-0.056486
0.0417888
0.0300614
-0.194467
-0.980448
0.0635082
0.979281
-0.192289
0.997564
-0.0605187
0.0346994
0.0235592
-0.175922
-0.984122
0.0656622
0.982542
-0.174068
0.997358
-0.0647301
0.0329746
0.0216147
-0.168937
-0.98539
0.069355
0.983499
-0.167091
0.997188
-0.0695209
0.0279915
0.0159737
-0.167754
-0.9857
0.0732224
0.983375
-0.166172
0.997174
-0.0700964
0.0270331
0.0149063
-0.168074
-0.985662
0.0736349
0.983279
-0.166554
0.997088
-0.0704746
0.0291415
0.0169298
-0.168038
-0.985635
0.0743592
0.983258
-0.166355
0.996819
-0.0741063
0.0293332
0.0164013
-0.169431
-0.985406
0.0779948
0.982752
-0.167677
0.996715
-0.0764051
0.0268414
0.0131486
-0.174366
-0.984593
0.0799082
0.981712
-0.172789
0.996686
-0.0760184
0.0289498
0.0152249
-0.175272
-0.984402
0.0799068
0.981581
-0.173533
0.996466
-0.0794618
0.0272248
0.0129741
-0.174624
-0.98455
0.0829882
0.981424
-0.172976
0.996246
-0.0832903
0.0235828
0.00866367
-0.175126
-0.984508
0.08613
0.981017
-0.173747
0.995687
-0.0892065
0.0254997
0.00971507
-0.173086
-0.984859
0.0922695
0.980859
-0.171473
0.994941
-0.0966449
0.0274165
0.011047
-0.166002
-0.986063
0.0998492
0.981378
-0.164095
0.99399
-0.105025
0.0308665
0.0138845
-0.158734
-0.987224
0.108583
0.98172
-0.156322
0.993404
-0.109588
0.0337412
0.0165854
-0.153838
-0.987957
0.113459
0.982
-0.151006
0.992627
-0.11625
0.0343161
0.017038
-0.146481
-0.989067
0.120006
0.982359
-0.143421
0.992049
-0.122744
0.0277998
0.0104524
-0.139771
-0.990129
0.125418
0.982547
-0.137377
0.991461
-0.127886
0.0254997
0.00861708
-0.130866
-0.991363
0.130118
0.983117
-0.128646
0.990777
-0.133403
0.0237745
0.00692035
-0.125407
-0.992081
0.135328
0.983095
-0.123327
0.990317
-0.13721
0.0210907
0.00428022
-0.121675
-0.992561
0.138755
0.983041
-0.11991
0.990089
-0.139307
0.0178316
0.00111578
-0.11916
-0.992874
0.140439
0.983054
-0.117823
0.989539
-0.142908
0.0197487
0.00361682
-0.112273
-0.993671
0.144221
0.983347
-0.110582
0.989094
-0.144781
0.0270331
0.0116913
-0.105786
-0.99432
0.146818
0.983793
-0.10294
0.988973
-0.145538
0.0274165
0.0121289
-0.104907
-0.994408
0.1476
0.983775
-0.101985
0.988745
-0.146667
0.0295248
0.0144256
-0.102966
-0.99458
0.148912
0.983812
-0.099691
0.989117
-0.143815
0.0310581
0.0165679
-0.100878
-0.994761
0.146195
0.984449
-0.0973977
0.989101
-0.142264
0.0379569
0.0237415
-0.10032
-0.994672
0.145314
0.984732
-0.0958488
0.988928
-0.141272
0.0454285
0.0315339
-0.0990825
-0.994579
0.145007
0.985
-0.0935306
0.988725
-0.139502
0.0544294
0.0405783
-0.10028
-0.994131
0.144141
0.985131
-0.0934885
0.989064
-0.136456
0.055961
0.0423693
-0.100552
-0.994029
0.141269
0.98553
-0.0936711
0.989776
-0.129406
0.059981
0.0481328
-0.0928205
-0.994519
0.134264
0.987238
-0.0856429
0.990208
-0.127724
0.0563439
0.0450033
-0.0900013
-0.994924
0.132147
0.987718
-0.083372
0.990348
-0.12697
0.0555782
0.0445168
-0.0883543
-0.995094
0.131258
0.987964
-0.0818492
0.990654
-0.126044
0.0521317
0.0412938
-0.0871201
-0.995342
0.129999
0.988192
-0.0811011
0.991836
-0.123683
0.0310581
0.0202097
-0.0880193
-0.995914
0.125911
0.98841
-0.0848011
0.992099
-0.125455
0.00076699
-0.0104851
-0.0890052
-0.995976
0.125018
0.988099
-0.0896174
0.991758
-0.126378
-0.0210907
-0.0320704
-0.0854854
-0.995823
0.124047
0.988292
-0.0888338
0.99089
-0.128392
-0.0406393
-0.0514173
-0.0817786
-0.995323
0.124468
0.988346
-0.0876352
0.989783
-0.129793
-0.0590239
-0.0694863
-0.0776126
-0.994559
0.124505
0.988499
-0.0858384
0.98948
-0.131297
-0.0607466
-0.0708475
-0.073679
-0.994762
0.126134
0.988601
-0.082206
0.989394
-0.132637
-0.0592153
-0.0696051
-0.0751132
-0.994743
0.127492
0.988314
-0.0835488
0.989852
-0.134051
-0.0471524
-0.0583162
-0.0806107
-0.995038
0.129585
0.98769
-0.0876101
0.989689
-0.135962
-0.0450454
-0.0570722
-0.0858953
-0.994668
0.131368
0.986983
-0.0927693
0.989147
-0.140335
-0.043513
-0.0571619
-0.0947428
-0.993859
0.135351
0.985561
-0.101736
0.988999
-0.143798
-0.0346994
-0.0495075
-0.100716
-0.993683
0.139395
0.984469
-0.106727
0.988739
-0.146859
-0.0287582
-0.0445488
-0.105392
-0.993432
0.142864
0.983527
-0.110748
0.988109
-0.151223
-0.0277998
-0.0446927
-0.109484
-0.992983
0.147118
0.982418
-0.114941
0.987845
-0.152539
-0.0299082
-0.0479597
-0.116071
-0.992082
0.14786
0.981458
-0.121975
0.987485
-0.154811
-0.0300998
-0.0496217
-0.123828
-0.991062
0.1497
0.980153
-0.12996
0.98756
-0.152495
-0.0383401
-0.0583085
-0.12871
-0.989967
0.146031
0.979887
-0.136
0.987251
-0.154193
-0.0394897
-0.0596275
-0.128245
-0.989948
0.147578
0.979683
-0.135805
0.987127
-0.154173
-0.0425551
-0.0626562
-0.127965
-0.989798
0.147155
0.979722
-0.135977
0.986764
-0.155668
-0.0454285
-0.0661757
-0.130805
-0.989197
0.148044
0.979111
-0.139375
0.986766
-0.154117
-0.0504082
-0.0710986
-0.131835
-0.988719
0.145733
0.979218
-0.141048
0.986953
-0.152402
-0.0519402
-0.0718729
-0.128345
-0.989122
0.144078
0.97995
-0.137624
0.986738
-0.152369
-0.055961
-0.0752853
-0.124166
-0.989401
0.143805
0.980493
-0.13399
0.986832
-0.150446
-0.0594068
-0.0779611
-0.120598
-0.989635
0.141723
0.981235
-0.130738
0.986628
-0.150222
-0.0632345
-0.0819058
-0.121547
-0.989201
0.140913
0.981152
-0.132225
0.986748
-0.148691
-0.0649567
-0.0853736
-0.13533
-0.987116
0.137985
0.97958
-0.146231
0.986507
-0.148655
-0.0685917
-0.0914183
-0.152617
-0.984048
0.135816
0.977041
-0.164147
0.98687
-0.146582
-0.0678265
-0.0929
-0.17163
-0.980771
0.132122
0.974196
-0.182994
0.987122
-0.145845
-0.065722
-0.092482
-0.185065
-0.978365
0.130527
0.971844
-0.19617
0.987529
-0.143584
-0.064574
-0.0919495
-0.193076
-0.976866
0.127795
0.970621
-0.20387
0.988047
-0.140759
-0.0628518
-0.0903485
-0.198415
-0.975945
0.124902
0.969958
-0.208761
0.988604
-0.138325
-0.0594068
-0.0865882
-0.199665
-0.976031
0.123148
0.970052
-0.209367
0.989022
-0.136837
-0.0557696
-0.0827122
-0.199913
-0.976316
0.122447
0.970212
-0.209036
0.988883
-0.139331
-0.0519402
-0.0799356
-0.203574
-0.975791
0.125384
0.969095
-0.212449
0.989366
-0.137658
-0.0469609
-0.0757914
-0.212366
-0.974247
0.12414
0.967446
-0.220541
0.989136
-0.139366
-0.0467693
-0.0769358
-0.219673
-0.972535
0.125265
0.965568
-0.228009
0.98892
-0.140303
-0.0484931
-0.0793139
-0.22325
-0.971529
0.125483
0.964611
-0.231904
0.988622
-0.142195
-0.0490677
-0.0806362
-0.225606
-0.970876
0.126984
0.963786
-0.234505
0.988493
-0.142757
-0.0500252
-0.0819067
-0.227089
-0.970424
0.127175
0.963354
-0.236169
0.98777
-0.145748
-0.0553867
-0.0881516
-0.22903
-0.96942
0.128605
0.962446
-0.239077
0.987529
-0.146486
-0.057684
-0.0908297
-0.230849
-0.968741
0.128591
0.961899
-0.241276
0.98653
-0.152336
-0.0595982
-0.0942412
-0.231496
-0.968261
0.133705
0.960835
-0.242734
0.985312
-0.156213
-0.0689743
-0.104492
-0.232084
-0.967067
0.135061
0.96007
-0.244998
0.981014
-0.167898
-0.097063
-0.135958
-0.238499
-0.961579
0.138298
0.956519
-0.256798
0.975744
-0.182637
-0.120698
-0.164882
-0.250433
-0.95399
0.144008
0.950751
-0.274472
0.971645
-0.193079
-0.13648
-0.183795
-0.253633
-0.949679
0.148747
0.947835
-0.281928
0.966481
-0.202283
-0.158101
-0.20732
-0.251683
-0.945344
0.151436
0.946434
-0.285184
0.964815
-0.205993
-0.1634
-0.213264
-0.249605
-0.944572
0.15379
0.946184
-0.284754
0.963329
-0.212252
-0.164157
-0.215134
-0.245334
-0.945267
0.160361
0.945918
-0.282
0.960565
-0.218993
-0.17134
-0.224164
-0.24531
-0.943172
0.164517
0.944386
-0.284726
0.956229
-0.229803
-0.181154
-0.237439
-0.247521
-0.939338
0.171023
0.941235
-0.291251
0.952931
-0.236562
-0.189634
-0.247681
-0.246672
-0.936914
0.174861
0.939783
-0.293653
0.950779
-0.243007
-0.192269
-0.252367
-0.247212
-0.93552
0.179807
0.937995
-0.296371
0.951104
-0.241731
-0.192269
-0.251761
-0.246111
-0.935973
0.178934
0.938614
-0.294936
0.952014
-0.239631
-0.190387
-0.247948
-0.239198
-0.938779
0.179421
0.940936
-0.287136
0.954479
-0.22977
-0.190198
-0.240775
-0.217131
-0.945982
0.17606
0.948715
-0.26257
0.954194
-0.221008
-0.201668
-0.244616
-0.18817
-0.951186
0.172272
0.956947
-0.233613
0.95525
-0.209896
-0.208424
-0.242471
-0.152047
-0.95817
0.169425
0.965829
-0.196137
0.957372
-0.199994
-0.208424
-0.235399
-0.122003
-0.964211
0.167408
0.972172
-0.16388
0.959791
-0.190914
-0.205798
-0.225784
-0.0893996
-0.970067
0.166801
0.977527
-0.12891
0.962841
-0.17984
-0.20148
-0.214627
-0.0567118
-0.975048
0.163926
0.98206
-0.093203
0.965144
-0.171475
-0.197722
-0.205034
-0.0258531
-0.978413
0.162661
0.984849
-0.0601101
0.964065
-0.173381
-0.201292
-0.205693
-0.0076077
-0.978587
0.168137
0.984825
-0.0429976
0.964513
-0.173271
-0.199226
-0.202754
-0.00272452
-0.979226
0.169129
0.98487
-0.0377593
0.964654
-0.174633
-0.197347
-0.200156
0.00155546
-0.979763
0.171406
0.984632
-0.0334534
0.965428
-0.174773
-0.193397
-0.19706
-0.00367872
-0.980385
0.170634
0.984602
-0.0379923
0.967011
-0.177742
-0.182474
-0.187396
-0.0111609
-0.982221
0.172546
0.984014
-0.0441009
0.967848
-0.180199
-0.175494
-0.181604
-0.0178522
-0.98321
0.174041
0.983468
-0.050003
0.969417
-0.182608
-0.163967
-0.170802
-0.0222388
-0.985054
0.176232
0.982934
-0.0527484
0.969328
-0.182399
-0.164724
-0.171675
-0.0228858
-0.984888
0.175872
0.982958
-0.0534971
0.968033
-0.183885
-0.170584
-0.17912
-0.0307296
-0.983347
0.175581
0.982467
-0.0626848
0.966258
-0.186045
-0.178136
-0.189299
-0.0439195
-0.980937
0.174674
0.981559
-0.0776557
0.964969
-0.189061
-0.181909
-0.19533
-0.0548029
-0.979205
0.17516
0.980435
-0.0898122
0.966641
-0.187272
-0.174739
-0.188138
-0.0561966
-0.980534
0.173807
0.980699
-0.0895549
0.967385
-0.185877
-0.172095
-0.184836
-0.0534079
-0.981317
0.173213
0.981121
-0.0860227
0.968458
-0.183389
-0.168694
-0.180476
-0.049452
-0.982335
0.171807
0.981796
-0.0809894
0.968891
-0.183856
-0.16567
-0.177136
-0.0476858
-0.98303
0.172836
0.981796
-0.0787698
0.968985
-0.183873
-0.165102
-0.176481
-0.0472265
-0.983171
0.172982
0.981815
-0.0782119
0.966423
-0.186269
-0.177004
-0.189569
-0.0518117
-0.9805
0.173465
0.981132
-0.0853827
0.963891
-0.188849
-0.18775
-0.202836
-0.0638342
-0.97713
0.172545
0.979929
-0.0998347
0.961199
-0.191194
-0.19885
-0.217736
-0.0832445
-0.972451
0.169374
0.978016
-0.121644
0.95878
-0.194539
-0.207111
-0.23002
-0.103436
-0.967673
0.166827
0.975426
-0.14392
0.956312
-0.197094
-0.21592
-0.242715
-0.123567
-0.962196
0.162963
0.972566
-0.166007
0.953378
-0.201641
-0.224523
-0.256241
-0.147901
-0.955231
0.159406
0.968228
-0.192674
0.951056
-0.204772
-0.231431
-0.266628
-0.165183
-0.949539
0.156211
0.964771
-0.211697
0.952258
-0.202739
-0.228259
-0.264016
-0.171435
-0.949161
0.153301
0.964109
-0.216777
0.953318
-0.200673
-0.225644
-0.261155
-0.172752
-0.949713
0.151602
0.964307
-0.217094
0.952712
-0.202072
-0.226952
-0.262696
-0.172271
-0.949375
0.152745
0.9641
-0.217209
0.942616
-0.207309
-0.26172
-0.298238
-0.170416
-0.939155
0.150094
0.963318
-0.222464
0.933055
-0.211969
-0.290652
-0.329099
-0.176696
-0.927617
0.145269
0.96117
-0.234626
0.923548
-0.217458
-0.315866
-0.356373
-0.182493
-0.916349
0.141624
0.958858
-0.246037
0.91399
-0.225035
-0.337612
-0.380796
-0.188526
-0.905236
0.140061
0.955938
-0.258003
0.909248
-0.227755
-0.348419
-0.392836
-0.192709
-0.899191
0.137652
0.954459
-0.26469
0.910322
-0.228395
-0.345181
-0.39069
-0.198799
-0.898799
0.136659
0.953055
-0.270203
0.911221
-0.228063
-0.343021
-0.389785
-0.208107
-0.897084
0.133207
0.951146
-0.278527
0.915222
-0.227015
-0.332915
-0.380336
-0.213803
-0.899796
0.133088
0.950133
-0.282019
0.923499
-0.218194
-0.315502
-0.361715
-0.221476
-0.9056
0.127721
0.950442
-0.283457
0.926723
-0.213335
-0.309309
-0.354699
-0.225061
-0.907489
0.123986
0.950703
-0.284239
0.926659
-0.215192
-0.308214
-0.35433
-0.226257
-0.907336
0.125516
0.95
-0.285912
0.927
-0.216583
-0.306207
-0.352671
-0.225488
-0.908173
0.127649
0.949867
-0.28541
0.928404
-0.225377
-0.295418
-0.343607
-0.218134
-0.913429
0.141425
0.949538
-0.279957
0.924847
-0.238648
-0.296151
-0.3467
-0.208814
-0.914437
0.156388
0.94839
-0.27586
0.921617
-0.252764
-0.294502
-0.346476
-0.193971
-0.917785
0.174859
0.947885
-0.266344
0.918487
-0.266547
-0.292119
-0.343144
-0.170045
-0.923762
0.196553
0.948703
-0.247648
0.914076
-0.280923
-0.292486
-0.342997
-0.150728
-0.927165
0.216375
0.94782
-0.234133
0.909682
-0.293377
-0.293952
-0.343382
-0.133211
-0.929701
0.233595
0.946671
-0.22192
0.90348
-0.305789
-0.30036
-0.345564
-0.105059
-0.932495
0.253591
0.946285
-0.200589
0.901745
-0.317782
-0.293036
-0.331217
-0.0723511
-0.940777
0.27776
0.945399
-0.170497
0.897993
-0.326756
-0.294685
-0.328007
-0.0507021
-0.943314
0.293292
0.943748
-0.152708
0.891421
-0.341113
-0.298348
-0.324631
-0.0212976
-0.945601
0.316202
0.939781
-0.129721
0.886636
-0.350242
-0.302006
-0.321458
0.00273751
-0.94692
0.332478
0.936655
-0.110161
0.883262
-0.356962
-0.304016
-0.31458
0.029651
-0.948768
0.347688
0.933648
-0.0861033
0.879777
-0.362244
-0.30785
-0.310454
0.0526149
-0.949131
0.360014
0.930597
-0.0661705
0.878589
-0.369066
-0.303103
-0.294957
0.0798221
-0.952171
0.375608
0.925969
-0.0387276
0.878438
-0.373569
-0.297982
-0.280854
0.100894
-0.954433
0.38661
0.922099
-0.0162895
0.879851
-0.37896
-0.286796
-0.259293
0.122954
-0.95794
0.398284
0.917209
0.00991921
0.880136
-0.383091
-0.280361
-0.244546
0.140315
-0.959432
0.406888
0.912991
0.0298126
0.880499
-0.38546
-0.27594
-0.2343
0.152162
-0.960182
0.412099
0.910092
0.0436648
0.877334
-0.384476
-0.287164
-0.244669
0.156403
-0.956909
0.412821
0.909789
0.0431482
0.876658
-0.38478
-0.288816
-0.244742
0.160171
-0.956267
0.414213
0.909005
0.0462432
0.877049
-0.383749
-0.289
-0.243349
0.163798
-0.956008
0.414205
0.908794
0.0502738
0.881286
-0.383391
-0.276309
-0.22875
0.165551
-0.959305
0.413532
0.908628
0.0581977
0.89092
-0.38393
-0.242608
-0.195524
0.157906
-0.967903
0.409917
0.90976
0.0656146
0.89959
-0.382564
-0.210674
-0.164712
0.149571
-0.974935
0.404485
0.911742
0.0715397
0.908121
-0.380243
-0.175305
-0.132395
0.136433
-0.981763
0.397225
0.914769
0.073555
0.916894
-0.374445
-0.13819
-0.100292
0.118974
-0.987819
0.386325
0.919585
0.0715329
0.922752
-0.368196
-0.113842
-0.0786924
0.109163
-0.990904
0.377274
0.923318
0.0717563
0.931304
-0.353715
-0.0869435
-0.0550076
0.0993795
-0.993528
0.360067
0.930059
0.0730955
0.941045
-0.333458
-0.0569183
-0.0285459
0.089379
-0.995589
0.337074
0.938519
0.0745908
0.94751
-0.316646
-0.0442792
-0.0204625
0.0781504
-0.996732
0.319072
0.945319
0.0675689
0.954957
-0.295291
-0.0293332
-0.0104246
0.0654056
-0.997804
0.296561
0.953166
0.0593812
0.960385
-0.278307
-0.0143806
0.00264023
0.0606872
-0.998153
0.278665
0.958573
0.0590178
0.963597
-0.26726
-0.00728634
0.00748508
0.0542095
-0.998502
0.267255
0.962098
0.0542366
0.966091
-0.258202
0.000383495
0.0123966
0.0448995
-0.998915
0.257904
0.965047
0.0465778
0.967934
-0.251152
-0.00517716
0.00356226
0.0343302
-0.999404
0.25118
0.967339
0.034124
0.968942
-0.247056
-0.0107377
-0.00362707
0.0292184
-0.999566
0.247262
0.968561
0.0274149
0.96945
-0.244613
-0.018215
-0.011699
0.0280646
-0.999538
0.245011
0.969215
0.0243455
0.969669
-0.243878
-0.0162978
-0.0100959
0.0266588
-0.999594
0.244213
0.96944
0.023388
0.971533
-0.236636
-0.0113129
-0.00590712
0.0235407
-0.999705
0.236832
0.971313
0.0214727
0.973329
-0.22918
-0.0103542
-0.00642986
0.0178635
-0.99982
0.229323
0.97322
0.0159135
0.975154
-0.221336
-0.00920375
-0.00562159
0.0168088
-0.999843
0.221456
0.975053
0.0151469
0.977592
-0.210486
-0.0032597
0.00012313
0.0160565
-0.999871
0.210511
0.977465
0.0157226
0.979401
-0.201853
0.00536891
0.00881828
0.0161932
-0.99983
0.201732
0.979282
0.0176396
0.981524
-0.191327
0.00191747
0.0054768
0.0180762
-0.999822
0.191258
0.98136
0.0187901
0.98243
-0.186425
-0.00882027
-0.00505371
0.0206698
-0.999774
0.186565
0.982252
0.0193645
0.982949
-0.183596
-0.0101624
-0.00593892
0.0235397
-0.999705
0.183781
0.98272
0.022048
0.983408
-0.181146
-0.00977897
-0.00558576
0.023644
-0.999705
0.181324
0.983172
0.0222398
0.983852
-0.178888
-0.00594414
-0.00224562
0.0208705
-0.99978
0.178973
0.983648
0.0201317
0.983524
-0.180777
-0.000575243
0.00210331
0.0146248
-0.999891
0.180766
0.983415
0.0147641
0.983693
-0.179834
-0.00268446
-0.000916466
0.00991365
-0.99995
0.179851
0.983647
0.00958718
0.983276
-0.181901
-0.00901202
-0.00872214
0.00239352
-0.999959
0.181915
0.983314
0.000766918
0.983172
-0.182272
-0.0122715
-0.0125203
-0.000214023
-0.999922
0.182255
0.983248
-0.00249252
0.983024
-0.183025
-0.0128467
-0.0134368
-0.00198423
-0.999908
0.182982
0.983106
-0.00440981
0.982966
-0.183404
-0.0118881
-0.0130225
-0.00498226
-0.999903
0.183327
0.983025
-0.00728577
0.983209
-0.182084
-0.0120798
-0.0135184
-0.00666174
-0.999886
0.181983
0.98326
-0.00901137
0.983134
-0.18246
-0.0124633
-0.0140728
-0.00752915
-0.999873
0.182343
0.983184
-0.00996989
0.982951
-0.183596
-0.00997071
-0.0124757
-0.0124941
-0.999844
0.183443
0.982922
-0.0145715
0.98205
-0.187914
-0.0162978
-0.0215134
-0.0257488
-0.999437
0.187388
0.981848
-0.0293292
0.981691
-0.189992
-0.0136137
-0.0219475
-0.0418288
-0.998884
0.189211
0.980894
-0.0452329
0.981077
-0.193193
-0.0128467
-0.0236919
-0.0539312
-0.998264
0.192165
0.979677
-0.0574878
0.980679
-0.195265
-0.0118881
-0.025361
-0.0666438
-0.997454
0.193975
0.978484
-0.0703083
0.980359
-0.196765
-0.0134219
-0.0286107
-0.0745543
-0.996806
0.195136
0.977612
-0.0787196
0.980257
-0.19694
-0.0176399
-0.0346154
-0.0830901
-0.995941
0.194675
0.976888
-0.0882668
0.979888
-0.199017
-0.0145723
-0.0323249
-0.086246
-0.995749
0.196914
0.976194
-0.0909446
0.979679
-0.200148
-0.0130385
-0.0316493
-0.0900694
-0.995433
0.19806
0.975617
-0.0945736
0.979558
-0.200319
-0.0184067
-0.037471
-0.0917986
-0.995072
0.197642
0.975421
-0.0974282
0.979363
-0.201454
-0.0162978
-0.03533
-0.0912433
-0.995202
0.199
0.975239
-0.0964776
0.979397
-0.201656
-0.0107377
-0.0290843
-0.0882384
-0.995675
0.199837
0.975474
-0.0922855
0.979288
-0.202417
-0.00479367
-0.0223529
-0.0845512
-0.996168
0.201236
0.975643
-0.0873246
0.979143
-0.20317
-0.00076699
-0.0179857
-0.0829173
-0.996394
0.202374
0.975626
-0.084842
0.979014
-0.203731
0.00498542
-0.0116027
-0.0801463
-0.996716
0.203461
0.975741
-0.0808282
0.979092
-0.203356
0.00498542
-0.0113384
-0.0790281
-0.996808
0.2031
0.97591
-0.0796815
0.978453
-0.206356
-0.00690286
-0.0234122
-0.0776697
-0.996704
0.20514
0.97539
-0.0808273
0.977532
-0.210473
-0.0115046
-0.0279431
-0.0752965
-0.99677
0.208927
0.974696
-0.079486
0.976779
-0.213645
-0.0161061
-0.0321821
-0.0719834
-0.996887
0.21182
0.974256
-0.0771874
0.976421
-0.215725
-0.00805331
-0.0238772
-0.0708467
-0.997201
0.214551
0.973881
-0.0743271
0.975922
-0.217579
-0.0153392
-0.0318082
-0.0723929
-0.996869
0.215787
0.973354
-0.0775706
0.97637
-0.215714
-0.0130385
-0.0294706
-0.0731353
-0.996887
0.214089
0.973714
-0.0777643
0.976509
-0.212997
-0.0325913
-0.049326
-0.073731
-0.996058
0.209754
0.974267
-0.0825053
0.976104
-0.212125
-0.0471524
-0.0644455
-0.0753587
-0.995072
0.207526
0.974333
-0.0872285
0.976064
-0.206634
-0.0678265
-0.0854173
-0.0774241
-0.993332
0.200005
0.97535
-0.0932211
0.975921
-0.199966
-0.0871345
-0.105285
-0.0819863
-0.991057
0.191033
0.976367
-0.101065
0.97589
-0.1912
-0.105266
-0.123209
-0.0844876
-0.988778
0.180161
0.977908
-0.106008
0.976502
-0.174265
-0.126787
-0.142738
-0.0822307
-0.986339
0.161459
0.981259
-0.105173
0.979496
-0.152597
-0.13154
-0.143949
-0.0732967
-0.986867
0.140951
0.985567
-0.0937599
0.983316
-0.107521
-0.14673
-0.154318
-0.0659751
-0.985816
0.0963153
0.992011
-0.0814667
0.984841
-0.0679012
-0.159615
-0.16368
-0.0591951
-0.984736
0.0574163
0.995934
-0.0694118
0.985934
-0.0247708
-0.165291
-0.166361
-0.0502668
-0.984783
0.0160852
0.998429
-0.0536807
0.983893
0.016981
-0.177948
-0.176915
-0.0500212
-0.982954
-0.0255927
0.998604
-0.0462114
0.982809
0.0584888
-0.175117
-0.172464
-0.0477119
-0.98386
-0.0658999
0.997147
-0.0368044
0.979391
0.0926707
-0.179457
-0.17534
-0.0508677
-0.983193
-0.100242
0.994397
-0.0335705
0.974652
0.12971
-0.182286
-0.175741
-0.0603266
-0.982586
-0.138448
0.989715
-0.0360021
0.97015
0.152093
-0.18888
-0.17981
-0.0714582
-0.981103
-0.162716
0.98578
-0.0419772
0.968028
0.16969
-0.184736
-0.172922
-0.0820724
-0.98151
-0.181714
0.982074
-0.0501052
0.967917
0.179828
-0.175494
-0.16109
-0.0919094
-0.982651
-0.192838
0.979395
-0.0599922
0.968047
0.182926
-0.171529
-0.154013
-0.10611
-0.982355
-0.1979
0.977384
-0.0745464
0.970223
0.182182
-0.159615
-0.139514
-0.118352
-0.983122
-0.197998
0.976116
-0.0894111
0.972708
0.185546
-0.139329
-0.116608
-0.128242
-0.984864
-0.200606
0.974231
-0.103106
0.974836
0.184403
-0.125265
-0.0994808
-0.143012
-0.984709
-0.199497
0.97239
-0.121069
0.976064
0.181923
-0.119175
-0.091016
-0.155988
-0.983557
-0.197521
0.970861
-0.135696
0.976329
0.17578
-0.126026
-0.0942332
-0.178763
-0.979369
-0.194682
0.968063
-0.157967
0.976313
0.170757
-0.13287
-0.0986914
-0.195036
-0.975818
-0.192542
0.965817
-0.173564
0.976175
0.168226
-0.13705
-0.101325
-0.205112
-0.97348
-0.191875
0.964173
-0.18318
0.976836
0.166219
-0.134771
-0.0982021
-0.211361
-0.972462
-0.190127
0.963171
-0.190142
0.977175
0.166662
-0.13173
-0.0942679
-0.215511
-0.971941
-0.190375
0.962174
-0.194881
0.977429
0.165163
-0.13173
-0.094091
-0.217949
-0.971414
-0.189152
0.961883
-0.19749
0.977504
0.165176
-0.13116
-0.0931773
-0.2197
-0.971108
-0.189219
0.961483
-0.199367
0.977649
0.16655
-0.128308
-0.090092
-0.21954
-0.971435
-0.189961
0.961282
-0.199629
0.978058
0.16913
-0.121649
-0.0836667
-0.215888
-0.972827
-0.190796
0.961659
-0.197
0.977914
0.168719
-0.123362
-0.0855134
-0.215588
-0.972733
-0.190713
0.961798
-0.196399
0.97771
0.170035
-0.123172
-0.0850402
-0.215671
-0.972756
-0.191967
0.961548
-0.196403
0.978631
0.169036
-0.11708
-0.0796953
-0.21308
-0.973779
-0.189551
0.962301
-0.195056
0.97959
0.169201
-0.108507
-0.0714834
-0.21128
-0.974808
-0.187864
0.962669
-0.194873
0.980332
0.168361
-0.102977
-0.0657357
-0.213432
-0.974744
-0.186088
0.962342
-0.198167
0.980672
0.167646
-0.100879
-0.0627367
-0.218937
-0.97372
-0.185326
0.961229
-0.204188
0.981069
0.167133
-0.0978263
-0.058963
-0.223374
-0.972948
-0.184463
0.960297
-0.209291
0.982053
0.164589
-0.0920999
-0.0530355
-0.22763
-0.972302
-0.180995
0.959737
-0.214815
0.982405
0.162905
-0.0913361
-0.0518674
-0.231832
-0.971372
-0.179416
0.959018
-0.219303
0.983951
0.15561
-0.0873255
-0.0481232
-0.23984
-0.969619
-0.171827
0.95826
-0.228503
0.985112
0.150377
-0.0833135
-0.0445955
-0.244503
-0.968622
-0.166029
0.957917
-0.234157
0.986502
0.141311
-0.0827403
-0.0451467
-0.250988
-0.966937
-0.157406
0.95762
-0.24122
0.987552
0.137792
-0.0758591
-0.0386887
-0.254674
-0.966253
-0.152461
0.95716
-0.246173
0.988295
0.133648
-0.0735646
-0.0362536
-0.262649
-0.96421
-0.148186
0.955591
-0.25473
0.989031
0.129694
-0.0706958
-0.0337894
-0.267271
-0.963029
-0.143794
0.954854
-0.259957
0.989484
0.127245
-0.068783
-0.0321373
-0.270246
-0.962255
-0.141031
0.954346
-0.263315
0.989288
0.127606
-0.0708871
-0.0342097
-0.26942
-0.962415
-0.141908
0.954531
-0.262169
0.989746
0.12323
-0.0722259
-0.0378692
-0.261175
-0.964548
-0.137725
0.957393
-0.25383
0.991231
0.111272
-0.0712696
-0.0438979
-0.231425
-0.971862
-0.124635
0.966468
-0.224512
0.992477
0.101018
-0.0691656
-0.047257
-0.205065
-0.977607
-0.112939
0.973521
-0.198749
0.993584
0.0903626
-0.0680178
-0.0509858
-0.17896
-0.982534
-0.100957
0.979698
-0.173204
0.994497
0.0764269
-0.0716522
-0.0594417
-0.151541
-0.986662
-0.0862658
0.985492
-0.146164
0.996226
0.0671508
-0.0550038
-0.0458249
-0.131307
-0.990282
-0.0737206
0.989065
-0.127734
0.997402
0.0583977
-0.042172
-0.0356292
-0.108869
-0.993417
-0.0626045
0.992339
-0.106506
0.998148
0.0469257
-0.0387233
-0.0337944
-0.101624
-0.994249
-0.050591
0.993715
-0.0998502
0.998673
0.0358246
-0.0369988
-0.0332153
-0.10099
-0.994333
-0.0393581
0.994242
-0.0996662
0.999096
0.0268268
-0.0329746
-0.0299599
-0.105917
-0.993923
-0.0301564
0.994013
-0.105018
0.999462
0.0264531
-0.0193653
-0.016406
-0.107835
-0.994033
-0.0283835
0.993817
-0.107343
0.999725
0.0228157
-0.00536891
-0.00270394
-0.115268
-0.993331
-0.0232824
0.993072
-0.115174
0.999677
0.0253079
0.00210922
0.00511913
-0.119464
-0.992825
-0.0248744
0.992516
-0.119555
0.999411
0.0312466
0.0141888
0.0178332
-0.119628
-0.992659
-0.0293198
0.992327
-0.120115
0.999275
0.0322014
0.0203238
0.0240296
-0.119224
-0.992577
-0.0295392
0.992345
-0.119912
0.999211
0.0341174
0.0203238
0.0242943
-0.120319
-0.992438
-0.031414
0.992149
-0.121053
0.999299
0.0325858
0.0184067
0.0222597
-0.122131
-0.992264
-0.0300857
0.991979
-0.122771
0.999367
0.0316289
0.0162978
0.0200056
-0.120696
-0.992488
-0.0294242
0.992185
-0.121253
0.999449
0.0297133
0.014764
0.0181459
-0.116974
-0.992969
-0.0277774
0.99269
-0.117448
