0.993878
0.106362
-0.0299082
-0.0235921
-0.0601531
-0.99791
-0.107939
0.992506
-0.0572755
0.993649
0.106338
-0.0368072
-0.0304823
-0.0605054
-0.997702
-0.10832
0.992487
-0.0568797
0.993135
0.107053
-0.0471524
-0.0407468
-0.0612551
-0.99729
-0.109651
0.992365
-0.0564725
0.99293
0.105491
-0.0544294
-0.0480446
-0.0621504
-0.99691
-0.108547
0.992476
-0.0566427
0.99257
0.104298
-0.0626604
-0.0563509
-0.0623829
-0.99646
-0.107837
0.992588
-0.0560422
0.992002
0.105584
-0.0691656
-0.0627466
-0.0629556
-0.996042
-0.109521
0.992415
-0.055827
0.991328
0.104936
-0.079109
-0.0727184
-0.0633937
-0.995336
-0.109461
0.992456
-0.0552131
0.990904
0.103354
-0.0861794
-0.0797747
-0.0645853
-0.994718
-0.108374
0.992546
-0.0557528
0.990202
0.103089
-0.0941999
-0.0878353
-0.064638
-0.994036
-0.108563
0.99257
-0.0549498
0.989376
0.10262
-0.102977
-0.0966398
-0.0649375
-0.993199
-0.108609
0.992599
-0.0543305
0.988555
0.101768
-0.111366
-0.10498
-0.0661018
-0.992275
-0.108343
0.99261
-0.0546617
0.98765
0.101484
-0.119365
-0.113021
-0.0661368
-0.991389
-0.108504
0.992636
-0.0538502
0.987052
0.100657
-0.124884
-0.118596
-0.0662285
-0.990731
-0.107995
0.992714
-0.0534334
0.9857
0.100137
-0.135531
-0.12926
-0.0666863
-0.989366
-0.10811
0.992736
-0.0527889
0.98451
0.099635
-0.144264
-0.138045
-0.0667534
-0.988174
-0.108087
0.992782
-0.0519653
0.983561
0.098015
-0.15166
-0.145558
-0.0667029
-0.987099
-0.106867
0.992947
-0.0513394
0.982017
0.0990023
-0.160751
-0.154577
-0.0672098
-0.985692
-0.10839
0.992815
-0.0506977
0.980848
0.0973647
-0.168694
-0.162553
-0.0679466
-0.984358
-0.107304
0.992927
-0.0508183
0.979338
0.0960772
-0.177948
-0.171828
-0.0686618
-0.982731
-0.106636
0.993003
-0.0507344
0.977877
0.0966912
-0.18549
-0.179374
-0.0685827
-0.981387
-0.107613
0.992949
-0.0497216
0.976137
0.0968971
-0.194338
-0.188162
-0.0693341
-0.979688
-0.108403
0.992876
-0.0494472
0.974579
0.095233
-0.202795
-0.196777
-0.0689147
-0.978023
-0.107116
0.993067
-0.0484231
0.973264
0.0952929
-0.208987
-0.202898
-0.0697455
-0.976713
-0.10765
0.993003
-0.048546
0.971382
0.0943564
-0.217979
-0.211952
-0.0698868
-0.974778
-0.10721
0.993082
-0.0478877
0.969034
0.0928157
-0.228819
-0.222844
-0.0704442
-0.972306
-0.106364
0.993188
-0.0475794
0.967259
0.0926456
-0.236278
-0.230506
-0.0688692
-0.970631
-0.106197
0.993315
-0.045259
0.966826
0.0942882
-0.237396
-0.231581
-0.0686135
-0.970393
-0.107785
0.993178
-0.044502
0.969328
0.0956581
-0.226392
-0.220102
-0.071989
-0.972817
-0.109356
0.992808
-0.0487264
0.972046
0.096491
-0.214047
-0.207011
-0.0779395
-0.975229
-0.110784
0.992278
-0.0557861
0.974949
0.0962129
-0.200541
-0.193258
-0.079921
-0.977887
-0.110113
0.992147
-0.059325
0.97783
0.0949828
-0.18662
-0.179302
-0.0805643
-0.98049
-0.108165
0.992213
-0.0617476
0.980856
0.101736
-0.166048
-0.158611
-0.0773314
-0.984308
-0.11298
0.991801
-0.0597145
0.981842
0.1106
-0.154124
-0.14642
-0.0747349
-0.986395
-0.120614
0.991051
-0.0571839
0.983008
0.113022
-0.144644
-0.136822
-0.0741807
-0.987814
-0.122375
0.990819
-0.0574562
0.983907
0.115994
-0.135911
-0.128212
-0.0714637
-0.989169
-0.12445
0.990676
-0.0554418
0.985177
0.119593
-0.122982
-0.115734
-0.065792
-0.991099
-0.126619
0.990641
-0.0509758
0.985995
0.119884
-0.115938
-0.10915
-0.0617356
-0.992106
-0.126095
0.990867
-0.0477856
0.986759
0.118633
-0.110603
-0.104038
-0.0601929
-0.99275
-0.12443
0.991112
-0.0470535
0.988344
0.116325
-0.098208
-0.0922401
-0.0556341
-0.994181
-0.121112
0.991652
-0.0442558
0.98985
0.112271
-0.0871345
-0.0815935
-0.0530464
-0.995253
-0.11636
0.992261
-0.0433475
0.990976
0.107782
-0.0796824
-0.0747344
-0.0492
-0.995989
-0.11127
0.992956
-0.040701
0.99203
0.104818
-0.0699307
-0.0654639
-0.0454705
-0.996818
-0.107664
0.993451
-0.0382463
0.992387
0.102547
-0.0682091
-0.0638773
-0.0449523
-0.996945
-0.1053
0.993712
-0.0380596
0.991671
0.102665
-0.0777709
-0.0736161
-0.043662
-0.99633
-0.105684
0.993757
-0.0357405
0.991091
0.102029
-0.0856063
-0.0815516
-0.0432781
-0.995729
-0.105298
0.99384
-0.0345719
0.990524
0.102739
-0.0911452
-0.0871058
-0.0431496
-0.995264
-0.106185
0.993772
-0.0337915
0.989498
0.107621
-0.0964904
-0.0922645
-0.0435896
-0.99478
-0.111265
0.993236
-0.0332023
0.988179
0.110546
-0.106219
-0.10221
-0.0413359
-0.993904
-0.114263
0.993011
-0.0295483
0.986992
0.11118
-0.116128
-0.11233
-0.0398575
-0.992871
-0.115016
0.993001
-0.0268502
0.986551
0.112471
-0.118604
-0.1144
-0.043144
-0.992498
-0.116745
0.992718
-0.0296971
0.986267
0.11129
-0.12203
-0.117185
-0.0491069
-0.991895
-0.11638
0.992574
-0.035391
0.986048
0.108968
-0.125835
-0.120815
-0.0515392
-0.991336
-0.114509
0.992708
-0.0376552
0.985006
0.109809
-0.133061
-0.127674
-0.0547387
-0.990305
-0.116028
0.992444
-0.0398982
0.984602
0.108999
-0.13667
-0.131257
-0.0554182
-0.989798
-0.115461
0.992496
-0.040258
0.984445
0.109937
-0.13705
-0.131514
-0.056157
-0.989722
-0.116504
0.992351
-0.0408252
0.983757
0.113873
-0.13876
-0.132914
-0.0574531
-0.989461
-0.120645
0.991833
-0.0413846
0.983374
0.119565
-0.13667
-0.13017
-0.0606252
-0.989637
-0.126612
0.990974
-0.0440535
0.982875
0.121035
-0.138949
-0.131769
-0.0654719
-0.989116
-0.128815
0.990487
-0.048402
0.982146
0.125345
-0.140279
-0.13231
-0.0698264
-0.988746
-0.133729
0.989653
-0.0519954
0.981115
0.131144
-0.142177
-0.133369
-0.0737066
-0.988322
-0.140092
0.98862
-0.0548241
0.980444
0.135075
-0.143126
-0.132872
-0.0821376
-0.987724
-0.145173
0.987425
-0.0625835
0.97981
0.139011
-0.143695
-0.13276
-0.0850222
-0.987495
-0.14949
0.986634
-0.0648506
0.978941
0.143294
-0.145403
-0.133744
-0.0879331
-0.987107
-0.154232
0.985766
-0.0669165
0.978133
0.147585
-0.146541
-0.133624
-0.0939788
-0.986566
-0.159374
0.984574
-0.0722029
0.977683
0.14675
-0.150333
-0.136796
-0.098402
-0.9857
-0.159445
0.984267
-0.0761311
0.977789
0.144466
-0.15185
-0.138125
-0.100762
-0.985276
-0.15764
0.984366
-0.0785695
0.977817
0.144279
-0.15185
-0.138084
-0.101113
-0.985246
-0.157504
0.984358
-0.0789473
0.977642
0.14119
-0.155828
-0.142289
-0.101445
-0.984613
-0.154825
0.984771
-0.0790867
0.978014
0.138373
-0.156018
-0.143146
-0.0986052
-0.984777
-0.151651
0.985459
-0.0766297
0.977799
0.13796
-0.157722
-0.145214
-0.0965198
-0.984681
-0.15107
0.985724
-0.0743432
0.977652
0.136601
-0.159805
-0.14763
-0.0950997
-0.98446
-0.149676
0.986051
-0.0728079
0.976906
0.13879
-0.162454
-0.150376
-0.0935425
-0.984194
-0.151792
0.985894
-0.0705116
0.976362
0.138139
-0.166237
-0.154456
-0.0920938
-0.983698
-0.151197
0.986122
-0.0685804
0.977655
0.140044
-0.156775
-0.146117
-0.0834572
-0.985741
-0.151131
0.986622
-0.0611296
0.977437
0.144032
-0.154502
-0.143892
-0.0814451
-0.986236
-0.154633
0.986216
-0.0588826
0.978041
0.149682
-0.145023
-0.134664
-0.0772218
-0.987878
-0.159066
0.985714
-0.0553694
0.978401
0.151657
-0.140468
-0.130544
-0.0735707
-0.988709
-0.160279
0.985691
-0.0521836
0.978149
0.154308
-0.139329
-0.13022
-0.0676967
-0.989171
-0.16207
0.985701
-0.0461235
0.978282
0.15683
-0.135531
-0.126902
-0.0638304
-0.989859
-0.16389
0.985561
-0.0425421
0.977334
0.161679
-0.13667
-0.128578
-0.0595491
-0.98991
-0.168187
0.985045
-0.0374109
0.97455
0.172375
-0.143316
-0.134996
-0.0591156
-0.989081
-0.178965
0.983256
-0.0343411
0.970198
0.189892
-0.150523
-0.142849
-0.053552
-0.988295
-0.19573
0.980343
-0.0248302
0.96655
0.205007
-0.154124
-0.146804
-0.0505416
-0.987874
-0.210311
0.977455
-0.0187551
0.957725
0.237167
-0.162832
-0.157735
-0.0404437
-0.986653
-0.240587
0.970627
-0.00132431
0.950153
0.267263
-0.160562
-0.157462
-0.0331372
-0.986969
-0.269101
0.963054
0.0105983
0.942684
0.296256
-0.153555
-0.151472
-0.0301174
-0.988003
-0.297326
0.954634
0.0164834
0.937933
0.315647
-0.143695
-0.142159
-0.0280157
-0.989447
-0.316342
0.948463
0.0185952
0.933957
0.330141
-0.13686
-0.135846
-0.0262601
-0.990382
-0.330559
0.943566
0.0203225
0.92695
0.350436
-0.134011
-0.133589
-0.0254969
-0.990709
-0.350597
0.93624
0.0231801
0.920701
0.365128
-0.13781
-0.137603
-0.0267259
-0.990127
-0.365206
0.930574
0.025636
0.910163
0.387679
-0.145972
-0.143948
-0.0344306
-0.988986
-0.388435
0.921151
0.024468
0.90221
0.407189
-0.142177
-0.139333
-0.0368007
-0.989562
-0.40817
0.912602
0.023533
0.891163
0.430516
-0.143126
-0.143149
-0.0325335
-0.989166
-0.430508
0.901997
0.0326352
0.88123
0.450798
-0.142177
-0.146704
-0.0250957
-0.988862
-0.449346
0.892273
0.044019
0.874454
0.463747
-0.142367
-0.1487
-0.0231023
-0.988612
-0.461755
0.885666
0.0487575
0.873247
0.4659
-0.142746
-0.147998
-0.025517
-0.988658
-0.464258
0.88447
0.0466695
0.871943
0.466924
-0.147299
-0.152414
-0.0270437
-0.987947
-0.465279
0.883884
0.0475853
0.871704
0.46701
-0.148437
-0.153232
-0.0279486
-0.987795
-0.465459
0.88381
0.0471983
0.873044
0.468375
-0.135721
-0.140412
-0.0250801
-0.989775
-0.46699
0.883174
0.0438695
0.875831
0.470086
-0.109269
-0.11335
-0.0197169
-0.99336
-0.469119
0.8824
0.0360154
0.877921
0.474031
-0.0674439
-0.0746173
-0.00368617
-0.997205
-0.472955
0.8805
0.0321347
0.879468
0.474866
-0.032208
-0.0429013
0.0116963
-0.999011
-0.47402
0.87998
0.0306589
0.882094
0.470837
0.0149558
0.000278779
0.0312264
-0.999512
-0.471074
0.881668
0.0274134
0.884683
0.464401
0.0408309
0.0250922
0.0400228
-0.998884
-0.465517
0.88472
0.0237547
0.889094
0.452672
0.0678265
0.0519072
0.0475134
-0.997521
-0.454773
0.89041
0.0187469
0.895425
0.437456
0.0827403
0.0682755
0.0487205
-0.996476
-0.439945
0.897919
0.013758
0.904515
0.415558
0.095727
0.0873062
0.0392666
-0.995407
-0.417408
0.908719
-0.000763514
0.910972
0.400884
0.097063
0.0910024
0.0341808
-0.995264
-0.402303
0.915491
-0.00534362
0.923335
0.367607
0.110984
0.108633
0.0271528
-0.993711
-0.368309
0.929585
-0.0148633
0.933565
0.338282
0.118413
0.120693
0.0143688
-0.992586
-0.337475
0.940935
-0.0274139
0.944228
0.307119
0.118794
0.126787
-0.00612973
-0.991911
-0.303906
0.951652
-0.0447265
0.952216
0.283874
0.112699
0.125104
-0.0258928
-0.991806
-0.27863
0.958512
-0.0601694
0.9588
0.263555
0.106028
0.12308
-0.0490039
-0.991186
-0.256036
0.963399
-0.0794233
0.964179
0.246629
0.0976355
0.118288
-0.070325
-0.990486
-0.237417
0.966555
-0.0969791
0.968905
0.231867
0.0863704
0.10914
-0.0872164
-0.990193
-0.22206
0.96883
-0.10981
0.974354
0.213114
0.0722259
0.0966898
-0.106688
-0.98958
-0.203188
0.971185
-0.124558
0.978926
0.195501
0.0590239
0.0852796
-0.128727
-0.988006
-0.185558
0.972218
-0.142687
0.983611
0.175923
0.0394897
0.0666692
-0.151378
-0.986225
-0.167522
0.972695
-0.160626
0.98734
0.157893
0.0151475
0.0428773
-0.173734
-0.983859
-0.152713
0.972053
-0.178305
0.989007
0.147868
0.000383495
0.0279679
-0.184513
-0.982432
-0.1452
0.971643
-0.18662
0.990549
0.133372
-0.0320164
-0.0039308
-0.205722
-0.978603
-0.137105
0.969479
-0.203254
0.990147
0.129261
-0.053855
-0.0247733
-0.21683
-0.975895
-0.137823
0.967614
-0.211491
0.989101
0.125847
-0.0764327
-0.0465662
-0.225095
-0.973224
-0.139682
0.966175
-0.216781
0.9877
0.121052
-0.0989712
-0.069115
-0.229777
-0.970786
-0.140257
0.965686
-0.218584
0.985239
0.117684
-0.124314
-0.0942589
-0.233236
-0.967841
-0.142894
0.965273
-0.218701
0.982099
0.116927
-0.147679
-0.116838
-0.236819
-0.964503
-0.147749
0.964492
-0.218919
0.978283
0.115521
-0.172095
-0.141003
-0.237651
-0.961062
-0.151922
0.964457
-0.216201
0.973474
0.116089
-0.197159
-0.165888
-0.235346
-0.95765
-0.157573
0.964954
-0.209846
0.968986
0.119513
-0.216294
-0.185069
-0.229049
-0.95566
-0.163756
0.96605
-0.199827
0.964663
0.13064
-0.228819
-0.197353
-0.217141
-0.955982
-0.174576
0.967359
-0.183686
0.960644
0.143628
-0.237769
-0.206876
-0.201309
-0.957433
-0.185379
0.968941
-0.163673
0.95751
0.1503
-0.246141
-0.217197
-0.185692
-0.958303
-0.189739
0.971045
-0.145157
0.953762
0.160788
-0.253938
-0.226552
-0.170625
-0.958938
-0.197514
0.972129
-0.126309
0.950405
0.173936
-0.257831
-0.234047
-0.14597
-0.961205
-0.204824
0.973878
-0.0980213
0.949587
0.188128
-0.250784
-0.230633
-0.122636
-0.965282
-0.212351
0.974458
-0.0730647
0.948907
0.200885
-0.243352
-0.227207
-0.100213
-0.968677
-0.21898
0.974476
-0.0494501
0.948261
0.213512
-0.234974
-0.223256
-0.0777822
-0.971651
-0.225736
0.973839
-0.0260899
0.947911
0.227612
-0.222841
-0.21565
-0.0563174
-0.974845
-0.234436
0.972122
-0.00429928
0.946893
0.239115
-0.214983
-0.212171
-0.0377579
-0.976503
-0.241614
0.970257
0.0149805
0.946221
0.249007
-0.206549
-0.207079
-0.0243612
-0.978021
-0.248566
0.968195
0.0285132
0.945488
0.2638
-0.190951
-0.197389
-0.00214329
-0.980323
-0.259018
0.964575
0.0500446
0.945127
0.276047
-0.174739
-0.185743
0.0140179
-0.982498
-0.268767
0.961042
0.0645225
0.945215
0.292279
-0.145403
-0.162446
0.0347741
-0.986105
-0.283161
0.955701
0.0803483
0.944997
0.302767
-0.123743
-0.145274
0.0495658
-0.988149
-0.293045
0.951775
0.0908236
0.94473
0.311695
-0.101642
-0.12677
0.0613889
-0.990031
-0.302348
0.948197
0.0975095
0.944474
0.319664
-0.0760503
-0.104309
0.0722035
-0.991921
-0.31159
0.944776
0.101538
0.94501
0.323282
-0.0494507
-0.0790806
0.0791624
-0.99372
-0.317337
0.942986
0.100375
0.9456
0.324902
-0.0166813
-0.0447717
0.0791747
-0.995855
-0.322235
0.942428
0.0894141
0.946436
0.322554
0.014764
-0.0114031
0.0790849
-0.996803
-0.32269
0.943242
0.0785269
0.946117
0.320624
0.0454285
0.0209709
0.079328
-0.996628
-0.323146
0.943879
0.0683298
0.945715
0.317257
0.0705046
0.0480163
0.0781626
-0.995784
-0.32143
0.945113
0.0586861
0.945651
0.313608
0.0859884
0.0658906
0.0741523
-0.995068
-0.318438
0.946653
0.0494584
0.947075
0.305436
0.0987804
0.0833645
0.0631434
-0.994517
-0.309999
0.950117
0.034339
0.94865
0.295934
0.111747
0.101752
0.0490149
-0.993602
-0.299517
0.95395
0.0163863
0.951066
0.284922
0.119556
0.114527
0.03431
-0.992828
-0.28698
0.957937
-4.33979e-08
0.95387
0.273447
0.123933
0.123505
0.0188499
-0.992165
-0.273641
0.961702
-0.0157917
0.957863
0.259745
0.122601
0.127042
-0.000311083
-0.991897
-0.257602
0.965677
-0.0332964
0.963857
0.242809
0.10965
0.118964
-0.0239891
-0.992609
-0.238384
0.969777
-0.0520077
0.968683
0.22789
0.0985896
0.111068
-0.042566
-0.992901
-0.222075
0.972756
-0.0665443
0.972109
0.215359
0.0928636
0.106492
-0.0525397
-0.992925
-0.208957
0.975121
-0.0740083
0.977262
0.195948
0.0810203
0.0953968
-0.0650644
-0.993311
-0.189366
0.978453
-0.0822778
0.980131
0.184431
0.0729909
0.0873677
-0.0710575
-0.993639
-0.178072
0.980273
-0.085759
0.983874
0.170135
0.0551952
0.0689019
-0.0757375
-0.994744
-0.165061
0.982506
-0.0862387
0.985822
0.162307
0.0425551
0.0547402
-0.0713553
-0.995948
-0.158613
0.984157
-0.0792284
0.987079
0.157269
0.0306748
0.0413998
-0.0653787
-0.997001
-0.154792
0.985389
-0.0710449
0.987969
0.152753
0.0241578
0.0343853
-0.064671
-0.997314
-0.15078
0.986146
-0.0691454
0.98844
0.150691
0.0166813
0.0268753
-0.0658675
-0.997466
-0.149211
0.986384
-0.0691559
0.98891
0.147854
0.0139971
0.0239813
-0.065962
-0.997534
-0.146566
0.986807
-0.0687762
0.989761
0.142359
0.0103542
0.0197729
-0.0649074
-0.997695
-0.141359
0.987685
-0.0670577
0.990787
0.135339
0.00498542
0.0119366
-0.0505987
-0.998648
-0.134904
0.989507
-0.051748
0.991426
0.130588
-0.00460193
-0.00175718
-0.021891
-0.999759
-0.130657
0.991195
-0.0214738
0.991646
0.12849
-0.0113129
-0.0119334
0.00406092
-0.999921
-0.128434
0.991703
0.00556033
0.991441
0.130203
-0.00958723
-0.0139932
0.0329664
-0.999359
-0.129804
0.990939
0.0345062
0.9906
0.136668
-0.0057524
-0.0136509
0.0569268
-0.998285
-0.136106
0.98898
0.0582573
0.988066
0.153932
-0.00556065
-0.0187399
0.0842994
-0.996264
-0.152888
0.984479
0.086178
0.985451
0.169824
-0.00671112
-0.0246475
0.103731
-0.9943
-0.16816
0.98
0.106407
0.982174
0.187938
0.0036432
-0.0199562
0.123525
-0.992141
-0.186911
0.974382
0.125074
0.978937
0.203128
0.0205156
-0.00810291
0.139064
-0.99025
-0.204
0.969227
0.137781
0.975061
0.218565
0.0385317
0.0045873
0.153732
-0.988102
-0.221888
0.963637
0.148896
0.970992
0.232563
0.0555782
0.0168187
0.165432
-0.986078
-0.23852
0.958408
0.156722
0.968126
0.24132
0.0670613
0.0253919
0.171804
-0.984804
-0.249174
0.955117
0.1602
0.964813
0.250935
0.0785356
0.0341056
0.176729
-0.983669
-0.260716
0.951735
0.161952
0.962712
0.256112
0.0871345
0.040963
0.180372
-0.982745
-0.26741
0.94967
0.163155
0.962137
0.258133
0.0875166
0.0404296
0.182375
-0.982397
-0.269551
0.948739
0.165034
0.962301
0.257782
0.0867525
0.0393073
0.183802
-0.982177
-0.269133
0.94856
0.16674
0.962135
0.258528
0.0863704
0.0390612
0.182825
-0.982369
-0.269761
0.948545
0.165804
0.962034
0.259095
0.0857973
0.0383068
0.183064
-0.982354
-0.270229
0.948345
0.166189
0.962045
0.259493
0.08446
0.0369634
0.182736
-0.982467
-0.270377
0.948299
0.166208
0.962057
0.259695
0.0836957
0.036149
0.182728
-0.982499
-0.270443
0.948245
0.166407
0.962717
0.258091
0.0810203
0.0332474
0.184347
-0.982299
-0.268459
0.94837
0.168893
0.962807
0.258115
0.0798736
0.0318471
0.185145
-0.982195
-0.268308
0.948208
0.170039
0.962886
0.257938
0.0794913
0.0314673
0.185224
-0.982193
-0.268069
0.94824
0.170233
0.962653
0.258865
0.0793002
0.0306953
0.186659
-0.981945
-0.268994
0.947706
0.171742
0.961317
0.262662
0.0829313
0.0328171
0.189719
-0.98129
-0.273481
0.946053
0.173761
0.961034
0.263575
0.0833135
0.0320506
0.193114
-0.980653
-0.274564
0.945111
0.177141
0.961196
0.263817
0.0806381
0.0293695
0.192785
-0.980801
-0.274298
0.945111
0.177556
0.96119
0.264014
0.0800647
0.0287358
0.192823
-0.980813
-0.274387
0.945048
0.177753
0.961061
0.264771
0.079109
0.0273123
0.193863
-0.980648
-0.274984
0.944623
0.179083
0.960785
0.265885
0.0787267
0.0266738
0.193975
-0.980644
-0.276009
0.944288
0.179276
0.959374
0.270651
0.0796824
0.0265574
0.194542
-0.980535
-0.280884
0.942816
0.17945
0.958786
0.271875
0.0825492
0.0302013
0.19137
-0.981053
-0.282521
0.943113
0.175272
0.958473
0.273375
0.0812114
0.030273
0.185628
-0.982154
-0.283572
0.943826
0.169644
0.956901
0.278093
0.0836957
0.0341877
0.178323
-0.983378
-0.288395
0.943857
0.16113
0.955002
0.28092
0.0951544
0.0446794
0.180901
-0.982486
-0.293214
0.942528
0.16021
0.951834
0.285749
0.111175
0.0594515
0.18371
-0.981181
-0.300795
0.940531
0.157873
0.952044
0.28422
0.113271
0.0625202
0.181684
-0.981367
-0.299504
0.941387
0.155202
0.954193
0.278298
0.109841
0.0615396
0.176717
-0.982336
-0.292793
0.944098
0.151496
0.958433
0.266818
0.10107
0.0562109
0.170715
-0.983716
-0.279727
0.948507
0.14862
0.961344
0.260095
0.0903814
0.0479276
0.165169
-0.9851
-0.271148
0.951351
0.146319
0.963373
0.255695
0.0808292
0.0402984
0.159955
-0.986301
-0.265121
0.953433
0.143792
0.96589
0.251017
0.0636172
0.0267167
0.147761
-0.988662
-0.257571
0.956638
0.136015
0.966753
0.250846
0.0496422
0.0164563
0.1327
-0.99102
-0.255181
0.958888
0.12416
0.967712
0.250302
0.0297165
0.00171832
0.111341
-0.993781
-0.252054
0.961744
0.107316
0.966585
0.255952
0.0141888
-0.0100651
0.0932015
-0.995596
-0.256148
0.962186
0.0926633
0.961016
0.276493
-0.000575243
-0.0242204
0.0821105
-0.996329
-0.275431
0.957502
0.0856063
0.952302
0.304503
-0.0199404
-0.0433169
0.0702073
-0.996591
-0.302066
0.94992
0.0800487
0.945105
0.325137
-0.0325913
-0.0556545
0.061885
-0.99653
-0.321992
0.94364
0.0765832
0.932408
0.357822
-0.0507912
-0.0754787
0.055359
-0.99561
-0.353439
0.932147
0.0786251
0.916617
0.394795
-0.0628518
-0.0926452
0.0568416
-0.994075
-0.388884
0.917009
0.0886778
0.90111
0.429369
-0.0603638
-0.100038
0.0704164
-0.992489
-0.421893
0.90038
0.106406
0.880045
0.472348
-0.0490677
-0.105332
0.0934016
-0.990041
-0.463061
0.876449
0.131951
0.867957
0.495215
-0.0375737
-0.10788
0.114148
-0.987589
-0.48478
0.861239
0.1525
0.855543
0.517487
-0.0159144
-0.101606
0.137683
-0.985251
-0.507663
0.844542
0.170374
0.846689
0.532075
0.0036432
-0.0920487
0.153214
-0.983897
-0.524065
0.83272
0.178701
0.836522
0.545817
0.0481101
-0.0623946
0.182121
-0.981295
-0.544369
0.817873
0.186404
0.831147
0.550985
0.0749031
-0.0431627
0.198227
-0.979205
-0.554375
0.81063
0.188538
0.825259
0.552566
0.1167
-0.00888792
0.219319
-0.975613
-0.564685
0.804096
0.185906
0.820403
0.551824
0.149765
0.0190252
0.235435
-0.971704
-0.571469
0.800038
0.182653
0.815964
0.546115
0.189634
0.0558818
0.251981
-0.966117
-0.575396
0.798914
0.175089
0.816116
0.534512
0.219662
0.08826
0.260365
-0.961468
-0.571109
0.804057
0.165312
0.815423
0.526937
0.239631
0.11129
0.263537
-0.958208
-0.568067
0.808013
0.156251
0.817508
0.513955
0.259868
0.138454
0.262603
-0.954919
-0.559028
0.816633
0.143521
0.828465
0.490536
0.270222
0.159059
0.256542
-0.953355
-0.536979
0.832803
0.134512
0.840525
0.461571
0.283672
0.187369
0.243632
-0.951597
-0.508341
0.852992
0.118295
0.847461
0.443619
0.291569
0.204687
0.233708
-0.950518
-0.489809
0.865207
0.107256
0.852806
0.42171
0.308032
0.231969
0.222564
-0.946919
-0.467882
0.878992
0.0919803
0.858407
0.401173
0.319684
0.253763
0.209503
-0.944305
-0.445804
0.891722
0.0780362
0.864972
0.385004
0.321863
0.264975
0.194278
-0.944481
-0.42616
0.902235
0.0660284
0.870353
0.364821
0.330744
0.283538
0.177867
-0.942321
-0.402607
0.913931
0.0513661
0.875244
0.346712
0.337251
0.298247
0.162063
-0.94063
-0.380784
0.923865
0.0384388
0.882423
0.328198
0.33707
0.306251
0.143155
-0.941126
-0.357129
0.933698
0.025812
0.894324
0.302308
0.329839
0.308144
0.11833
-0.943952
-0.324394
0.945837
0.0126708
0.906781
0.2823
0.313135
0.297668
0.0972893
-0.949699
-0.298565
0.95438
0.00418841
0.914026
0.267534
0.304929
0.291625
0.0891545
-0.952369
-0.281977
0.959415
0.00346971
0.928921
0.239509
0.282385
0.2706
0.0814532
-0.95924
-0.252748
0.967471
0.0108525
0.942858
0.211726
0.257275
0.244879
0.0832852
-0.96597
-0.225948
0.973774
0.0266788
0.956828
0.176819
0.230685
0.220801
0.0739466
-0.972512
-0.189017
0.981462
0.0317123
0.965713
0.151967
0.210487
0.203897
0.0578991
-0.977279
-0.160701
0.986688
0.0249284
0.973352
0.127258
0.190763
0.18699
0.0410774
-0.981503
-0.13274
0.991019
0.0161867
0.980679
0.100957
0.16756
0.164988
0.0333688
-0.985731
-0.105108
0.994331
0.0160673
0.987084
0.0773805
0.140279
0.137999
0.0340887
-0.989846
-0.0813766
0.996419
0.0229699
0.990611
0.0597156
0.122982
0.120978
0.0361031
-0.991999
-0.0636778
0.997562
0.0285399
0.993397
0.0451752
0.105456
0.103858
0.0363887
-0.993926
-0.0487383
0.998316
0.0314567
0.996985
0.0235182
0.073947
0.0730234
0.037965
-0.996607
-0.0262458
0.999002
0.0361332
0.999007
0.00862029
0.0437045
0.0433281
0.039865
-0.998265
-0.0103476
0.999168
0.0394519
0.99968
0.000383372
0.025308
0.0252707
0.0412238
-0.99883
-0.00142621
0.99915
0.0412009
0.999943
-0.00191737
-0.0105459
-0.0104602
0.0402762
-0.999134
0.00234046
0.999187
0.0402538
0.999439
0.00306625
-0.0333579
-0.0334532
0.0395789
-0.998656
-0.00174186
0.999212
0.0396593
0.997863
0.0164565
-0.0632345
-0.0638914
0.0430399
-0.997028
-0.013686
0.998938
0.0439994
0.995982
0.0292279
-0.084651
-0.0859278
0.0456092
-0.995257
-0.0252284
0.998532
0.0479374
0.992944
0.0451546
-0.10965
-0.111855
0.0495907
-0.992486
-0.0393777
0.997748
0.0542916
0.988745
0.0641711
-0.135151
-0.138585
0.0524554
-0.98896
-0.0563733
0.996559
0.0607581
0.984639
0.0806091
-0.154881
-0.159679
0.0569004
-0.985528
-0.0706297
0.99512
0.068898
0.980207
0.10604
-0.167182
-0.174702
0.0660532
-0.982403
-0.0931311
0.992166
0.0832713
0.976059
0.130278
-0.174173
-0.185566
0.0810465
-0.979284
-0.113463
0.988159
0.103281
0.972073
0.154305
-0.176815
-0.192918
0.0964023
-0.976468
-0.133629
0.983309
0.123478
0.968417
0.179153
-0.173417
-0.195251
0.112328
-0.974299
-0.155069
0.977388
0.14376
0.965941
0.20217
-0.161508
-0.189668
0.128596
-0.973391
-0.176021
0.970871
0.162561
0.963447
0.222762
-0.148817
-0.183289
0.142974
-0.972607
-0.195383
0.964332
0.178578
0.961383
0.24297
-0.129259
-0.170671
0.157897
-0.972595
-0.215902
0.957097
0.193267
0.957425
0.266735
-0.110413
-0.159686
0.170706
-0.972296
-0.240497
0.948532
0.206032
0.951895
0.293145
-0.0892355
-0.148057
0.18503
-0.971516
-0.268283
0.937993
0.219531
0.946834
0.313597
-0.0718434
-0.137888
0.1938
-0.971302
-0.290675
0.929569
0.226738
0.940394
0.337292
-0.043513
-0.117797
0.203022
-0.972063
-0.319035
0.919248
0.230653
0.934269
0.356072
-0.0187902
-0.099371
0.209398
-0.972768
-0.342441
0.910695
0.231017
0.926958
0.374828
0.0159144
-0.0698618
0.214137
-0.974302
-0.368603
0.902025
0.224682
0.922069
0.385252
0.0369988
-0.0505691
0.214706
-0.975369
-0.383707
0.897487
0.217455
0.916969
0.393697
0.064574
-0.0232783
0.214378
-0.976473
-0.398278
0.893893
0.205743
0.911491
0.399236
0.0989712
0.0111162
0.21662
-0.976193
-0.41117
0.890891
0.19301
0.90642
0.401373
0.13154
0.0441325
0.219725
-0.974563
-0.420065
0.889169
0.181449
0.901867
0.398116
0.167749
0.0828123
0.221782
-0.971573
-0.424003
0.890122
0.167049
0.901354
0.389451
0.189445
0.110698
0.215724
-0.970159
-0.418698
0.895428
0.151333
0.899804
0.381229
0.212174
0.137357
0.21405
-0.967117
-0.414109
0.899359
0.140238
0.899674
0.361189
0.245212
0.176497
0.212807
-0.961021
-0.399293
0.907885
0.127708
0.89988
0.346924
0.26431
0.199615
0.211207
-0.956841
-0.387775
0.913803
0.12081
0.900058
0.330638
0.283856
0.225388
0.20428
-0.952612
-0.372956
0.921384
0.109342
0.901205
0.314874
0.297799
0.245262
0.195987
-0.94944
-0.357319
0.928678
0.0993975
0.902909
0.298281
0.309491
0.261775
0.189505
-0.946341
-0.340925
0.935477
0.0930233
0.905247
0.27631
0.322771
0.281672
0.178476
-0.942766
-0.318103
0.944351
0.0837363
0.90767
0.261334
0.328391
0.291539
0.170239
-0.941288
-0.301895
0.950118
0.0783321
0.910813
0.242867
0.333819
0.302506
0.157589
-0.94003
-0.280908
0.957174
0.0700658
0.916274
0.225411
0.331106
0.304177
0.146255
-0.941321
-0.26061
0.963223
0.0654448
0.926626
0.196725
0.32041
0.298749
0.132177
-0.945134
-0.228283
0.971508
0.0637069
0.932773
0.184796
0.309491
0.290162
0.124485
-0.948846
-0.21387
0.974861
0.0624952
0.938351
0.173032
0.299263
0.281554
0.119722
-0.952047
-0.200563
0.977613
0.0636228
0.943887
0.166018
0.28551
0.269091
0.114643
-0.956267
-0.191489
0.979436
0.0635365
0.949798
0.157685
0.270222
0.256098
0.104289
-0.961009
-0.179718
0.981967
0.058671
0.953081
0.151478
0.26209
0.249059
0.0997365
-0.963339
-0.172064
0.983416
0.0573301
0.957938
0.142472
0.249113
0.237259
0.0951537
-0.966775
-0.161442
0.985214
0.0573485
0.96174
0.137388
0.237024
0.225468
0.0945388
-0.969653
-0.155626
0.985995
0.0599452
0.96546
0.131879
0.22471
0.213238
0.0956532
-0.972307
-0.149721
0.98664
0.0642277
0.967779
0.129551
0.21592
0.204378
0.0967553
-0.974099
-0.147086
0.986841
0.0671605
0.969486
0.128455
0.208799
0.197354
0.096305
-0.97559
-0.145428
0.987028
0.0680152
0.970042
0.129096
0.205798
0.194582
0.0943202
-0.976341
-0.145453
0.987136
0.0663747
0.970198
0.129117
0.205047
0.194007
0.0930856
-0.976574
-0.145179
0.987251
0.0652619
0.970608
0.128414
0.203546
0.192703
0.0919829
-0.976936
-0.144175
0.987446
0.0645335
0.972021
0.126516
0.19791
0.187348
0.0906611
-0.978101
-0.141688
0.987813
0.064422
0.972494
0.126388
0.195654
0.185187
0.0899562
-0.978577
-0.14128
0.987894
0.0640765
0.974395
0.125685
0.186432
0.176173
0.0884119
-0.980381
-0.139702
0.988123
0.0640059
0.975398
0.125624
0.181154
0.170994
0.0875158
-0.981378
-0.139138
0.98821
0.0638819
0.975901
0.12683
0.17757
0.167373
0.0870622
-0.982042
-0.140012
0.988096
0.0637361
0.976906
0.127151
0.171718
0.161565
0.0863404
-0.983078
-0.139826
0.988118
0.0638033
0.978083
0.127114
0.164913
0.155114
0.0835393
-0.984358
-0.138902
0.988364
0.0619912
0.979603
0.126166
0.156397
0.147253
0.0788625
-0.98595
-0.136727
0.98887
0.0586757
0.980244
0.131793
0.147489
0.139567
0.0675009
-0.987909
-0.140155
0.988976
0.0477733
0.978231
0.1524
0.140848
0.134987
0.0481951
-0.989675
-0.157614
0.987143
0.0265739
0.976122
0.177869
0.124694
0.120707
0.0331047
-0.992136
-0.180598
0.983497
0.0108441
0.97262
0.208245
0.103168
0.100842
0.021787
-0.994664
-0.209381
0.977834
0.000190741
0.966604
0.243698
0.0793002
0.0783926
0.0134363
-0.996832
-0.243991
0.969758
-0.0061165
0.957623
0.280694
0.064574
0.0627756
0.0154033
-0.997909
-0.281102
0.959674
-0.0028702
0.94641
0.318701
0.0523232
0.0483629
0.0203326
-0.998623
-0.319326
0.947637
0.00382966
0.936629
0.348155
0.0389149
0.032265
0.0248806
-0.99917
-0.348834
0.937107
0.0120707
0.927872
0.371683
0.0300998
0.0211635
0.0280996
-0.999381
-0.372299
0.927935
0.0182067
0.917647
0.397327
0.00747809
-0.00380518
0.0276019
-0.999612
-0.397379
0.917262
0.0268407
0.909514
0.415534
-0.0107377
-0.0239416
0.026579
-0.99936
-0.414982
0.909189
0.0341225
0.903996
0.42671
-0.0266498
-0.0412641
0.0250377
-0.998834
-0.425545
0.904042
0.0402418
0.894436
0.444432
-0.0496422
-0.0670851
0.023596
-0.997468
-0.442136
0.895502
0.0509199
0.885737
0.45912
-0.0684004
-0.0893566
0.0240447
-0.995709
-0.455506
0.888049
0.0623227
0.875984
0.475809
-0.079109
-0.105163
0.0283357
-0.994051
-0.470737
0.879092
0.074859
0.867361
0.490914
-0.0817848
-0.113731
0.0355331
-0.992876
-0.484511
0.870483
0.0866522
0.855969
0.511488
-0.0754767
-0.116979
0.049394
-0.991905
-0.503619
0.85787
0.102113
0.843572
0.53328
-0.0632345
-0.117353
0.0681558
-0.990749
-0.524037
0.843189
0.120076
0.834493
0.54838
-0.053855
-0.119435
0.084599
-0.989231
-0.537918
0.831939
0.136093
0.824577
0.564329
-0.0400645
-0.118548
0.103104
-0.987581
-0.55319
0.819086
0.151917
0.817286
0.575363
-0.0316331
-0.119904
0.116112
-0.985972
-0.563619
0.809614
0.163885
0.808259
0.588704
-0.0120798
-0.11371
0.135923
-0.984172
-0.577744
0.796839
0.176803
0.800065
0.599814
0.0109294
-0.10222
0.154253
-0.98273
-0.591141
0.78513
0.184725
0.792839
0.608528
0.0331663
-0.0897438
0.170408
-0.981278
-0.602787
0.775019
0.189717
0.787237
0.614123
0.0557696
-0.0762822
0.18673
-0.979445
-0.611914
0.766802
0.193848
0.781323
0.617988
0.0873255
-0.0557583
0.208472
-0.976438
-0.621632
0.758044
0.197342
0.775731
0.61866
0.124504
-0.0271397
0.229815
-0.972856
-0.63048
0.751296
0.195065
0.772123
0.61554
0.157912
0.00131983
0.246941
-0.96903
-0.635471
0.748419
0.189856
0.767785
0.611119
0.192457
0.0335555
0.261615
-0.964589
-0.639828
0.747055
0.180358
0.769584
0.597981
0.223963
0.0702021
0.269379
-0.960472
-0.634675
0.754886
0.16533
0.772759
0.587952
0.239072
0.0982743
0.261289
-0.960245
-0.627045
0.765533
0.144133
0.779283
0.57495
0.249299
0.124659
0.247641
-0.960799
-0.614148
0.779812
0.12131
0.785447
0.56087
0.26172
0.151556
0.235697
-0.959936
-0.600086
0.793644
0.100124
0.79621
0.541782
0.269299
0.173667
0.221717
-0.959521
-0.57956
0.810749
0.0824437
0.814321
0.514352
0.26893
0.196083
0.192306
-0.961545
-0.546289
0.83574
0.0557433
0.83368
0.487383
0.259683
0.206143
0.161597
-0.965086
-0.512331
0.858105
0.0342492
0.846649
0.467049
0.255051
0.213462
0.140966
-0.966728
-0.487463
0.872923
0.0196517
0.862571
0.438128
0.253011
0.224537
0.11663
-0.967461
-0.45338
0.891314
0.00222607
0.871985
0.419191
0.252826
0.23242
0.10003
-0.967458
-0.43084
0.902371
-0.0102033
0.8886
0.386572
0.246884
0.237467
0.0727809
-0.968665
-0.392428
0.919383
-0.027125
0.901111
0.35936
0.242608
0.239802
0.0531179
-0.969368
-0.361239
0.931686
-0.03831
0.915327
0.324345
0.2387
0.240367
0.0355548
-0.970031
-0.323111
0.94527
-0.0454175
0.926194
0.295764
0.233856
0.237094
0.0254093
-0.971154
-0.293174
0.954923
-0.0465898
0.941307
0.253706
0.222654
0.227684
0.0097547
-0.973686
-0.249202
0.967232
-0.0485827
0.952145
0.220726
0.211424
0.217455
-0.00310373
-0.976065
-0.214787
0.975331
-0.0509532
0.961112
0.189262
0.201105
0.207679
-0.0153591
-0.978077
-0.182024
0.981807
-0.0540676
0.969512
0.155424
0.189445
0.19613
-0.0287234
-0.980157
-0.146898
0.98743
-0.058331
0.976252
0.123831
0.177759
0.184279
-0.0432598
-0.981922
-0.113903
0.99136
-0.065052
0.98151
0.098761
0.163967
0.169898
-0.0549186
-0.98393
-0.0881691
0.993595
-0.0706824
0.985224
0.080657
0.151091
0.156397
-0.0640765
-0.985614
-0.0698152
0.99468
-0.0757442
0.989114
0.0632428
0.13287
0.137505
-0.0756491
-0.987608
-0.0524076
0.995127
-0.0835218
0.992058
0.0464487
0.11689
0.120676
-0.0894174
-0.988657
-0.0354699
0.994911
-0.0943125
0.994305
0.0320412
0.101642
0.10446
-0.104053
-0.989071
-0.0211149
0.994056
-0.106807
0.996242
0.020825
0.0840778
0.0860575
-0.127678
-0.988075
-0.00984173
0.991597
-0.12899
0.998043
0.0122484
0.0613207
0.0624748
-0.153368
-0.986192
-0.00267466
0.988093
-0.153833
0.999332
0.00958127
0.0352742
0.0364181
-0.178362
-0.983291
-0.00312961
0.983918
-0.178591
0.999866
0.00747729
0.0145723
0.0157688
-0.198926
-0.979888
-0.0044281
0.979986
-0.199017
0.999885
0.00536837
-0.0141888
-0.0126129
-0.225528
-0.974155
-0.00842961
0.974222
-0.225435
0.999505
0.00134157
-0.0314414
-0.0301764
-0.242649
-0.969645
-0.00893007
0.970113
-0.242488
0.998278
-0.00133992
-0.0586411
-0.0569992
-0.258125
-0.964429
-0.0138445
0.966111
-0.257757
0.997413
-0.00229502
-0.0718434
-0.0698186
-0.268585
-0.960722
-0.0170912
0.963253
-0.268051
0.995051
0.00133559
-0.0993528
-0.0948907
-0.2838
-0.954177
-0.0294707
0.958883
-0.282269
0.991361
0.0157789
-0.130209
-0.119987
-0.291864
-0.948904
-0.0529761
0.95633
-0.28745
0.987032
0.036165
-0.156397
-0.138871
-0.296302
-0.944944
-0.0805146
0.954409
-0.287437
0.98476
0.0568996
-0.164346
-0.141066
-0.291375
-0.946151
-0.101722
0.954915
-0.278908
0.981652
0.0718433
-0.176627
-0.148993
-0.289061
-0.945645
-0.118994
0.954611
-0.273053
0.978255
0.0865103
-0.188504
-0.157319
-0.282779
-0.946196
-0.135161
0.955276
-0.26302
0.974752
0.103748
-0.197722
-0.161971
-0.280996
-0.945942
-0.153699
0.954085
-0.257097
0.967804
0.135415
-0.212174
-0.168086
-0.279744
-0.945246
-0.187354
0.950477
-0.247976
0.96084
0.172041
-0.21723
-0.164254
-0.277766
-0.946502
-0.223176
0.945118
-0.23863
0.955128
0.203351
-0.215358
-0.155181
-0.275756
-0.948619
-0.252288
0.939472
-0.231826
0.946639
0.241949
-0.212923
-0.145206
-0.269625
-0.951955
-0.287734
0.932075
-0.220105
0.938133
0.275958
-0.209174
-0.136289
-0.261058
-0.955654
-0.318327
0.925038
-0.207297
0.927257
0.313044
-0.205423
-0.126463
-0.254554
-0.958754
-0.352423
0.91499
-0.196448
0.91586
0.349861
-0.196971
-0.113288
-0.245469
-0.962762
-0.385183
0.90407
-0.18518
0.902694
0.387978
-0.186055
-0.0993059
-0.232877
-0.967423
-0.418667
0.891763
-0.171688
0.893633
0.412012
-0.177948
-0.0901697
-0.223587
-0.970504
-0.439646
0.883321
-0.162653
0.879771
0.442417
-0.173984
-0.0852335
-0.213255
-0.973272
-0.467695
0.871085
-0.149907
0.869383
0.465338
-0.166237
-0.0771378
-0.204488
-0.975825
-0.488082
0.861188
-0.141883
0.856607
0.492885
-0.152608
-0.0620862
-0.195157
-0.978805
-0.51222
0.847926
-0.136571
0.845702
0.513086
-0.14673
-0.0560264
-0.188069
-0.980556
-0.530706
0.83748
-0.130304
0.831737
0.537254
-0.139899
-0.0484096
-0.180848
-0.982319
-0.553055
0.823804
-0.12441
0.817269
0.562093
-0.126977
-0.0336943
-0.173358
-0.984282
-0.575271
0.808701
-0.122741
0.806162
0.581047
-0.111747
-0.0146547
-0.169193
-0.985474
-0.591514
0.796089
-0.127882
0.802459
0.587074
-0.106791
-0.00845802
-0.167759
-0.985792
-0.596648
0.791961
-0.129654
0.799101
0.592179
-0.10374
-0.00349968
-0.167971
-0.985786
-0.601187
0.788105
-0.132154
0.79777
0.593566
-0.106028
-0.00268488
-0.172347
-0.985033
-0.602955
0.786114
-0.1359
0.799073
0.590973
-0.110603
-0.00601738
-0.176091
-0.984356
-0.601203
0.787238
-0.137153
0.799272
0.590882
-0.10965
-0.00356371
-0.177793
-0.984062
-0.600959
0.786923
-0.139999
0.799732
0.59146
-0.102977
0.00558088
-0.178843
-0.983862
-0.600331
0.786251
-0.146328
0.801444
0.588458
-0.106791
0.000661468
-0.179432
-0.98377
-0.598069
0.788367
-0.144194
0.801543
0.589003
-0.102977
0.00388567
-0.177348
-0.98414
-0.597925
0.788431
-0.144441
0.802509
0.587819
-0.102214
0.00502344
-0.177967
-0.984024
-0.596619
0.789174
-0.145773
0.802953
0.587672
-0.0995436
0.00742993
-0.176863
-0.984207
-0.595996
0.789533
-0.146379
0.802249
0.588339
-0.101261
0.00645891
-0.178163
-0.98398
-0.596954
0.788743
-0.146731
0.802172
0.587809
-0.104884
0.00533133
-0.182702
-0.983154
-0.597069
0.788099
-0.149693
0.802646
0.586502
-0.108507
0.00482504
-0.188298
-0.9821
-0.596436
0.787755
-0.153967
0.802623
0.58625
-0.110032
0.00563116
-0.191905
-0.981397
-0.596459
0.787073
-0.157329
0.802581
0.585983
-0.111747
0.00422667
-0.192905
-0.981208
-0.596528
0.787027
-0.157299
0.798671
0.591623
-0.110032
0.00518825
-0.18961
-0.981846
-0.601746
0.783601
-0.154506
0.787612
0.606679
-0.107744
0.00262466
-0.178163
-0.983998
-0.616166
0.774725
-0.141915
0.77346
0.626369
-0.097063
0.00290395
-0.156634
-0.987652
-0.633838
0.763628
-0.122969
0.759064
0.645688
-0.0831224
0.00524233
-0.133739
-0.991003
-0.650995
0.751798
-0.104901
0.746258
0.661913
-0.0705046
0.00501884
-0.111509
-0.993751
-0.665638
0.74124
-0.0865366
0.736137
0.67417
-0.059981
0.0050514
-0.09409
-0.995551
-0.676814
0.732558
-0.0726686
0.725893
0.686083
-0.0486846
0.00588273
-0.0769726
-0.997016
-0.687783
0.72344
-0.0599099
0.713617
0.699795
-0.032208
0.00856613
-0.0546897
-0.998467
-0.700483
0.712247
-0.0450221
0.704423
0.709575
-0.0170647
0.0116575
-0.0356052
-0.999298
-0.709684
0.70373
-0.0333531
0.695351
0.71867
-0.00076699
0.018206
-0.0186821
-0.99966
-0.71844
0.6951
-0.0260747
0.685528
0.727537
0.0272248
0.0302505
0.00889809
-0.999503
-0.727418
0.68601
-0.0159085
0.68491
0.727162
0.0461947
0.03879
0.0269204
-0.998885
-0.727594
0.685938
-0.00976854
0.686066
0.723926
0.0724171
0.0520404
0.050452
-0.99737
-0.725676
0.68803
-0.00305995
0.688352
0.719676
0.0907633
0.0630132
0.0653258
-0.995872
-0.722634
0.69123
-0.000381957
0.691942
0.714599
0.102787
0.0684699
0.0767761
-0.994695
-0.718699
0.695309
0.00419606
0.695168
0.709988
0.112509
0.0728184
0.086156
-0.993617
-0.715149
0.698924
0.00819274
0.690821
0.713168
0.118984
0.0753436
0.0926625
-0.992843
-0.719089
0.694842
0.0102806
0.686865
0.71537
0.128308
0.0815296
0.0995863
-0.991683
-0.722198
0.691613
0.0100785
0.686828
0.714783
0.13173
0.0836619
0.102288
-0.99123
-0.721989
0.691826
0.0104541
0.695622
0.705834
0.133821
0.0872375
0.101903
-0.990962
-0.713091
0.701009
0.00931103
0.707865
0.69442
0.129259
0.0851503
0.0977691
-0.99156
-0.701197
0.712897
0.0100772
0.726963
0.675574
0.122982
0.0812035
0.0932625
-0.992325
-0.681858
0.73137
0.0129395
0.741008
0.661075
0.117842
0.0770733
0.0906001
-0.9929
-0.667058
0.74483
0.0161842
0.756832
0.64454
0.108507
0.0710346
0.0839168
-0.993938
-0.649738
0.759951
0.0177262
0.772922
0.626915
0.0978263
0.0632792
0.0772474
-0.995002
-0.631338
0.775249
0.0200355
0.788913
0.608646
0.084651
0.0545945
0.0677889
-0.996205
-0.612074
0.790541
0.0202509
0.803811
0.59067
0.0706958
0.046628
0.0559164
-0.997346
-0.593055
0.804974
0.0174044
0.823541
0.565245
0.047727
0.0305565
0.0398099
-0.99874
-0.566433
0.823962
0.0155132
0.841131
0.540127
0.0276081
0.0169094
0.0247585
-0.99955
-0.540568
0.841219
0.0116919
0.858005
0.513598
0.00671112
0.00231126
0.00920514
-0.999955
-0.513636
0.857982
0.006711
0.874217
0.485322
-0.0143806
-0.0108047
-0.0101652
-0.99989
-0.485415
0.874276
-0.00364281
0.884689
0.46527
-0.0291415
-0.0207033
-0.0232369
-0.999516
-0.465722
0.884864
-0.0109248
0.899161
0.434592
-0.0513657
-0.03547
-0.0446141
-0.998374
-0.436177
0.899522
-0.0247003
0.909668
0.410135
-0.0655307
-0.0461539
-0.0569802
-0.997308
-0.412764
0.910243
-0.0329037
0.920915
0.381249
-0.0810203
-0.0599171
-0.0669229
-0.995957
-0.38513
0.922047
-0.038787
0.927782
0.362389
-0.0888536
-0.0664321
-0.0738966
-0.995051
-0.367161
0.929093
-0.0444857
0.935148
0.341291
-0.0949635
-0.0716796
-0.0802283
-0.994196
-0.346929
0.936527
-0.0505617
0.943462
0.314891
-0.10355
-0.0791801
-0.0892574
-0.992856
-0.321885
0.944921
-0.0592778
0.950149
0.293006
-0.1066
-0.0823946
-0.0937844
-0.992177
-0.300712
0.9515
-0.0649671
0.953377
0.282827
-0.105266
-0.0808385
-0.096725
-0.992023
-0.290753
0.954281
-0.069352
0.958314
0.266587
-0.102787
-0.0801999
-0.0943007
-0.992308
-0.274229
0.959187
-0.0689896
0.958568
0.268638
-0.0947726
-0.0757492
-0.0803399
-0.993885
-0.27461
0.959885
-0.0566621
0.956308
0.279313
-0.0863704
-0.0713356
-0.0635718
-0.995424
-0.283526
0.958093
-0.0408692
0.953345
0.290592
-0.0817848
-0.0707709
-0.0482299
-0.996326
-0.293469
0.955631
-0.0254143
0.948543
0.308522
-0.0712696
-0.0649845
-0.0306135
-0.997417
-0.309907
0.950724
-0.00898911
0.943431
0.325776
-0.0617035
-0.0588248
-0.0186899
-0.998093
-0.326308
0.945262
0.00153102
0.935661
0.349838
-0.0463863
-0.0475419
-0.00528843
-0.998855
-0.349683
0.936795
0.0116838
0.928155
0.370351
-0.0369988
-0.0421728
0.00587993
-0.999093
-0.369798
0.928873
0.0210762
0.919233
0.393209
-0.0199404
-0.0308405
0.0214219
-0.999295
-0.392504
0.9192
0.0318184
0.909308
0.416072
-0.00651937
-0.0222749
0.0330244
-0.999206
-0.415526
0.908732
0.0392973
0.898307
0.43929
0.00824505
-0.0117157
0.042708
-0.999019
-0.439212
0.897329
0.0435115
0.888634
0.458247
0.0184067
-0.00535764
0.0505054
-0.998709
-0.458585
0.887389
0.047336
0.874518
0.483736
0.034891
0.00618644
0.0608092
-0.99813
-0.484953
0.873099
0.0501861
0.862208
0.504283
0.0479185
0.0147935
0.0694895
-0.997473
-0.506339
0.860738
0.0524543
0.848404
0.525919
0.0601724
0.0222885
0.0780806
-0.996698
-0.52888
0.846943
0.0545219
0.834406
0.54672
0.0697395
0.0277831
0.0846499
-0.996023
-0.550449
0.833026
0.0554428
0.825992
0.55881
0.073947
0.0299018
0.087563
-0.99571
-0.562888
0.82466
0.055617
0.810633
0.580029
0.0802558
0.0324901
0.0922941
-0.995202
-0.584653
0.80935
0.0559714
0.79389
0.601869
0.0865614
0.0344809
0.0975673
-0.994631
-0.607084
0.792612
0.0567047
0.776665
0.623313
0.0909542
0.0354356
0.10093
-0.994262
-0.628916
0.775432
0.0563011
0.762448
0.640296
0.0932454
0.0353056
0.102726
-0.994083
-0.646086
0.761228
0.0557172
0.750049
0.654306
0.0964904
0.035304
0.106075
-0.993731
-0.660439
0.748754
0.0564621
0.733429
0.672466
0.0993528
0.0337347
0.10997
-0.993362
-0.678929
0.731912
0.05797
0.721576
0.68489
0.101261
0.0320199
0.11309
-0.993069
-0.691595
0.719817
0.0596726
0.708887
0.6989
0.0949635
0.0266077
0.108044
-0.99379
-0.70482
0.707012
0.057995
0.691079
0.717828
0.08446
0.025375
0.0926865
-0.995372
-0.722334
0.690024
0.0458388
0.680189
0.729121
0.0756679
0.0253698
0.0797484
-0.996492
-0.732598
0.679723
0.0357463
0.663958
0.744528
0.0695482
0.0255233
0.0703889
-0.997193
-0.747334
0.66387
0.0277325
0.651036
0.756196
0.065722
0.0271782
0.0633061
-0.997624
-0.75856
0.651275
0.0206625
0.635741
0.769524
0.0605552
0.0267381
0.0564485
-0.998047
-0.771439
0.636119
0.0153111
0.618902
0.783403
0.0569183
0.0268564
0.0513161
-0.998321
-0.785009
0.619392
0.0107202
0.599028
0.799017
0.0523232
0.0296983
0.0431296
-0.998628
-0.800177
0.59976
0.00210635
0.581194
0.812261
0.0494507
0.0314265
0.038319
-0.998771
-0.813158
0.582034
-0.00325571
0.558351
0.828391
0.0448539
0.0323824
0.0322628
-0.998955
-0.828972
0.55922
-0.00881135
0.534972
0.843739
0.0437045
0.0342508
0.0300282
-0.998962
-0.844175
0.535913
-0.0128345
0.514631
0.856374
0.042172
0.0351961
0.0280441
-0.998987
-0.856689
0.515594
-0.0157086
0.492692
0.869333
0.0389149
0.0358649
0.0243957
-0.999059
-0.869465
0.493624
-0.019159
0.470736
0.881498
0.0369988
0.037043
0.0221519
-0.999068
-0.881496
0.471668
-0.0222256
0.451195
0.891682
0.036424
0.0400473
0.0205431
-0.998987
-0.891527
0.452196
-0.0264405
0.435386
0.899483
0.0369988
0.0418259
0.0208431
-0.998907
-0.899272
0.436458
-0.0285469
0.424142
0.90484
0.0369988
0.0424302
0.020955
-0.99888
-0.904601
0.425237
-0.0295046
0.415423
0.908812
0.0385317
0.0428644
0.0227544
-0.998822
-0.908618
0.416586
-0.0295029
0.406275
0.912759
0.0425551
0.0433956
0.0272456
-0.998686
-0.91272
0.407588
-0.0285406
0.402882
0.914086
0.0461947
0.0440622
0.0310427
-0.998546
-0.914191
0.404331
-0.0277701
0.399318
0.915498
0.0490677
0.045969
0.0334594
-0.998382
-0.915659
0.400928
-0.0287235
0.395489
0.916776
0.0557696
0.0483115
0.0398717
-0.998036
-0.917199
0.397407
-0.028522
0.395095
0.916827
0.057684
0.0492295
0.0415714
-0.997922
-0.91732
0.397114
-0.0287103
0.399345
0.91508
0.0561525
0.0467013
0.0408646
-0.998073
-0.915611
0.401197
-0.0264163
0.401642
0.914121
0.0553867
0.0466704
0.0399699
-0.99811
-0.914607
0.403468
-0.0266088
0.40174
0.914344
0.0507912
0.0446471
0.0358414
-0.99836
-0.914665
0.403349
-0.0264239
0.392671
0.91895
0.0366156
0.0464634
0.0199401
-0.998721
-0.918505
0.39387
-0.0348676
0.383165
0.923539
0.0161061
0.0527243
-0.00445956
-0.998599
-0.922174
0.383478
-0.0504017
0.374519
0.927216
0.00249272
0.0670138
-0.0243865
-0.997454
-0.924795
0.373732
-0.0712694
0.374512
0.927199
-0.00651937
0.07269
-0.0363687
-0.996691
-0.924368
0.372799
-0.0810186
0.375155
0.926744
-0.0201321
0.076254
-0.0524986
-0.995705
-0.92382
0.372008
-0.090363
0.387088
0.921493
-0.0318247
0.0719346
-0.0645916
-0.995316
-0.919232
0.382986
-0.0912899
0.408361
0.911792
-0.0433214
0.0758457
-0.0811869
-0.993809
-0.909664
0.402547
-0.102309
0.425127
0.903782
-0.0494507
0.0744953
-0.0893852
-0.993207
-0.902063
0.418555
-0.105328
0.452338
0.890125
-0.0553867
0.0702551
-0.0974745
-0.992755
-0.889075
0.44517
-0.106627
0.484125
0.872455
-0.0666787
0.0600389
-0.109147
-0.992211
-0.872937
0.476351
-0.105222
0.510076
0.856589
-0.0779621
0.0458383
-0.117582
-0.992005
-0.858907
0.502424
-0.0992406
0.521627
0.848732
-0.0869435
0.0216887
-0.115064
-0.993121
-0.852898
0.516153
-0.0784286
0.515315
0.852322
-0.0894265
-0.01096
-0.0977854
-0.995147
-0.856931
0.513795
-0.0410489
0.500262
0.862528
-0.0760503
-0.036165
-0.0669403
-0.997101
-0.865119
0.501562
-0.00229436
0.473954
0.879796
-0.036424
-0.0429231
-0.0182324
-0.998912
-0.879503
0.475002
0.0291222
0.454042
0.890938
0.00862854
-0.0437299
0.0319563
-0.998532
-0.889907
0.452998
0.0534701
0.442328
0.895797
0.043513
-0.0474353
0.071817
-0.996289
-0.895598
0.438622
0.0742591
0.44074
0.894309
0.0771974
-0.034877
0.102997
-0.99407
-0.896957
0.435434
0.0765858
0.442312
0.892315
0.0901904
-0.0278552
0.114182
-0.993069
-0.896428
0.436734
0.0753595
0.439477
0.891746
0.107935
-0.0259781
0.132728
-0.990812
-0.897878
0.432635
0.0814969
0.440298
0.887823
0.133821
-0.0334599
0.165167
-0.985698
-0.897228
0.429523
0.102429
0.449446
0.878586
0.161508
-0.0472702
0.203935
-0.977843
-0.892056
0.431853
0.133189
0.478879
0.860276
0.174928
-0.0601764
0.23096
-0.971101
-0.875816
0.454513
0.16237
0.501886
0.846152
0.179268
-0.0647101
0.243415
-0.967761
-0.86251
0.474105
0.176921
0.53888
0.823819
0.175872
-0.0757592
0.255329
-0.963882
-0.838969
0.506093
0.200004
0.565165
0.808055
0.166237
-0.0821761
0.255644
-0.963272
-0.820875
0.530747
0.210884
0.602534
0.784096
0.148817
-0.0927091
0.253968
-0.962759
-0.79269
0.566299
0.225717
0.625343
0.769475
0.129829
-0.104096
0.247142
-0.963372
-0.773376
0.588923
0.234648
0.645037
0.755652
0.113652
-0.114533
0.242655
-0.963328
-0.755519
0.608365
0.243069
0.671987
0.735167
0.0892355
-0.126546
0.232716
-0.964277
-0.729671
0.636689
0.249414
0.689924
0.720212
0.0727996
-0.131802
0.223869
-0.965666
-0.711782
0.656641
0.249378
0.713269
0.699185
0.0488762
-0.136497
0.206969
-0.968779
-0.687471
0.684328
0.243061
0.729811
0.682668
0.0366156
-0.137351
0.198882
-0.970351
-0.669709
0.703144
0.238912
0.74837
0.662761
0.0262664
-0.139285
0.195747
-0.970713
-0.648492
0.722794
0.238804
0.770447
0.637499
0.00268446
-0.150163
0.185568
-0.97109
-0.619567
0.74777
0.238699
0.789708
0.613375
-0.0115046
-0.151829
0.177238
-0.972386
-0.594399
0.769648
0.233094
0.811071
0.584113
-0.0312498
-0.155381
0.163635
-0.974207
-0.563934
0.795007
0.22348
0.829296
0.556651
-0.0490677
-0.158987
0.150853
-0.975688
-0.535716
0.816935
0.213602
0.844287
0.532147
-0.0632345
-0.16228
0.141425
-0.976557
-0.510729
0.834756
0.205761
0.859552
0.505388
-0.0758591
-0.166265
0.136186
-0.976632
-0.483247
0.852078
0.201087
0.873382
0.479178
-0.0871345
-0.169728
0.131762
-0.976643
-0.456505
0.867771
0.196409
0.883884
0.45816
-0.094009
-0.170554
0.128581
-0.976923
-0.435499
0.87952
0.191792
0.893736
0.439393
-0.0903814
-0.160335
0.124718
-0.979152
-0.418961
0.889595
0.181915
0.90193
0.425735
-0.0726084
-0.137907
0.124582
-0.982579
-0.409272
0.896231
0.171076
0.909565
0.412399
-0.0511742
-0.110847
0.122087
-0.98631
-0.400505
0.902786
0.156759
0.91507
0.401849
-0.0341244
-0.0894518
0.11973
-0.988768
-0.39325
0.907845
0.145508
0.921344
0.388482
-0.0143806
-0.0640213
0.115142
-0.991284
-0.38344
0.914234
0.130956
0.922095
0.386925
0.00536891
-0.0408281
0.111077
-0.992973
-0.384803
0.915396
0.118221
0.917455
0.396826
0.0283748
-0.0168815
0.110089
-0.993778
-0.397481
0.911268
0.107701
0.910099
0.41222
0.0423635
-0.00330843
0.109456
-0.993986
-0.414378
0.904486
0.100979
0.901539
0.428938
0.0569183
0.0109461
0.108892
-0.993993
-0.432559
0.896747
0.0934755
0.883969
0.462082
0.0712696
0.0255092
0.104541
-0.994193
-0.466849
0.880654
0.0806236
0.867454
0.491187
0.079109
0.0331666
0.101561
-0.994276
-0.49641
0.865113
0.0718089
0.850339
0.519475
0.0840778
0.036828
0.100635
-0.994242
-0.524945
0.848539
0.0664426
0.826488
0.556378
0.0857973
0.0361489
0.0996398
-0.994367
-0.561792
0.824934
0.0622387
0.808756
0.58174
0.0865614
0.0347818
0.0996121
-0.994418
-0.587115
0.807252
0.0603279
0.784706
0.614087
0.08446
0.0312093
0.0969418
-0.994801
-0.619082
0.783262
0.0569056
0.767693
0.635964
0.0787267
0.0229893
0.0954421
-0.99517
-0.640406
0.765794
0.0586499
0.745147
0.662461
0.076815
0.018219
0.0949182
-0.995318
-0.666651
0.743058
0.0586586
0.726705
0.682642
0.076815
0.0162682
0.0946874
-0.995374
-0.686757
0.724593
0.0577044
0.709661
0.700468
0.0756679
0.0120257
0.0953413
-0.995372
-0.70444
0.707287
0.0592364
0.69187
0.717822
0.0777709
0.0131788
0.0951397
-0.995377
-0.721902
0.689696
0.0563642
0.673097
0.735249
0.0796824
0.0154217
0.0937663
-0.995475
-0.739393
0.67128
0.0517751
0.655911
0.750436
0.0814026
0.0172849
0.0928809
-0.995527
-0.75464
0.654385
0.0479504
0.636273
0.766868
0.0840778
0.0191133
0.0932813
-0.995456
-0.771227
0.634989
0.044695
0.621685
0.778299
0.0880896
0.0221284
0.0949673
-0.995234
-0.782955
0.620671
0.0418172
0.602721
0.792485
0.0932454
0.0260414
0.0972585
-0.994918
-0.797527
0.602086
0.0379823
0.585371
0.80498
0.0966813
0.0273645
0.0995629
-0.994655
-0.810303
0.584888
0.0362534
0.562048
0.820906
0.10107
0.029859
0.101979
-0.994338
-0.826565
0.561884
0.0328058
0.541466
0.834392
0.102977
0.0285266
0.104182
-0.994149
-0.840238
0.541236
0.0326087
0.517048
0.849292
0.1066
0.0316666
0.105475
-0.993918
-0.85537
0.517279
0.0276414
0.48652
0.866171
0.114223
0.0377046
0.109802
-0.993238
-0.872856
0.487537
0.0207621
0.463705
0.877625
0.121459
0.0436811
0.114276
-0.992488
-0.884912
0.465527
0.0146548
0.444062
0.887277
0.124694
0.0460303
0.116393
-0.992136
-0.894813
0.446309
0.0108441
0.417708
0.899175
0.130399
0.0485023
0.121248
-0.991437
-0.907286
0.420455
0.00703406
0.396654
0.907965
0.135151
0.0518201
0.124846
-0.990822
-0.916504
0.400017
0.00246987
0.367525
0.919023
0.142556
0.057918
0.130369
-0.989772
-0.928208
0.372022
-0.00531413
0.343443
0.927217
0.149385
0.0615942
0.136481
-0.988726
-0.937152
0.348772
-0.010238
0.318687
0.935089
0.155071
0.0636308
0.142126
-0.987801
-0.945722
0.324667
-0.0142066
0.283024
0.94473
0.16548
0.0673156
0.152543
-0.986002
-0.956748
0.290201
-0.0204218
0.256513
0.950994
0.172662
0.0714188
0.159502
-0.984611
-0.963899
0.264896
-0.0270046
0.226229
0.957506
0.178891
0.0722713
0.166647
-0.983365
-0.971389
0.235395
-0.0314999
0.192444
0.963618
0.18549
0.0740854
0.174217
-0.981916
-0.978507
0.202706
-0.037863
0.155511
0.968868
0.192645
0.0778081
0.182398
-0.980141
-0.984765
0.167412
-0.0470209
0.126344
0.972158
0.197347
0.0793715
0.188396
-0.978881
-0.988806
0.139339
-0.0533589
0.108848
0.972996
0.203546
0.0833373
0.19511
-0.977234
-0.990559
0.123333
-0.0598497
0.117508
0.971115
0.207674
0.0872945
0.198212
-0.976264
-0.989228
0.132847
-0.0614815
0.147809
0.967047
0.207299
0.0913125
0.195362
-0.976471
-0.984792
0.163261
-0.059427
0.180966
0.961716
0.205798
0.0928057
0.191621
-0.977071
-0.979101
0.195916
-0.0545758
0.215832
0.954294
0.206736
0.0934094
0.190576
-0.977218
-0.971952
0.230226
-0.0480076
0.246567
0.946531
0.208049
0.0941339
0.190271
-0.977208
-0.964543
0.260532
-0.0421861
0.284569
0.935515
0.209362
0.0931743
0.190367
-0.977281
-0.954117
0.297611
-0.0329934
0.318245
0.923917
0.212361
0.0934281
0.19235
-0.976869
-0.943394
0.330724
-0.0251054
0.355116
0.909678
0.215358
0.0915242
0.195434
-0.976437
-0.930331
0.366459
-0.0138559
0.384911
0.89698
0.217417
0.0920786
0.197071
-0.976056
-0.918349
0.395714
-0.00673768
0.419497
0.880825
0.219475
0.0883089
0.201032
-0.975596
-0.903451
0.428641
0.00654752
0.463907
0.856812
0.225084
0.0887666
0.207841
-0.974127
-0.881425
0.471884
0.0203626
0.505165
0.832647
0.226952
0.0851837
0.213582
-0.973204
-0.858808
0.510962
0.0369664
0.537664
0.811727
0.228072
0.0816684
0.219088
-0.972281
-0.839195
0.541386
0.0515035
0.581173
0.782993
0.22172
0.0736501
0.22073
-0.97255
-0.81044
0.581549
0.0706148
0.611538
0.761395
0.215171
0.0675029
0.220751
-0.972992
-0.78833
0.609546
0.0836011
0.65584
0.728085
0.199414
0.0572521
0.215426
-0.97484
-0.752726
0.650757
0.0996006
0.685527
0.703372
0.187939
0.0515809
0.21057
-0.976217
-0.726218
0.678917
0.108071
0.716608
0.676008
0.171718
0.0427755
0.203139
-0.978215
-0.696163
0.708342
0.116654
0.741216
0.651875
0.160183
0.0391811
0.196207
-0.979779
-0.670123
0.732504
0.119891
0.759658
0.632754
0.150144
0.0340372
0.191874
-0.980829
-0.649432
0.750205
0.124221
0.780768
0.610281
0.134011
0.0231802
0.186039
-0.982269
-0.624391
0.77003
0.131107
0.799065
0.589545
0.118032
0.0138698
0.178187
-0.983899
-0.601085
0.787836
0.134206
0.818871
0.56528
0.0995436
0.00339891
0.168649
-0.98567
-0.573967
0.807475
0.136181
0.83532
0.543208
0.084651
-0.00526248
0.161871
-0.986798
-0.549739
0.823847
0.138072
0.851783
0.51946
0.0680178
-0.0139349
0.15225
-0.988244
-0.523709
0.840821
0.136922
0.867475
0.49494
0.0502167
-0.0252838
0.144675
-0.989156
-0.496838
0.856798
0.138016
0.879753
0.474149
0.034891
-0.0344157
0.136708
-0.990013
-0.474184
0.869766
0.136587
0.893055
0.449741
0.0136137
-0.0489127
0.127114
-0.990681
-0.44728
0.884067
0.135518
0.900848
0.43413
-0.00210922
-0.0603084
0.12033
-0.9909
-0.429925
0.892778
0.13458
0.906085
0.422608
-0.0203238
-0.072342
0.107417
-0.991579
-0.416866
0.899924
0.127901
0.910148
0.412663
-0.0366156
-0.0786599
0.0853579
-0.993241
-0.406748
0.906876
0.110148
0.912316
0.406916
-0.0458116
-0.07779
0.0623857
-0.995016
-0.40203
0.911333
0.0885695
0.911505
0.408442
-0.0483016
-0.0729548
0.0449878
-0.99632
-0.404766
0.911675
0.0708044
0.91069
0.409335
-0.0555782
-0.070826
0.0221717
-0.997242
-0.406974
0.912115
0.0491831
0.907834
0.413714
-0.0684004
-0.0805429
0.0119557
-0.996679
-0.411523
0.910328
0.0441755
0.903041
0.422243
-0.0789179
-0.0880791
0.0021979
-0.996111
-0.420428
0.90648
0.0391756
0.897118
0.433605
-0.084651
-0.0931751
-0.0015996
-0.995648
-0.431853
0.901102
0.0389661
0.889277
0.448693
-0.0886626
-0.0966273
-0.00516637
-0.995307
-0.447046
0.893671
0.0387617
0.873488
0.479018
-0.0869435
-0.0928717
-0.011356
-0.995613
-0.477905
0.877731
0.0345679
0.855738
0.508903
-0.0934363
-0.0944869
-0.0238467
-0.99524
-0.508709
0.860493
0.0276782
0.842705
0.529797
-0.095727
-0.0929609
-0.0319458
-0.995157
-0.530289
0.847523
0.0223295
0.819429
0.564505
-0.0993528
-0.0882301
-0.0470442
-0.994989
-0.56635
0.824088
0.0112569
0.796672
0.596316
-0.0985896
-0.0803067
-0.0572362
-0.995126
-0.599053
0.800706
0.00228972
0.775949
0.622983
-0.0989712
-0.0741736
-0.0656988
-0.995079
-0.626419
0.779472
-0.00477013
0.757749
0.64482
-0.100116
-0.0713974
-0.0705761
-0.994948
-0.648628
0.761069
-0.00744052
0.73638
0.669734
-0.0959179
-0.0615344
-0.0748857
-0.995292
-0.673764
0.738815
-0.0139326
0.716656
0.690746
-0.0962996
-0.0573502
-0.0792439
-0.995204
-0.695065
0.718742
-0.0171762
0.687114
0.720037
-0.097063
-0.0504859
-0.0859538
-0.995019
-0.724794
0.688591
-0.0227083
0.658037
0.747355
-0.091909
-0.0385508
-0.0884616
-0.995333
-0.751998
0.658509
-0.0293999
0.628164
0.772947
-0.0892355
-0.0305097
-0.0901298
-0.995463
-0.777482
0.628037
-0.0330339
0.601088
0.79444
-0.0869435
-0.0246032
-0.090344
-0.995607
-0.798804
0.600586
-0.0347589
0.572012
0.816177
-0.0815937
-0.0182277
-0.0868018
-0.996059
-0.820043
0.571245
-0.0347747
0.551009
0.831182
-0.0743295
-0.00908354
-0.0830915
-0.996501
-0.83445
0.549756
-0.0382341
0.522901
0.849344
-0.0720347
-0.00459827
-0.0816968
-0.996647
-0.852381
0.521479
-0.0388138
0.508475
0.85801
-0.0726084
-0.00466714
-0.0815753
-0.996656
-0.861064
0.507113
-0.0374745
0.483399
0.872724
-0.0684004
0.00226732
-0.0793841
-0.996842
-0.875397
0.481717
-0.040353
0.459266
0.885602
-0.0691656
0.0100523
-0.0830395
-0.996496
-0.888242
0.456961
-0.0470396
0.438383
0.895581
-0.0758591
0.0109321
-0.0897084
-0.995908
-0.898722
0.43576
-0.0491173
0.411322
0.908578
-0.0727996
0.0236245
-0.0904688
-0.995619
-0.911184
0.4078
-0.0586764
0.396437
0.91511
-0.0735646
0.0244403
-0.0906217
-0.995585
-0.917737
0.392889
-0.0582913
0.368341
0.92673
-0.0741382
0.034641
-0.0933707
-0.995029
-0.929045
0.363942
-0.0664952
0.338841
0.938478
-0.0666787
0.0520149
-0.0894486
-0.994632
-0.939405
0.333554
-0.0791237
0.314492
0.9471
-0.0639999
0.0636922
-0.0883223
-0.994054
-0.947121
0.308546
-0.0880996
0.311526
0.947882
-0.06687
0.0687051
-0.0926561
-0.993325
-0.947751
0.304852
-0.0939891
0.320311
0.944599
-0.0716522
0.0688391
-0.098647
-0.992739
-0.944808
0.313053
-0.0966231
0.339891
0.936885
-0.0819759
0.0644985
-0.110182
-0.991817
-0.938251
0.331822
-0.0978774
0.360266
0.92812
-0.0938181
0.0606237
-0.123653
-0.990472
-0.930878
0.351146
-0.100814
0.389513
0.91447
-0.10965
0.0528817
-0.141062
-0.988587
-0.919501
0.379269
-0.103304
0.408755
0.904754
-0.119746
0.0489995
-0.152775
-0.987046
-0.911328
0.397592
-0.10678
0.432219
0.892067
-0.13192
0.0427128
-0.166378
-0.985136
-0.900757
0.42016
-0.110015
0.455565
0.878466
-0.144075
0.0373822
-0.18058
-0.98285
-0.889417
0.442366
-0.115105
0.477195
0.865042
-0.154881
0.0310826
-0.192746
-0.980756
-0.878248
0.463198
-0.118865
0.503684
0.847332
-0.168316
0.0241707
-0.208582
-0.977706
-0.86355
0.488387
-0.12554
0.529814
0.82891
-0.179457
0.0223425
-0.225163
-0.974065
-0.84782
0.512063
-0.137814
0.550312
0.813096
-0.189822
0.0217132
-0.241202
-0.970232
-0.834677
0.529809
-0.150391
0.569846
0.797047
-0.199978
0.0230629
-0.258772
-0.965663
-0.821428
0.545667
-0.165842
0.583671
0.784785
-0.208424
0.0227235
-0.272369
-0.961924
-0.811672
0.556711
-0.176807
0.604394
0.765643
-0.220224
0.0180773
-0.289533
-0.956997
-0.79648
0.574422
-0.188833
0.626291
0.745481
-0.228072
0.0174432
-0.305881
-0.95191
-0.779394
0.592195
-0.204574
0.652099
0.720313
-0.236465
0.0152885
-0.324335
-0.945819
-0.757979
0.613153
-0.222511
0.675924
0.69485
-0.245583
0.00777803
-0.339941
-0.940415
-0.736931
0.633739
-0.235178
0.6809
0.686669
-0.25468
0.00307932
-0.350426
-0.936585
-0.73237
0.636936
-0.240719
0.672099
0.688009
-0.273728
-0.0167032
-0.355491
-0.93453
-0.740273
0.632669
-0.227433
0.659879
0.692029
-0.292669
-0.0453995
-0.352079
-0.934869
-0.749999
0.630187
-0.200912
0.648027
0.695981
-0.309309
-0.072091
-0.348245
-0.934628
-0.758198
0.627962
-0.175498
0.621854
0.709272
-0.332011
-0.111086
-0.339776
-0.933923
-0.775214
0.617646
-0.1325
0.595435
0.729524
-0.336529
-0.132795
-0.323748
-0.936778
-0.792353
0.60248
-0.0958933
0.567163
0.755305
-0.328391
-0.145138
-0.300825
-0.942571
-0.810717
0.582253
-0.0609929
0.546346
0.777334
-0.31186
-0.150199
-0.275378
-0.94953
-0.823982
0.565613
-0.0336971
0.528929
0.79854
-0.287347
-0.148756
-0.246109
-0.957759
-0.835527
0.549331
-0.0113867
0.511361
0.822804
-0.247999
-0.145543
-0.201495
-0.968616
-0.846952
0.531407
0.0167173
0.500279
0.839038
-0.21386
-0.139425
-0.165706
-0.97627
-0.854565
0.518225
0.0340838
0.492066
0.851781
-0.179834
-0.135965
-0.128845
-0.9823
-0.859875
0.507808
0.0524119
0.490427
0.858418
-0.150333
-0.134782
-0.0957157
-0.986242
-0.860996
0.503942
0.0687578
0.505324
0.851576
-0.139519
-0.137702
-0.080033
-0.987235
-0.851872
0.518085
0.076821
0.528055
0.835661
-0.151091
-0.153905
-0.0807999
-0.984777
-0.835148
0.54327
0.0859453
0.549268
0.818636
-0.167749
-0.162008
-0.0926133
-0.982434
-0.819791
0.566797
0.0817562
0.569013
0.80074
-0.187185
-0.169026
-0.10888
-0.979579
-0.804769
0.589033
0.0733914
0.584914
0.784256
-0.206924
-0.171568
-0.129713
-0.976596
-0.792742
0.606726
0.0586828
0.602647
0.76675
-0.221159
-0.167456
-0.14946
-0.974484
-0.78024
0.624305
0.038325
0.622605
0.746308
-0.235347
-0.168243
-0.166054
-0.971659
-0.764237
0.644555
0.0221751
0.648491
0.717156
-0.255236
-0.177156
-0.183907
-0.966847
-0.740321
0.672209
0.00778656
0.671397
0.689932
-0.270591
-0.188027
-0.194593
-0.962694
-0.716848
0.697229
-0.000922959
0.669903
0.690512
-0.272806
-0.200123
-0.185903
-0.961972
-0.714969
0.699023
0.0136506
0.663603
0.699417
-0.265419
-0.205955
-0.170276
-0.963633
-0.719176
0.694134
0.0310529
0.644007
0.727193
-0.237582
-0.191219
-0.147687
-0.970373
-0.740736
0.670357
0.0439417
0.622548
0.753849
-0.210112
-0.169121
-0.132544
-0.976642
-0.764089
0.643541
0.0449762
0.600365
0.777872
-0.185678
-0.149293
-0.119082
-0.981596
-0.785667
0.617037
0.0446386
0.580842
0.796822
-0.166426
-0.135259
-0.107133
-0.985001
-0.8027
0.59464
0.0455505
0.562695
0.813125
-0.149006
-0.120179
-0.0978715
-0.987916
-0.817882
0.573803
0.0426484
0.539457
0.831645
-0.13173
-0.104121
-0.0893597
-0.990542
-0.835551
0.548071
0.0383858
0.52128
0.844533
-0.122601
-0.0930708
-0.0865459
-0.991891
-0.848295
0.528463
0.0334867
0.498408
0.859711
-0.111747
-0.0797442
-0.0828883
-0.993363
-0.863267
0.504011
0.0272447
0.476796
0.873006
-0.102596
-0.0670036
-0.0802816
-0.994518
-0.876456
0.481057
0.0202166
0.453934
0.886102
-0.0936272
-0.0534362
-0.0778156
-0.995535
-0.889431
0.45691
0.0120268
0.421871
0.902696
-0.084651
-0.0391408
-0.0751463
-0.996404
-0.905811
0.423667
0.00363015
0.400612
0.912726
-0.0802558
-0.0271632
-0.0757224
-0.996759
-0.915845
0.401493
-0.00554271
0.380624
0.921405
-0.0783444
-0.0166174
-0.0778925
-0.996823
-0.92458
0.380717
-0.0143364
0.354782
0.931959
-0.0747119
0.000665344
-0.0801618
-0.996782
-0.934949
0.353591
-0.0290601
0.333469
0.939931
-0.0729909
0.0135537
-0.0821942
-0.996524
-0.942664
0.331321
-0.0401488
0.307989
0.94876
-0.0706958
0.033256
-0.0849986
-0.995826
-0.950808
0.304352
-0.0577306
0.289624
0.954761
-0.0674439
0.0521548
-0.0861017
-0.99492
-0.955719
0.284635
-0.0747325
0.278507
0.958325
-0.0636172
0.0674561
-0.0855924
-0.994044
-0.958062
0.272557
-0.088483
0.264066
0.962824
-0.0569183
0.0843355
-0.0818364
-0.993071
-0.960811
0.257436
-0.10281
0.254316
0.965642
-0.0534721
0.0952671
-0.0800343
-0.992229
-0.962418
0.247246
-0.112348
0.251967
0.966501
-0.0488762
0.107321
-0.0781014
-0.991152
-0.961766
0.244493
-0.123405
0.261241
0.964112
-0.047344
0.108988
-0.0781945
-0.990963
-0.959101
0.25372
-0.125504
0.276896
0.959646
-0.0490677
0.10576
-0.0811905
-0.991072
-0.955062
0.269235
-0.123974
0.296099
0.953681
-0.0530891
0.0976391
-0.0855117
-0.991541
-0.950154
0.288411
-0.118436
0.318433
0.946212
-0.0573011
0.0924525
-0.0911593
-0.991535
-0.943426
0.31044
-0.116508
0.349344
0.934884
-0.0628518
0.0853198
-0.0985379
-0.991469
-0.933102
0.341001
-0.114188
0.376221
0.924277
-0.064574
0.0814325
-0.10241
-0.991404
-0.922945
0.367728
-0.113795
0.408528
0.910293
-0.06687
0.0684612
-0.103616
-0.992258
-0.910175
0.400787
-0.10465
0.448286
0.891443
-0.0661047
0.0597227
-0.103655
-0.992819
-0.891893
0.441119
-0.0997066
0.476825
0.876651
-0.0641913
0.0537305
-0.10196
-0.993336
-0.877355
0.470198
-0.0957201
0.514095
0.855483
-0.0620863
0.0443062
-0.0987735
-0.994123
-0.856588
0.508323
-0.0886822
0.536991
0.841561
-0.0584497
0.0413257
-0.0954467
-0.994576
-0.842575
0.531663
-0.0860321
0.565887
0.822784
-0.0528976
0.0360886
-0.0888155
-0.995394
-0.823693
0.561371
-0.0799526
0.595899
0.801547
-0.0492592
0.0315741
-0.084677
-0.995908
-0.802439
0.591905
-0.075767
0.621544
0.781805
-0.0496422
0.0245229
-0.082756
-0.996268
-0.782995
0.618007
-0.0706086
0.646146
0.761671
-0.0484931
0.020863
-0.0811415
-0.996484
-0.762928
0.642863
-0.06832
0.668742
0.741836
-0.0496422
0.0152206
-0.0804145
-0.996645
-0.743339
0.665743
-0.0650677
0.685374
0.725979
-0.0567268
0.00530199
-0.082874
-0.996546
-0.728172
0.682706
-0.0606488
0.69631
0.714984
-0.0628518
-0.0105727
-0.0773418
-0.996949
-0.717663
0.69485
-0.0462946
0.70397
0.707217
-0.0653393
-0.0251502
-0.067117
-0.997428
-0.709784
0.703803
-0.0294618
0.701884
0.709462
-0.0634259
-0.0341069
-0.0554676
-0.997878
-0.711474
0.702558
-0.0147343
0.699312
0.712578
-0.0565354
-0.0367249
-0.0431705
-0.998393
-0.713873
0.700264
-0.00402024
0.69086
0.721189
-0.0509827
-0.0419126
-0.0304478
-0.998657
-0.721773
0.692069
0.00919177
0.680551
0.731194
-0.0469609
-0.0450422
-0.0222213
-0.998738
-0.731315
0.681808
0.0178119
0.66708
0.743999
-0.0383401
-0.0438591
-0.0121544
-0.998964
-0.743694
0.668071
0.0245232
0.647964
0.761444
-0.0185984
-0.0361381
0.00634361
-0.999327
-0.760813
0.6482
0.0316276
0.628444
0.777851
0.00230097
-0.0253968
0.023475
-0.999402
-0.77744
0.62801
0.0345077
0.619398
0.784959
0.0136137
-0.0228751
0.0353781
-0.999112
-0.784744
0.618537
0.0398692
0.605416
0.795396
0.0285665
-0.0161182
0.0481369
-0.998711
-0.795746
0.604175
0.0419633
0.607626
0.793868
0.0237745
-0.0208781
0.0458896
-0.998728
-0.793949
0.606357
0.0444582
0.616607
0.786993
0.020899
-0.0180548
0.0406751
-0.999009
-0.787064
0.615619
0.0392896
0.62488
0.780456
0.0203238
-0.0163377
0.0390985
-0.999102
-0.78055
0.623987
0.0371827
0.638452
0.769494
0.0161061
-0.0204098
0.0378455
-0.999075
-0.769391
0.637532
0.0398677
0.665422
0.746457
-0.00402669
-0.0410185
0.0311783
-0.998672
-0.74534
0.664703
0.0513653
0.683356
0.729986
-0.0120798
-0.0507722
0.0310103
-0.998229
-0.728318
0.682759
0.058254
0.70189
0.71192
-0.022816
-0.0619685
0.0291221
-0.997653
-0.709585
0.701656
0.0645571
0.719258
0.69352
-0.0412141
-0.0776062
0.0212516
-0.996758
-0.690395
0.720124
0.0691068
0.731426
0.67946
-0.0578754
-0.0923559
0.0146141
-0.995619
-0.675638
0.733567
0.0734413
0.733626
0.675241
-0.0764327
-0.108864
0.00575848
-0.99404
-0.670777
0.737575
0.077734
0.72406
0.684088
-0.0880896
-0.125839
0.00544831
-0.992036
-0.67816
0.729379
0.09003
0.705806
0.702835
-0.0886626
-0.133154
0.00869461
-0.991057
-0.695779
0.7113
0.0997217
0.681571
0.726682
-0.0859884
-0.141202
0.0153061
-0.989863
-0.717999
0.686804
0.113041
0.660453
0.746628
-0.0796824
-0.143801
0.0216153
-0.989371
-0.736969
0.664891
0.121642
0.627948
0.776323
-0.0548123
-0.131592
0.0364977
-0.990632
-0.76705
0.629278
0.125076
0.600027
0.799391
-0.0306748
-0.116328
0.0492509
-0.991989
-0.791477
0.598789
0.122543
0.570582
0.821152
-0.0120798
-0.107522
0.0601137
-0.992384
-0.814172
0.567535
0.122592
0.533359
0.84585
0.00805331
-0.101858
0.073673
-0.992067
-0.839734
0.528308
0.125451
0.507684
0.861188
0.0247329
-0.0990593
0.0868662
-0.991283
-0.85583
0.500808
0.129409
0.484297
0.87395
0.0408309
-0.093602
0.0981575
-0.990759
-0.869882
0.476
0.129341
0.460686
0.885845
0.0551952
-0.0877317
0.107332
-0.990345
-0.883217
0.451396
0.127163
0.433687
0.898607
0.0664873
-0.0836263
0.113609
-0.99
-0.897175
0.42379
0.124418
0.415208
0.90696
0.0708871
-0.0825376
0.115156
-0.989912
-0.905975
0.405169
0.122672
0.406455
0.910812
0.0722259
-0.0830964
0.115573
-0.989817
-0.909884
0.396314
0.12266
0.396097
0.915288
0.0731821
-0.0750762
0.111717
-0.9909
-0.915134
0.386998
0.112967
0.401996
0.913025
0.0691656
-0.0716008
0.106652
-0.991715
-0.912838
0.393713
0.108247
0.42435
0.90393
0.0532806
-0.0729453
0.0927755
-0.993011
-0.902555
0.417497
0.105307
0.443964
0.895216
0.0385317
-0.0757406
0.0803407
-0.993886
-0.892838
0.438331
0.103473
0.470974
0.881943
0.0189819
-0.081774
0.0650737
-0.994524
-0.878349
0.466843
0.102768
0.505994
0.862475
-0.0103542
-0.0953468
0.043999
-0.994471
-0.857251
0.504184
0.104497
0.532661
0.84582
-0.0293332
-0.100108
0.0285521
-0.994567
-0.840387
0.532703
0.0998822
0.562902
0.824866
-0.0523232
-0.111412
0.0129977
-0.993689
-0.81898
0.56518
0.0992167
0.593092
0.80194
-0.0716522
-0.116474
-0.00259942
-0.99319
-0.796665
0.597399
0.0918632
0.625557
0.77519
-0.0880896
-0.116563
-0.0187786
-0.993006
-0.771422
0.63145
0.078611
0.64747
0.756151
-0.0949635
-0.108227
-0.0321133
-0.993607
-0.754367
0.653609
0.0610436
0.670995
0.73493
-0.098208
-0.0987114
-0.0427298
-0.994198
-0.734862
0.676796
0.0438745
0.690241
0.716132
-0.10355
-0.0959757
-0.0512315
-0.994064
-0.717186
0.696082
0.0333692
0.719319
0.687483
-0.0997344
-0.0840126
-0.056424
-0.994866
-0.689581
0.724005
0.0171704
0.740497
0.665479
-0.0938181
-0.0733675
-0.0587165
-0.995575
-0.668043
0.744103
0.0053452
0.75676
0.648747
-0.0802558
-0.0570612
-0.0567462
-0.996757
-0.651197
0.758885
-0.00592497
0.76888
0.636699
-0.0586411
-0.033051
-0.0520143
-0.998099
-0.638539
0.769356
-0.0189492
0.783152
0.620168
-0.0454285
-0.0150048
-0.054188
-0.998418
-0.621649
0.782595
-0.033132
0.800941
0.597118
-0.0440877
-0.0112562
-0.058604
-0.998218
-0.598638
0.800009
-0.040217
0.822573
0.567136
-0.0415972
-0.0076613
-0.0620905
-0.998041
-0.568608
0.82128
-0.0467289
0.841701
0.537762
-0.0484931
-0.0148118
-0.0667813
-0.997658
-0.539741
0.840448
-0.0482447
0.855116
0.515886
-0.0513657
-0.0183833
-0.0688434
-0.997458
-0.518111
0.853887
-0.0493854
0.872048
0.484118
-0.0718434
-0.0385473
-0.0783974
-0.996177
-0.487899
0.871484
-0.0497049
0.881561
0.464488
-0.0842689
-0.0489807
-0.0875465
-0.994955
-0.469522
0.881241
-0.0544266
0.890075
0.44653
-0.0915271
-0.0565008
-0.0911677
-0.994231
-0.452298
0.890112
-0.0559168
0.902498
0.416099
-0.111175
-0.078347
-0.0952146
-0.992369
-0.423509
0.904321
-0.0533308
0.908466
0.399573
-0.122601
-0.0910059
-0.097188
-0.991097
-0.407931
0.911535
-0.0519285
0.904735
0.403327
-0.13705
-0.104492
-0.101772
-0.989305
-0.412961
0.909379
-0.0499326
0.89511
0.420209
-0.149006
-0.115686
-0.103859
-0.987841
-0.430576
0.901464
-0.0443532
0.876526
0.452429
-0.164346
-0.13048
-0.10532
-0.985841
-0.463332
0.88556
-0.0332824
0.859712
0.47878
-0.177948
-0.144417
-0.106323
-0.983788
-0.489938
0.871473
-0.0222632
0.842773
0.504041
-0.18888
-0.158554
-0.10287
-0.981977
-0.514387
0.857531
-0.00677855
0.826178
0.528067
-0.196407
-0.172189
-0.0952664
-0.980446
-0.536452
0.843842
0.0122206
0.810686
0.548681
-0.204297
-0.186515
-0.0887327
-0.978437
-0.554978
0.831309
0.0304031
0.793287
0.571306
-0.210487
-0.201477
-0.0799112
-0.976228
-0.574545
0.816838
0.0517125
0.77155
0.6026
-0.203921
-0.205097
-0.0678132
-0.97639
-0.602201
0.795157
0.07127
0.747074
0.636725
-0.190951
-0.203118
-0.0548632
-0.977616
-0.632948
0.769137
0.0883434
0.72203
0.669185
-0.175683
-0.199946
-0.041268
-0.978938
-0.662341
0.741949
0.104004
0.697752
0.698287
-0.159805
-0.197509
-0.0269024
-0.979932
-0.688573
0.715312
0.119147
0.682279
0.717171
-0.141987
-0.190289
-0.0133158
-0.981638
-0.705893
0.69677
0.127384
0.668618
0.733173
-0.124123
-0.183146
0.000588002
-0.983086
-0.720699
0.680042
0.134671
0.652999
0.74971
-0.107363
-0.177716
0.0138786
-0.983984
-0.736213
0.66162
0.142298
0.639208
0.762339
-0.101261
-0.180809
0.0209951
-0.983294
-0.747477
0.646838
0.151258
0.637418
0.765854
-0.084651
-0.158402
0.0227303
-0.987113
-0.75406
0.642613
0.135801
0.636928
0.768556
-0.0603638
-0.122712
0.0237695
-0.992158
-0.761094
0.63934
0.10945
0.630282
0.774945
-0.0469609
-0.0972653
0.0188074
-0.995081
-0.770249
0.631749
0.0872292
0.627532
0.777637
-0.0385317
-0.0822722
0.0170168
-0.996465
-0.774232
0.628483
0.0746565
0.630774
0.775854
-0.0132302
-0.0437349
0.0185236
-0.998871
-0.774733
0.630641
0.0456161
0.633206
0.773982
-0.00172573
-0.0291353
0.0216078
-0.999342
-0.773435
0.632839
0.0362323
0.635054
0.772304
0.0159144
-0.00707365
0.0264152
-0.999626
-0.772436
0.634704
0.0222381
0.634842
0.771142
0.0481101
0.0388658
0.030316
-0.998784
-0.771664
0.635941
-0.0107252
0.635479
0.768606
0.0735646
0.0746217
0.0336936
-0.996643
-0.768504
0.638835
-0.0359431
0.63129
0.768628
0.103359
0.114923
0.0390884
-0.992605
-0.766984
0.6385
-0.0636571
0.6279
0.765996
0.13781
0.162602
0.0440508
-0.985708
-0.761119
0.641334
-0.0968929
0.628365
0.758815
0.17134
0.201299
0.0541458
-0.978032
-0.751423
0.649051
-0.118725
0.632395
0.749531
0.195654
0.226462
0.0626571
-0.972003
-0.740805
0.658998
-0.130116
0.638812
0.736553
0.222281
0.253797
0.0709986
-0.964648
-0.726297
0.672643
-0.14158
0.65081
0.719998
0.240934
0.273832
0.0733841
-0.958974
-0.70814
0.690085
-0.149399
0.667906
0.703142
0.24391
0.285119
0.0609823
-0.95655
-0.687465
0.708429
-0.159749
0.692403
0.681078
0.238141
0.291091
0.0383119
-0.955928
-0.660185
0.731208
-0.171729
0.713187
0.663281
0.226765
0.289982
0.0153508
-0.956909
-0.638181
0.748213
-0.181392
0.728439
0.647857
0.222841
0.294389
-0.00228215
-0.955683
-0.618637
0.761759
-0.192384
0.743351
0.63036
0.223776
0.298286
-0.0129478
-0.954389
-0.598711
0.776195
-0.197652
0.760287
0.610168
0.222841
0.301866
-0.0281086
-0.952936
-0.575188
0.791773
-0.20556
0.771704
0.597733
0.21723
0.297646
-0.0375939
-0.953936
-0.562032
0.800814
-0.206924
0.789466
0.578731
0.204484
0.285252
-0.0509474
-0.957098
-0.543484
0.813926
-0.205305
0.806138
0.560837
0.188692
0.269917
-0.0647479
-0.960704
-0.526581
0.825391
-0.203575
0.821497
0.543682
0.171906
0.254746
-0.0802154
-0.963675
-0.510143
0.835449
-0.204398
0.836374
0.526488
0.152608
0.238199
-0.0983313
-0.966226
-0.4937
0.844477
-0.207651
0.849057
0.511121
0.133631
0.221308
-0.114427
-0.968467
-0.479713
0.851858
-0.210271
0.85801
0.499843
0.118223
0.20708
-0.125999
-0.970176
-0.470039
0.856902
-0.211616
0.865721
0.490644
0.0989712
0.186891
-0.133435
-0.973276
-0.464326
0.861083
-0.207214
0.870277
0.485758
0.0815937
0.166651
-0.134495
-0.9768
-0.463514
0.863684
-0.198
0.872999
0.484208
0.0584497
0.140286
-0.134517
-0.980931
-0.467112
0.864551
-0.185361
0.874484
0.484374
0.0256914
0.105434
-0.138116
-0.984788
-0.473457
0.86389
-0.17185
0.871913
0.489525
-0.0115046
0.0682379
-0.14474
-0.987114
-0.484883
0.859893
-0.159605
0.868432
0.494383
-0.0375737
0.0428504
-0.150338
-0.987706
-0.493954
0.856145
-0.151742
0.857644
0.508702
-0.0752855
0.00587386
-0.156082
-0.987727
-0.51421
0.846676
-0.136851
0.84621
0.522539
-0.104312
-0.0225467
-0.160475
-0.986782
-0.532372
0.837377
-0.124014
0.828678
0.542059
-0.139519
-0.0572048
-0.165939
-0.984475
-0.556795
0.823794
-0.106502
0.813892
0.556558
-0.166804
-0.0852272
-0.169623
-0.981817
-0.574732
0.813309
-0.0906213
0.79355
0.576827
-0.193774
-0.113864
-0.172058
-0.978484
-0.597756
0.79854
-0.0708569
0.774014
0.599047
-0.205047
-0.128126
-0.168958
-0.97726
-0.620069
0.782685
-0.0540224
0.759569
0.613673
-0.215545
-0.141376
-0.167698
-0.975649
-0.634876
0.771546
-0.0406194
0.748628
0.622595
-0.227885
-0.155021
-0.169816
-0.973207
-0.644612
0.763897
-0.0306142
0.740785
0.628184
-0.237955
-0.162687
-0.175915
-0.970869
-0.651744
0.757918
-0.0281182
0.736723
0.629368
-0.247256
-0.16836
-0.183414
-0.968511
-0.6549
0.755153
-0.0291652
0.732956
0.631028
-0.254124
-0.174119
-0.187095
-0.966788
-0.657615
0.752861
-0.0272579
0.722374
0.637765
-0.267267
-0.194637
-0.18335
-0.963587
-0.663545
0.74809
-0.00831466
0.702923
0.663608
-0.255978
-0.19756
-0.163569
-0.966548
-0.683279
0.72998
0.0161254
0.682023
0.692301
-0.235719
-0.195188
-0.138311
-0.970964
-0.704802
0.70823
0.0407974
0.662485
0.715625
-0.221346
-0.198133
-0.117563
-0.973099
-0.722397
0.68852
0.0639052
0.648255
0.73454
-0.200541
-0.188202
-0.100632
-0.976961
-0.737798
0.671062
0.0730068
0.62882
0.758181
-0.172473
-0.17196
-0.0807206
-0.981791
-0.758298
0.647028
0.0796179
0.608108
0.779527
-0.150144
-0.158763
-0.0658909
-0.985116
-0.777817
0.622894
0.0836914
0.582779
0.802709
-0.126596
-0.148589
-0.0478996
-0.987738
-0.79893
0.594444
0.0913589
0.561594
0.820242
-0.108697
-0.139487
-0.0356356
-0.989582
-0.815571
0.570905
0.0944008
0.527712
0.846215
-0.0737558
-0.120882
-0.0111313
-0.992604
-0.840778
0.532725
0.096418
0.506223
0.860973
-0.0496422
-0.111502
0.00826276
-0.99373
-0.855164
0.508584
0.100183
0.478298
0.878155
-0.00862854
-0.0891797
0.0387936
-0.99526
-0.873658
0.4768
0.0968685
0.465423
0.884981
0.0138054
-0.0768067
0.0559227
-0.995476
-0.88175
0.462257
0.0940001
0.462552
0.885695
0.0398729
-0.0661401
0.0793196
-0.994653
-0.884122
0.457441
0.0952694
0.467165
0.881308
0.0710784
-0.0580414
0.110784
-0.992148
-0.882263
0.459372
0.102907
0.473931
0.876932
0.0798736
-0.0566954
0.120908
-0.991043
-0.878735
0.465158
0.10702
0.481581
0.873389
0.0726084
-0.0665362
0.119045
-0.990657
-0.873872
0.472251
0.115442
0.486653
0.870312
0.0756679
-0.0594987
0.119436
-0.991058
-0.871567
0.477799
0.109906
0.49589
0.86528
0.0733733
-0.0487338
0.112091
-0.992502
-0.867017
0.488596
0.0977529
0.503289
0.861645
0.0653393
-0.0364514
0.0967162
-0.994644
-0.863349
0.498212
0.0800843
0.513542
0.856421
0.0530891
-0.0301088
0.0798179
-0.996355
-0.857536
0.510071
0.0667756
0.523646
0.85092
0.0415972
-0.0205039
0.0614004
-0.997903
-0.851689
0.521695
0.0495993
0.531329
0.846944
0.0193653
-0.034046
0.044188
-0.998443
-0.846481
0.529843
0.0523134
0.531201
0.8471
0.0157227
-0.0355
0.0407948
-0.998537
-0.846502
0.529865
0.0517423
0.536915
0.843582
0.00958723
-0.0349599
0.0336025
-0.998824
-0.842911
0.535949
0.0475333
0.554413
0.832154
0.0120798
-0.0244169
0.0307726
-0.999228
-0.831883
0.55369
0.0373793
0.581793
0.813097
0.0197487
0.000419399
0.0239812
-0.999712
-0.813337
0.581633
0.0136111
0.60767
0.793925
0.0205156
0.0150577
0.0143099
-0.999784
-0.794047
0.607847
-0.00325901
0.624613
0.780736
0.0176399
0.0219485
0.00502871
-0.999746
-0.780626
0.624841
-0.013995
0.650919
0.759
0.0149558
0.0360699
-0.0112431
-0.999286
-0.758289
0.650994
-0.0346954
0.676769
0.736136
0.00939549
0.0448688
-0.0285051
-0.998586
-0.734827
0.676234
-0.0523209
0.701514
0.712631
0.00594414
0.0515426
-0.0424159
-0.99777
-0.71079
0.700255
-0.0664862
0.725302
0.688427
-0.00210922
0.0522778
-0.0581325
-0.996939
-0.686443
0.722972
-0.0781531
0.741706
0.67069
-0.00690286
0.054623
-0.0706578
-0.996004
-0.668498
0.738365
-0.0890424
0.766643
0.641816
-0.018215
0.052211
-0.0905904
-0.994519
-0.639948
0.761489
-0.10296
0.783929
0.620294
-0.0262664
0.0500574
-0.105319
-0.993178
-0.618829
0.777266
-0.113613
0.807519
0.588876
-0.0337412
0.0495781
-0.124765
-0.990947
-0.587755
0.798535
-0.129945
0.825053
0.563494
-0.0419804
0.046412
-0.141623
-0.988832
-0.563146
0.81389
-0.143
0.839747
0.540376
-0.0530891
0.0400182
-0.159102
-0.986451
-0.541501
0.826245
-0.15523
0.854553
0.513537
-0.0775797
0.0210507
-0.1835
-0.982794
-0.518937
0.838217
-0.167621
0.861669
0.499322
-0.0905723
0.0129807
-0.200107
-0.979688
-0.507304
0.842991
-0.178907
0.866229
0.489397
-0.100688
0.0045238
-0.209192
-0.977864
-0.499627
0.846599
-0.183422
0.86811
0.483893
-0.110603
-0.00443028
-0.215261
-0.976547
-0.496353
0.848239
-0.184726
0.866627
0.484374
-0.119746
-0.0158496
-0.213147
-0.976892
-0.498705
0.848498
-0.177042
0.861943
0.492661
-0.119746
-0.0176922
-0.206812
-0.978221
-0.506696
0.845289
-0.169544
0.85764
0.499187
-0.123552
-0.0237406
-0.201568
-0.979187
-0.513702
0.842723
-0.161022
0.849315
0.513497
-0.122411
-0.025984
-0.190941
-0.981258
-0.527246
0.836578
-0.148826
0.840525
0.528201
-0.120507
-0.0261774
-0.182577
-0.982843
-0.54114
0.829258
-0.139633
0.830875
0.543041
-0.121459
-0.0277566
-0.177554
-0.98372
-0.555766
0.82072
-0.132453
0.822395
0.556376
-0.118794
-0.0280798
-0.168857
-0.985241
-0.568224
0.813593
-0.123244
0.81531
0.567914
-0.11289
-0.0259633
-0.158913
-0.986951
-0.578443
0.807602
-0.114818
0.80624
0.582044
-0.105838
-0.0192995
-0.152932
-0.988048
-0.591274
0.798647
-0.112066
0.796471
0.594262
-0.111747
-0.0241473
-0.153398
-0.987869
-0.604195
0.789508
-0.107827
0.789848
0.601912
-0.117652
-0.0286658
-0.155392
-0.987437
-0.612632
0.783298
-0.105482
0.777075
0.61754
-0.121649
-0.0330739
-0.152945
-0.987681
-0.628539
0.771525
-0.0984255
0.760096
0.639315
-0.116319
-0.0313474
-0.14272
-0.989267
-0.649054
0.755584
-0.0884401
0.741437
0.662223
-0.108316
-0.0282195
-0.130505
-0.991046
-0.670429
0.737854
-0.0780735
0.725163
0.681455
-0.0987804
-0.02603
-0.116224
-0.992882
-0.688085
0.722573
-0.066543
0.70484
0.704569
-0.0823581
-0.0215843
-0.0947456
-0.995268
-0.709038
0.703282
-0.0515729
0.682259
0.728534
-0.0613207
-0.0153015
-0.0696263
-0.997456
-0.73095
0.681462
-0.0363555
0.664872
0.745841
-0.0408309
-0.0132822
-0.0428494
-0.998993
-0.746839
0.664745
-0.018583
0.65234
0.757417
-0.0277998
-0.0185778
-0.0206888
-0.999613
-0.757699
0.652604
0.000575038
0.640681
0.767676
-0.0141888
-0.0217501
-0.000326457
-0.999763
-0.767499
0.640838
0.0164879
0.630383
0.776284
0.00076699
-0.0225852
0.0193279
-0.999558
-0.775956
0.630087
0.0297165
0.625891
0.779878
0.0070946
-0.0242683
0.0285672
-0.999297
-0.779533
0.625279
0.0368062
0.622865
0.782234
0.0122715
-0.0258033
0.0362186
-0.999011
-0.781904
0.621932
0.0427435
0.628684
0.777538
0.0138054
-0.0263567
0.0390464
-0.99889
-0.777214
0.627622
0.0450412
0.637433
0.770368
0.0145723
-0.0235051
0.0383459
-0.998988
-0.770147
0.636446
0.0425506
0.658059
0.752893
0.0105459
-0.0252516
0.0360645
-0.99903
-0.752543
0.657155
0.0427443
0.678066
0.734997
0.00249272
-0.0309974
0.0319845
-0.999008
-0.734347
0.677316
0.0444706
0.70152
0.712638
-0.00421843
-0.0375142
0.0310165
-0.998815
-0.711662
0.700846
0.0484927
0.722754
0.691031
-0.0101624
-0.0444198
0.0317747
-0.998508
-0.689677
0.722126
0.0536608
0.748731
0.662569
-0.0201321
-0.0518851
0.0283005
-0.998252
-0.660841
0.748466
0.0555669
0.770493
0.63679
-0.0289498
-0.0604861
0.0278248
-0.997781
-0.634572
0.770535
0.0599558
0.788073
0.614289
-0.0398729
-0.0694391
0.0243505
-0.997289
-0.611653
0.788705
0.0618456
0.806001
0.589665
-0.0515572
-0.077289
0.0184864
-0.996837
-0.586847
0.807436
0.0604746
0.823392
0.563519
-0.06687
-0.089283
0.0122748
-0.995931
-0.560405
0.826012
0.0604196
0.830828
0.550315
-0.0829313
-0.103396
0.00621357
-0.994621
-0.54684
0.834934
0.0620631
0.828173
0.551073
-0.102214
-0.123524
0.00157413
-0.99234
-0.546691
0.834455
0.0693742
0.823376
0.554512
-0.120698
-0.141987
-0.00462549
-0.989858
-0.549446
0.832163
0.074925
0.816426
0.56336
-0.126787
-0.14917
-0.00635297
-0.988791
-0.557851
0.826187
0.0788498
0.807087
0.575155
-0.133441
-0.157952
-0.00744218
-0.987419
-0.568912
0.81801
0.0848407
0.799094
0.585554
-0.136291
-0.163683
-0.00623587
-0.986493
-0.578495
0.81061
0.0908622
0.783462
0.6054
-0.140279
-0.169367
-0.00917345
-0.98551
-0.597914
0.795869
0.0953474
0.76491
0.630204
-0.133251
-0.158695
-0.0161167
-0.987196
-0.624282
0.776262
0.0876826
0.754845
0.642849
-0.130209
-0.148766
-0.025546
-0.988542
-0.638809
0.765567
0.0763507
0.7499
0.648877
-0.128878
-0.140624
-0.0340105
-0.989479
-0.646433
0.760133
0.0657432
0.746784
0.65525
-0.113842
-0.120089
-0.0355061
-0.992128
-0.654134
0.754577
0.0521733
0.740136
0.662849
-0.113271
-0.122342
-0.0329018
-0.991943
-0.661235
0.74803
0.0567421
0.733391
0.671397
-0.1066
-0.116292
-0.0305921
-0.992744
-0.669786
0.740466
0.0556422
0.725651
0.680343
-0.102787
-0.115094
-0.0272616
-0.99298
-0.678369
0.732387
0.0585209
0.711504
0.698258
-0.0787267
-0.0894206
-0.0211534
-0.995769
-0.696969
0.715534
0.0473879
0.688812
0.72154
-0.070122
-0.0831631
-0.0174414
-0.996383
-0.720154
0.692153
0.0479917
0.664768
0.745436
-0.0490677
-0.0622478
-0.0101814
-0.998009
-0.744452
0.666499
0.0396335
0.659043
0.751107
-0.0387233
-0.0577914
-0.000760986
-0.998328
-0.749881
0.66018
0.042906
0.663572
0.747262
-0.0356575
-0.0616244
0.0070971
-0.998074
-0.74557
0.664492
0.050759
0.673195
0.739045
-0.0249246
-0.0516242
0.013347
-0.998577
-0.737661
0.673524
0.0471377
0.687115
0.725868
-0.0314414
-0.0598612
0.0134312
-0.998116
-0.724079
0.687703
0.0526801
0.698221
0.715023
-0.0350826
-0.0630062
0.012562
-0.997934
-0.713105
0.698989
0.0538219
0.71844
0.694594
-0.0371905
-0.0614754
0.0101472
-0.998057
-0.692867
0.71933
0.0499907
0.734126
0.677784
-0.0408309
-0.0640267
0.00923349
-0.997905
-0.675988
0.735203
0.0501748
0.757325
0.651249
-0.0483016
-0.0729282
0.010841
-0.997278
-0.648953
0.758786
0.0557046
0.774133
0.631103
-0.0492592
-0.0757699
0.0151229
-0.997011
-0.628471
0.775552
0.0595258
0.791664
0.609075
-0.0479185
-0.0770429
0.0217171
-0.996791
-0.60608
0.792816
0.0641175
0.808365
0.586649
-0.0488762
-0.0789684
0.0257872
-0.996544
-0.583361
0.809431
0.0671722
0.827524
0.558459
-0.057684
-0.0872414
0.0264129
-0.995837
-0.554611
0.829111
0.0705781
0.844285
0.53192
-0.065148
-0.0951964
0.0292313
-0.995029
-0.527371
0.84629
0.0753164
0.856782
0.511974
-0.0617035
-0.0926997
0.035205
-0.995072
-0.507278
0.858279
0.0776228
0.872195
0.485513
-0.0595982
-0.0936117
0.0460849
-0.994542
-0.480117
0.873014
0.0856448
0.882295
0.467472
-0.0550038
-0.09585
0.0640269
-0.993334
-0.460834
0.881686
0.101298
0.884954
0.463245
-0.0475355
-0.0934129
0.0765873
-0.992677
-0.456212
0.882915
0.111049
0.886846
0.460775
-0.0345077
-0.0847389
0.0887712
-0.992441
-0.454228
0.883066
0.117772
0.888664
0.456323
-0.045237
-0.0974881
0.0916102
-0.991011
-0.448077
0.885086
0.125897
0.889968
0.451829
-0.0617035
-0.11358
0.0885787
-0.989572
-0.441652
0.887696
0.130151
0.889539
0.451826
-0.0676352
-0.118079
0.0843612
-0.989414
-0.441337
0.888109
0.128394
0.889289
0.451699
-0.0716522
-0.119854
0.0789794
-0.989645
-0.441362
0.888668
0.124373
0.88616
0.459555
-0.0594068
-0.102899
0.0701556
-0.992215
-0.45181
0.885374
0.109457
0.884921
0.463444
-0.0461947
-0.0819832
0.0573656
-0.994981
-0.458468
0.884267
0.0887587
0.889944
0.455256
-0.0272248
-0.0517714
0.0415346
-0.997795
-0.453122
0.889391
0.0605327
0.901921
0.431667
-0.0141888
-0.0294236
0.0286352
-0.999157
-0.430897
0.901578
0.0385279
0.914985
0.403488
0.000383495
-0.0064572
0.0155933
-0.999858
-0.403436
0.914852
0.016873
0.92748
0.373798
0.00747809
0.00729435
0.00190615
-0.999972
-0.373802
0.927508
-0.000958698
0.937205
0.348778
-0.00076699
0.00449748
-0.0142841
-0.999888
-0.34875
0.937097
-0.0149557
0.946201
0.323284
-0.0138054
-0.00289197
-0.034214
-0.99941
-0.323566
0.945683
-0.0314384
0.954591
0.296582
-0.0281832
-0.0130081
-0.0530162
-0.998509
-0.297634
0.953535
-0.0467508
0.961848
0.269558
-0.0467693
-0.0282454
-0.0721954
-0.996991
-0.272123
0.960274
-0.0618272
0.967541
0.246699
-0.0548123
-0.0349855
-0.0840492
-0.995847
-0.250281
0.965441
-0.0726902
0.972972
0.221822
-0.0641913
-0.0440662
-0.0945178
-0.994547
-0.22668
0.970496
-0.0821883
0.972658
0.217438
-0.0815937
-0.0603156
-0.102769
-0.992875
-0.224274
0.970649
-0.086844
0.966936
0.237285
-0.0934363
-0.0716057
-0.0990281
-0.992505
-0.244759
0.96638
-0.0787629
0.959178
0.263461
-0.102787
-0.0797268
-0.0967998
-0.992106
-0.271331
0.959801
-0.0718433
0.945168
0.302622
-0.122791
-0.0973077
-0.0979542
-0.990422
-0.311751
0.948064
-0.0631358
0.934281
0.329852
-0.135341
-0.109051
-0.097035
-0.989289
-0.339452
0.939033
-0.0546874
0.914048
0.373283
-0.158669
-0.133611
-0.0922531
-0.986731
-0.382968
0.923119
-0.034449
0.89865
0.396902
-0.186809
-0.16529
-0.0880946
-0.982303
-0.406334
0.913624
-0.0135623
0.883284
0.416933
-0.214422
-0.19864
-0.0814656
-0.976681
-0.424679
0.905279
0.0108625
0.854471
0.455672
-0.249485
-0.245775
-0.0685135
-0.966903
-0.457683
0.887507
0.0534499
0.823425
0.511528
-0.245583
-0.26039
-0.0438979
-0.964505
-0.504152
0.858145
0.0970499
0.800656
0.549763
-0.238141
-0.270505
-0.0229486
-0.962445
-0.534582
0.835005
0.13034
0.769179
0.598851
-0.223028
-0.282051
0.00497115
-0.959387
-0.573421
0.800845
0.17273
0.743185
0.637852
-0.202044
-0.284417
0.0278384
-0.958296
-0.605626
0.769656
0.202105
0.725746
0.66696
-0.168694
-0.268962
0.0493788
-0.961884
-0.633208
0.743456
0.215223
0.70954
0.68942
-0.145782
-0.257091
0.0606481
-0.964482
-0.656092
0.721818
0.220276
0.695237
0.711694
-0.100688
-0.226165
0.0836326
-0.970492
-0.682272
0.697494
0.219104
0.680271
0.731455
-0.0469609
-0.187435
0.111664
-0.975909
-0.70859
0.672685
0.213062
