-0.132942
0.0548058
0.476171
-0.130981
0.0548256
0.450652
-0.129558
0.0537515
0.424048
-0.128149
0.0533523
0.398505
-0.126949
0.0524085
0.37301
-0.125648
0.0519596
0.346997
-0.124451
0.0510567
0.320813
-0.15277
0.0511006
0.324982
-0.100599
0.0516553
0.356696
-0.125162
0.0630372
0.341105
-0.131017
0.0402763
0.341364
-0.128294
0.0330756
0.343606
-0.128809
0.0267772
0.341381
-0.154937
0.0268328
0.323475
-0.102988
0.0273546
0.355097
-0.130068
0.038784
0.339179
-0.1305
0.0770325
0.339367
-0.158102
0.0764299
0.321505
-0.10626
0.0767943
0.353938
-0.128896
0.0885526
0.338139
-0.138233
0.0649837
0.337901
-0.134173
0.0966296
0.331944
-0.132836
0.0584236
0.342188
-0.133897
0.1029
0.337412
-0.161292
0.102564
0.31901
-0.108949
0.102927
0.352101
-0.12981
0.114827
0.335806
-0.142781
0.0908689
0.335886
-0.137286
0.122475
0.328227
-0.135729
0.0846498
0.341232
-0.136483
0.129018
0.335172
-0.163848
0.12873
0.316501
-0.112098
0.129031
0.349933
-0.130925
0.141133
0.333446
-0.147355
0.116804
0.333224
-0.139467
0.14876
0.324486
-0.138093
0.110855
0.340769
-0.139433
0.155278
0.332806
-0.16679
0.155079
0.314489
-0.114562
0.155376
0.347529
-0.131756
0.167519
0.331164
-0.151758
0.142839
0.331063
-0.142424
0.174823
0.320542
-0.141002
0.137159
0.339991
-0.142139
0.181479
0.330073
-0.117769
0.181591
0.345375
-0.132839
0.193867
0.328312
-0.15642
0.168797
0.328543
-0.144212
0.163394
0.339302
-0.169949
0.0502824
0.328545
-0.194508
0.0503955
0.307392
-0.144904
0.050842
0.345587
-0.168338
0.0650943
0.32639
-0.174082
0.0363162
0.32656
-0.171992
0.0701396
0.322471
-0.171052
0.0329622
0.328781
-0.19861
0.0518712
0.326323
-0.223545
0.0520224
0.303019
-0.174281
0.0522609
0.345554
-0.196797
0.0687342
0.323662
-0.202988
0.0358102
0.324148
-0.200483
0.0718265
0.319867
-0.200152
0.0346437
0.32661
-0.22698
0.0535327
0.324358
-0.203435
0.053793
0.345507
-0.225219
0.072424
0.321529
-0.231568
0.0358329
0.321941
-0.22902
0.0735144
0.317817
-0.228709
0.0366642
0.324225
-0.25656
0.0551746
0.321974
-0.130415
0.0555733
0.320243
-0.155389
0.0553766
0.302406
-0.107824
0.055713
0.334618
-0.129873
0.0674481
0.318526
-0.13659
0.043594
0.318968
-0.134224
0.0742029
0.31411
-0.132672
0.0385072
0.321691
-0.10753
0.0570753
0.318767
-0.133442
0.0565837
0.303218
-0.0852342
0.0571629
0.331003
-0.106972
0.0673959
0.317216
-0.113713
0.0467673
0.317492
-0.110994
0.0755843
0.313065
-0.10949
0.0400565
0.320601
-0.0849615
0.058598
0.317126
-0.111028
0.0577797
0.303394
-0.0631159
0.0583866
0.327837
-0.0843398
0.067153
0.316216
-0.0914225
0.0496349
0.316632
-0.0885425
0.0768657
0.311905
-0.0872597
0.0414199
0.319494
-0.0625268
0.059778
0.316407
-0.0883401
0.0592028
0.304669
-0.0411625
0.0596887
0.324752
-0.0620799
0.0668412
0.315338
-0.0692663
0.0523239
0.315496
-0.0662261
0.0777736
0.310962
-0.0642456
0.0427858
0.318783
-0.0403975
0.0608374
0.315464
-0.065402
0.0606716
0.306196
-0.0181783
0.0610596
0.321509
-0.0390464
0.0666534
0.314704
-0.0464729
0.0552363
0.314503
-0.0439158
0.0786909
0.309934
-0.0419355
0.0441327
0.31776
-0.0168527
0.062431
0.314724
-0.0436362
0.0617231
0.307597
0.00424407
0.0621749
0.318518
-0.016676
0.0662395
0.313862
-0.0241455
0.0578569
0.314018
-0.0208325
0.0800299
0.309687
-0.0188821
0.0454678
0.317032
0.00481926
0.0633135
0.313805
-0.0206424
0.0631271
0.309213
0.0259522
0.063139
0.316028
0.00606022
0.06594
0.313915
-0.00156014
0.0606096
0.3133
0.00116718
0.0807944
0.308602
0.00379494
0.0466174
0.316915
0.0277607
0.0646311
0.313579
0.00167196
0.0642067
0.311249
0.0287556
0.065659
0.313741
0.0208728
0.0633262
0.313462
0.0237811
0.0819054
0.308651
0.0258467
0.0476452
0.316905
0.0502162
0.0656862
0.313738
0.023399
0.0651694
0.313547
0.0512709
0.0651801
0.31408
0.0432826
0.065975
0.313661
0.0467819
0.0831423
0.30887
0.0486799
0.0488239
0.317227
-0.219897
0.0392526
0.312135
-0.19678
0.0398455
0.332364
-0.219267
0.057621
0.309419
-0.223736
0.021735
0.309763
-0.222364
0.0583674
0.306606
-0.220992
0.023251
0.311637
-0.249491
0.0148804
0.309948
-0.171425
0.0402421
0.307189
-0.196842
0.0393931
0.286483
-0.150457
0.0400706
0.324464
-0.171851
0.054763
0.305142
-0.176331
0.0255354
0.305485
-0.175014
0.0580096
0.301681
-0.173733
0.0237524
0.307731
-0.149801
0.0151813
0.305217
-0.172795
0.0150369
0.286453
-0.128114
0.0155487
0.320482
-0.150888
0.0287108
0.303083
-0.152213
0.00227553
0.303778
-0.152731
0.0330957
0.301504
-0.151233
-0.000746058
0.303698
-0.126819
-0.00925995
0.303862
-0.15006
-0.00958584
0.286875
-0.105373
-0.00875821
0.316911
-0.130666
0.00262844
0.301286
-0.128603
-0.020814
0.30197
-0.130134
0.00861999
0.301222
-0.104741
-0.0338694
0.302188
-0.127818
-0.0341843
0.287998
-0.110293
-0.0235798
0.300365
-0.108499
-0.0161469
0.302232
-0.189412
0.0905382
0.300796
-0.214567
0.0895403
0.278633
-0.167783
0.0902798
0.319632
-0.18641
0.106113
0.298487
-0.19792
0.074357
0.299025
-0.193538
0.107547
0.292301
-0.191475
0.0743952
0.303795
-0.167398
0.116281
0.29819
-0.190851
0.116027
0.27729
-0.14596
0.116618
0.315103
-0.162286
0.130669
0.29584
-0.177317
0.101768
0.296014
-0.170637
0.133509
0.288348
-0.168939
0.100871
0.302752
-0.145512
0.142332
0.295133
-0.167597
0.142229
0.276797
-0.12326
0.142694
0.310694
-0.13785
0.155305
0.293562
-0.156335
0.129461
0.293731
-0.148303
0.159346
0.284408
-0.146706
0.127036
0.302131
-0.122808
0.168486
0.293079
-0.145276
0.168189
0.276473
-0.101062
0.168897
0.306577
-0.113838
0.179837
0.292661
-0.135665
0.156966
0.29175
-0.123387
0.15318
0.301648
-0.208177
0.064364
0.337928
-0.230959
0.0830033
0.314611
-0.238931
0.0454469
0.315149
-0.235868
0.0831903
0.310217
-0.23417
0.0477168
0.318489
-0.235006
0.0395547
0.314442
-0.21115
0.0399903
0.335282
-0.23448
0.0589193
0.311806
-0.239037
0.021085
0.312391
-0.238187
0.0585591
0.308687
-0.236095
0.0234736
0.314313
