0.218973
-0.0242218
-0.0419695
0.218247
-0.0246683
-0.0420812
0.216182
-0.0245008
-0.0426951
0.213615
-0.0247241
-0.0429741
0.211941
-0.0246125
-0.0433648
0.210155
-0.0243892
-0.043588
0.207866
-0.0245008
-0.0439229
0.206248
-0.0245008
-0.0442578
0.203736
-0.0245008
-0.0444252
0.202006
-0.024445
-0.0448717
0.19983
-0.0245008
-0.0449275
0.19782
-0.024445
-0.0452624
0.195755
-0.0246125
-0.045374
0.193467
-0.024445
-0.045653
0.191402
-0.0243334
-0.0458205
0.189114
-0.0245566
-0.0461553
0.18677
-0.0242218
-0.0462669
0.184538
-0.0243334
-0.0462669
0.182305
-0.0242776
-0.046546
0.18024
-0.0240543
-0.0464902
0.178119
-0.024166
-0.046825
0.175831
-0.0243334
-0.0468809
0.17332
-0.0243334
-0.0468809
0.171255
-0.024166
-0.0469925
0.169469
-0.0241102
-0.0469925
0.166399
-0.0237195
-0.0467692
0.165395
-0.0234962
-0.0462669
0.166064
-0.025338
-0.0420253
0.170306
-0.0282959
-0.0361094
0.173096
-0.029747
-0.0315888
0.175106
-0.0298586
-0.0298028
0.175775
-0.0291889
-0.0278495
0.176668
-0.0269565
-0.0258961
0.178398
-0.0249473
-0.0231056
0.182696
-0.0231614
-0.0199802
0.186212
-0.020929
-0.0166874
0.188388
-0.0202034
-0.0152363
0.192965
-0.0191988
-0.0151805
0.197039
-0.01825
-0.0157944
0.201113
-0.0176361
-0.0154595
0.204741
-0.0170222
-0.0140084
0.207029
-0.0164641
-0.00775767
0.208927
-0.0159618
-0.00334863
0.211494
-0.0144549
0.00161851
0.21395
-0.0140084
0.0031812
0.217912
-0.015627
0.00524619
0.222042
-0.0176361
0.00552524
0.225112
-0.0185291
0.00385093
0.227847
-0.0180826
-0.00195337
0.229298
-0.0203709
-0.00881807
0.233372
-0.0216545
-0.0144549
0.234544
-0.0222126
-0.0199802
0.236497
-0.0216545
-0.0280169
0.23739
-0.0223242
-0.0355513
0.237669
-0.0231614
-0.0418021
0.237948
-0.0246125
-0.0489458
0.237613
-0.0275146
-0.0553083
0.237446
-0.0305842
-0.0606661
0.237279
-0.0325375
-0.0650751
0.236999
-0.0352165
-0.0694283
0.236107
-0.0383418
-0.0734467
0.236274
-0.0409091
-0.0770744
0.237167
-0.0428067
-0.0789719
0.238395
-0.0466018
-0.0798649
0.239846
-0.0495598
-0.0786371
0.240404
-0.0526852
-0.0763488
0.240013
-0.0540804
-0.0743397
0.240571
-0.0546943
-0.0712143
0.240292
-0.0532991
-0.0650751
0.239232
-0.0515689
-0.0604986
0.239455
-0.0501179
-0.0568151
0.239344
-0.0481645
-0.0531875
0.239511
-0.0455972
-0.0505644
0.237111
-0.0425276
-0.0475506
0.237725
-0.0398487
-0.0454856
0.237669
-0.0379512
-0.0390674
0.237446
-0.0362769
-0.0336538
0.237446
-0.0342677
-0.0275704
0.236441
-0.0338212
-0.0231056
0.235995
-0.0337654
-0.0190314
0.234879
-0.0339886
-0.0157386
0.233762
-0.0351048
-0.0133945
0.233428
-0.0354397
-0.0122225
0.233316
-0.036221
-0.0127248
0.232646
-0.0376721
-0.0142317
0.2322
-0.0423602
-0.0166315
0.232479
-0.0461553
-0.0186965
0.232702
-0.0488342
-0.0210964
0.233707
-0.0520712
-0.025338
0.234153
-0.0538572
-0.0276262
0.234097
-0.0575407
-0.0296912
0.233093
-0.061559
-0.0294122
0.233595
-0.0653542
-0.0310865
0.234711
-0.0690935
-0.0344909
0.235493
-0.0726653
-0.0361094
0.235827
-0.0753442
-0.0367792
0.23672
-0.0770186
-0.0370024
0.237055
-0.0785254
-0.0372814
0.234823
-0.0814834
-0.0368908
0.232814
-0.0837158
-0.0346584
0.230023
-0.085725
-0.0314771
0.226954
-0.08779
-0.0290215
0.223884
-0.0900782
-0.027682
0.221373
-0.09192
-0.0273472
0.216517
-0.0952128
-0.0285192
0.212889
-0.0985614
-0.0305284
0.20809
-0.101073
-0.0322027
0.205411
-0.101798
-0.0327608
0.200053
-0.10258
-0.0349374
0.197541
-0.101296
-0.0360536
0.195197
-0.0994544
-0.0367792
0.193746
-0.0980591
-0.0373931
0.192798
-0.0973336
-0.0380628
0.19263
-0.0968313
-0.0386767
0.192853
-0.0960499
-0.0394581
0.193132
-0.0954918
-0.0401836
0.193579
-0.0947663
-0.0405743
0.195197
-0.0932036
-0.0410208
0.196983
-0.0912502
-0.0408533
0.198713
-0.0904689
-0.0407417
0.20156
-0.0884597
-0.0398487
0.20502
-0.0872877
-0.0401278
0.207978
-0.0867296
-0.0416347
0.210936
-0.0862273
-0.0429741
0.213336
-0.0853343
-0.0449833
0.215122
-0.0852785
-0.0457088
0.217912
-0.0863389
-0.0467134
0.219308
-0.0870086
-0.0479413
0.220201
-0.0869528
-0.0480529
0.221707
-0.0861715
-0.0474948
0.224107
-0.085725
-0.0475506
0.226954
-0.0856134
-0.0476622
0.22913
-0.0849995
-0.0476064
0.2298
-0.0849437
-0.0470483
0.23086
-0.0849995
-0.046825
0.231809
-0.0855018
-0.0471041
0.231753
-0.0864505
-0.046825
0.23047
-0.0871203
-0.0458205
0.229967
-0.0875667
-0.0449833
0.228851
-0.0876784
-0.0439229
0.227512
-0.0885155
-0.0416905
0.225949
-0.0891294
-0.0401836
0.223661
-0.0909154
-0.0386767
0.222433
-0.0921432
-0.0381186
0.220368
-0.0933152
-0.0373931
0.218191
-0.0945431
-0.0361094
0.214899
-0.0957151
-0.0348816
0.211382
-0.0982266
-0.0330957
0.207866
-0.100347
-0.0324259
0.204629
-0.101743
-0.0327608
0.201225
-0.103473
-0.0333189
0.198434
-0.104477
-0.0335421
0.1957
-0.105315
-0.0332073
0.193244
-0.105928
-0.032984
0.191346
-0.106542
-0.0337654
0.189561
-0.107268
-0.0347142
0.1885
-0.107379
-0.0356629
0.186714
-0.107324
-0.0354397
0.185096
-0.107268
-0.0348258
0.183812
-0.107826
-0.0347142
0.182863
-0.108496
-0.0355513
0.182305
-0.109165
-0.0362769
0.182584
-0.110226
-0.0369466
0.18264
-0.111175
-0.0380628
0.183142
-0.112793
-0.0380628
0.182194
-0.114523
-0.0377837
0.182473
-0.115249
-0.0372256
0.182194
-0.116086
-0.0364443
0.18264
-0.117035
-0.035049
0.181691
-0.119602
-0.0321469
0.181356
-0.122839
-0.0343793
0.18197
-0.126746
-0.0379512
0.181356
-0.131657
-0.0400162
0.180854
-0.136401
-0.0412998
0.18158
-0.139638
-0.0426393
0.182528
-0.141089
-0.0430299
0.181356
-0.144438
-0.043588
0.182194
-0.147563
-0.045653
0.183031
-0.150521
-0.048611
0.183589
-0.152586
-0.0520154
0.184649
-0.153925
-0.0552524
0.185319
-0.155042
-0.0590476
0.184705
-0.155767
-0.0613358
0.184593
-0.155544
-0.0621729
0.184203
-0.155321
-0.0632892
0.1837
-0.156046
-0.0652983
0.183366
-0.15666
-0.0663587
0.183533
-0.156716
-0.0667494
0.183533
-0.156772
-0.0668052
0.182807
-0.156604
-0.0665262
0.182807
-0.156214
-0.0661913
0.182807
-0.156046
-0.0659123
0.182863
-0.155879
-0.0654658
0.183924
-0.155711
-0.0626194
0.184259
-0.1556
-0.0610009
0.18504
-0.1556
-0.0599963
0.185765
-0.1556
-0.0597731
0.186826
-0.155544
-0.0597173
0.187384
-0.155432
-0.0599405
0.1885
-0.155153
-0.0617823
0.189728
-0.157107
-0.0640705
0.191402
-0.158502
-0.0666378
0.194137
-0.161404
-0.0697632
0.195476
-0.164864
-0.0745071
0.197207
-0.167934
-0.0800323
0.201281
-0.170334
-0.0851111
0.204239
-0.17385
-0.089855
0.206583
-0.178259
-0.0928129
0.209429
-0.181049
-0.0932036
0.211996
-0.182612
-0.0913619
0.214452
-0.184342
-0.0881807
0.216071
-0.185235
-0.0844972
0.217243
-0.185849
-0.0785813
0.21847
-0.185961
-0.0728886
0.220647
-0.186184
-0.0673075
0.222656
-0.184454
-0.06128
0.22394
-0.182612
-0.0569826
0.225168
-0.180435
-0.0535223
0.227009
-0.179152
-0.0513457
0.22874
-0.179877
-0.0505644
0.23047
-0.179933
-0.0521271
0.231139
-0.180547
-0.0532991
0.230414
-0.181217
-0.0534107
0.230414
-0.181552
-0.0530758
0.229074
-0.183617
-0.0538014
0.228126
-0.184175
-0.0548618
0.224833
-0.185905
-0.0558105
0.221261
-0.187579
-0.0573174
0.217856
-0.189421
-0.0596615
0.214452
-0.190537
-0.0620055
0.212722
-0.191374
-0.0638473
0.209373
-0.193551
-0.0663029
0.204964
-0.194556
-0.0690935
0.197932
-0.195225
-0.0726653
0.193132
-0.195169
-0.0741722
0.187886
-0.195672
-0.0766279
0.182473
-0.195783
-0.0787487
0.178845
-0.195058
-0.0794184
0.173431
-0.194388
-0.0812602
0.168185
-0.193216
-0.0828229
0.164446
-0.192156
-0.0837158
0.160595
-0.190705
-0.0843855
0.159534
-0.188975
-0.0842739
0.158921
-0.189086
-0.0847762
0.158865
-0.188863
-0.0853901
0.159534
-0.187244
-0.0872319
0.157469
-0.183561
-0.0875667
0.157246
-0.181161
-0.0854459
0.157023
-0.179096
-0.0827112
0.156744
-0.177422
-0.0813718
0.157525
-0.175357
-0.0815392
0.157246
-0.173961
-0.0821531
0.158028
-0.171952
-0.0821531
0.159534
-0.16732
-0.0814834
0.160874
-0.161404
-0.0796975
0.16132
-0.158279
-0.0779115
0.162716
-0.154037
-0.0758465
0.165227
-0.152028
-0.0747303
0.168743
-0.150242
-0.0737257
0.172092
-0.148735
-0.0730002
0.175106
-0.147842
-0.0720514
0.178622
-0.147284
-0.0710468
0.181245
-0.147005
-0.0701539
0.183645
-0.147675
-0.0683679
0.18571
-0.149237
-0.0667494
0.187607
-0.150465
-0.0648519
0.18984
-0.152028
-0.0632892
0.191012
-0.154316
-0.0622288
0.192518
-0.155767
-0.0616148
0.193858
-0.158167
-0.0607777
0.195197
-0.159841
-0.0596615
0.195923
-0.160958
-0.058043
0.195588
-0.161572
-0.0566477
0.194974
-0.162632
-0.0535781
0.194025
-0.163637
-0.0507318
0.191849
-0.16492
-0.0467692
0.190119
-0.164753
-0.0445368
0.187161
-0.164585
-0.0421928
0.184705
-0.164697
-0.0405743
0.181859
-0.164529
-0.0399045
0.179068
-0.16425
-0.0404626
0.17611
-0.164027
-0.0405743
0.170976
-0.164027
-0.0411324
0.165562
-0.163692
-0.0419137
0.161209
-0.162967
-0.0429741
0.158307
-0.162911
-0.0443694
0.155851
-0.163357
-0.0460995
0.153451
-0.163246
-0.0475506
0.151219
-0.162185
-0.04889
0.150102
-0.161516
-0.0496156
0.149321
-0.161069
-0.0504527
0.149321
-0.160176
-0.0511225
0.149321
-0.15839
-0.0526852
0.149768
-0.157721
-0.0535223
0.147535
-0.156604
-0.0560338
0.148428
-0.154874
-0.0606103
0.149209
-0.154316
-0.0671401
0.148372
-0.153925
-0.0711026
0.146252
-0.152977
-0.077465
0.143852
-0.151247
-0.0824322
0.142177
-0.150298
-0.0882365
0.141284
-0.149907
-0.0928688
0.140726
-0.14974
-0.0969429
0.141229
-0.150633
-0.10364
0.141563
-0.151693
-0.108886
0.141787
-0.152921
-0.113686
0.141284
-0.154093
-0.119267
0.140168
-0.154372
-0.123006
0.139666
-0.154037
-0.127806
0.140001
-0.153479
-0.130318
0.140503
-0.152698
-0.132215
0.141229
-0.151916
-0.133666
0.141619
-0.150186
-0.134559
0.141954
-0.145889
-0.135117
0.142233
-0.138578
-0.134727
0.141619
-0.133945
-0.131545
0.143908
-0.129871
-0.129815
0.144521
-0.125406
-0.128364
0.14614
-0.121444
-0.126355
0.147535
-0.119435
-0.12362
0.150326
-0.118486
-0.120272
0.153842
-0.117481
-0.118597
0.155572
-0.117146
-0.116588
0.158418
-0.115974
-0.113351
0.159869
-0.11536
-0.109333
0.161767
-0.114691
-0.106598
0.163943
-0.113854
-0.102133
0.166343
-0.11324
-0.0983382
0.168353
-0.113742
-0.0952128
0.170641
-0.114523
-0.0935385
0.173096
-0.116644
-0.0911944
0.175887
-0.118318
-0.0904131
0.178454
-0.120104
-0.090134
0.179459
-0.122895
-0.0894643
0.180519
-0.124904
-0.0891294
0.180352
-0.128197
-0.0884039
0.180408
-0.131601
-0.0879016
0.180408
-0.13562
-0.0876784
0.178901
-0.138131
-0.0881249
0.177338
-0.141536
-0.0892411
0.173543
-0.144661
-0.0905805
0.170418
-0.146949
-0.0917525
0.16612
-0.148289
-0.0920874
0.160539
-0.148623
-0.0915851
0.154679
-0.148233
-0.0888504
0.149656
-0.149182
-0.0868412
0.14508
-0.149516
-0.0852785
0.140001
-0.149237
-0.0841065
0.135313
-0.14801
-0.0823764
0.13202
-0.146726
-0.0806462
0.127276
-0.145945
-0.0794742
0.123481
-0.144214
-0.0786929
0.120969
-0.143154
-0.0785813
0.119686
-0.140698
-0.0782464
0.118625
-0.138912
-0.0784696
0.116839
-0.136624
-0.0790835
0.116058
-0.134782
-0.07953
0.115835
-0.131936
-0.0800323
0.115946
-0.129871
-0.0800323
0.11617
-0.127974
-0.0801439
0.116728
-0.125909
-0.0801998
0.117844
-0.12323
-0.0800881
0.119574
-0.12083
-0.0794742
0.121416
-0.11776
-0.078358
0.123481
-0.113184
-0.0772418
0.124764
-0.108217
-0.076014
0.126606
-0.103863
-0.0748978
0.128448
-0.0991195
-0.0722747
0.131239
-0.0946547
-0.070098
0.134866
-0.0896875
-0.0679214
0.136987
-0.0865063
-0.0646844
0.139722
-0.0827112
-0.0607219
0.139833
-0.0796975
-0.0577639
0.141675
-0.0741164
-0.0537456
0.143238
-0.0720514
-0.0496156
0.144689
-0.0666936
-0.0424718
0.146977
-0.0626194
-0.038007
0.148317
-0.0596615
-0.0341002
0.147312
-0.0589917
-0.0308632
0.147758
-0.0586569
-0.0294122
0.146977
-0.0584336
-0.0289657
0.144298
-0.0569826
-0.027682
0.142568
-0.0546943
-0.0267333
0.139275
-0.052741
-0.0247241
0.136094
-0.0521271
-0.0215987
0.133638
-0.0512899
-0.0178594
0.130457
-0.0501737
-0.0155711
0.127555
-0.04889
-0.0151805
0.126829
-0.0485552
-0.0164083
0.125825
-0.0489458
-0.0206499
0.125323
-0.049783
-0.0241102
0.126495
-0.0508992
-0.0315888
0.125602
-0.0536339
-0.0377279
0.122476
-0.0558664
-0.0414114
0.120188
-0.0565361
-0.0431974
0.116895
-0.0549176
-0.0450391
0.113044
-0.0547501
-0.0492249
0.112319
-0.0556431
-0.0560338
0.112654
-0.0564803
-0.0619497
0.112375
-0.0570942
-0.0711026
0.112207
-0.0572616
-0.0809253
0.112877
-0.0572058
-0.0878458
0.113044
-0.0580988
-0.091027
0.111537
-0.0591592
-0.0969429
0.111816
-0.0586011
-0.10325
0.109138
-0.0598847
-0.111956
0.107631
-0.0609451
-0.117983
0.105901
-0.0637915
-0.124625
0.10484
-0.0670843
-0.13082
0.105063
-0.0704887
-0.135843
0.106793
-0.0753442
-0.141591
0.107798
-0.0809253
-0.145666
0.108245
-0.0838274
-0.145945
0.107128
-0.0867296
-0.141703
0.106347
-0.0891294
-0.136903
0.105008
-0.0917525
-0.130764
0.104226
-0.0935943
-0.126578
0.104003
-0.0957151
-0.123062
0.103612
-0.0978917
-0.119435
0.103166
-0.100124
-0.115584
0.101882
-0.103584
-0.110561
0.100878
-0.107547
-0.106319
0.0989242
-0.111286
-0.103082
0.0964685
-0.116867
-0.099287
0.0940129
-0.120495
-0.0970545
0.0916688
-0.126857
-0.094264
0.0891574
-0.132048
-0.0921432
0.0869807
-0.13601
-0.0892969
0.0855855
-0.140866
-0.081316
0.0836879
-0.144605
-0.0742838
0.082181
-0.148512
-0.0671959
0.0817345
-0.150521
-0.0626194
0.0816787
-0.154149
-0.0547501
0.0806741
-0.157051
-0.0497272
0.0791114
-0.16012
-0.0430299
0.0777162
-0.161851
-0.0383418
0.0765442
-0.163413
-0.0313097
0.0759303
-0.163916
-0.0250031
0.0754838
-0.16386
-0.019143
0.0756512
-0.163357
-0.015013
0.0763209
-0.161627
-0.0117202
0.0763209
-0.16012
-0.0095436
0.0771023
-0.158335
-0.00865063
0.0784975
-0.157888
-0.00948779
0.0799486
-0.157051
-0.0102133
0.0807858
-0.155432
-0.0107156
0.081902
-0.15493
-0.012948
0.0835205
-0.153981
-0.0199244
0.0844693
-0.153758
-0.0255612
0.0841902
-0.153144
-0.0304167
0.0844693
-0.151916
-0.0385093
0.0850832
-0.151972
-0.0466576
0.0859203
-0.152251
-0.0520154
0.0882086
-0.152809
-0.0620613
0.0903294
-0.153758
-0.0710468
0.092785
-0.154205
-0.0801439
0.0950733
-0.154093
-0.0870645
0.0964685
-0.153981
-0.094264
0.0978638
-0.153088
-0.0986172
0.09898
-0.152251
-0.103919
0.0999288
-0.150298
-0.108161
0.100933
-0.148065
-0.112235
0.101659
-0.145107
-0.115751
0.101268
-0.142931
-0.118597
0.101045
-0.140419
-0.121053
0.101826
-0.13774
-0.123453
0.102105
-0.135452
-0.125071
0.102161
-0.13322
-0.126076
0.102161
-0.131211
-0.126969
0.102608
-0.129983
-0.127695
0.103222
-0.127806
-0.128922
0.103891
-0.125071
-0.12909
0.10378
-0.122225
-0.128699
0.103445
-0.119825
-0.128085
0.102608
-0.117481
-0.127025
0.10244
-0.113128
-0.124681
0.101157
-0.109947
-0.122616
0.100599
-0.105984
-0.119658
0.099873
-0.101631
-0.114914
0.0999846
-0.0991195
-0.112012
0.0997055
-0.0960499
-0.109054
0.0995381
-0.0936501
-0.106989
0.0992032
-0.0908596
-0.104087
0.0992591
-0.0884597
-0.100515
0.0992032
-0.0871203
-0.0967197
0.0995381
-0.085725
-0.0938175
0.100654
-0.0831577
-0.0909712
0.100989
-0.0799207
-0.0884597
0.100822
-0.0772418
-0.0862831
0.100933
-0.0742838
-0.0832135
0.100933
-0.0717724
-0.0796975
0.102608
-0.0698748
-0.0759582
0.10311
-0.0685354
-0.0712143
0.103556
-0.0672517
-0.0660239
0.104617
-0.0669168
-0.0608893
0.105566
-0.066861
-0.0536897
0.107742
-0.0668052
-0.0479413
0.109417
-0.0664704
-0.0433648
0.11031
-0.0666936
-0.0359978
0.111314
-0.0662471
-0.0298586
0.112151
-0.06541
-0.0246125
0.111761
-0.0632892
-0.0203709
0.112375
-0.0603312
-0.0172455
0.111035
-0.0544153
-0.0131155
0.1107
-0.0493923
-0.00959941
0.111705
-0.0462111
-0.00753442
0.113714
-0.0448717
-0.00602754
0.117174
-0.0420812
-0.00362769
0.122588
-0.0413556
-0.00725537
0.125657
-0.0430299
-0.0145107
0.128057
-0.043588
-0.0200918
0.131127
-0.0451507
-0.0263984
0.135703
-0.0462111
-0.031812
0.139219
-0.0482761
-0.036221
0.143573
-0.0496714
-0.0411882
0.148651
-0.0506202
-0.0463786
0.153005
-0.0519596
-0.0506202
0.156353
-0.0545269
-0.0531875
0.160316
-0.0569268
-0.0562012
0.164613
-0.0586569
-0.0603312
0.163943
-0.0621729
-0.0641263
0.163218
-0.0655216
-0.0650751
0.16372
-0.0702097
-0.066582
0.164836
-0.074228
-0.0722189
0.16785
-0.0784138
-0.0810369
0.170752
-0.0820415
-0.090134
0.172203
-0.0841065
-0.0953244
0.173934
-0.0871761
-0.104422
0.176278
-0.0904689
-0.109277
0.17745
-0.0961616
-0.113351
0.176222
-0.099566
-0.114746
0.177171
-0.102636
-0.114356
0.178064
-0.105873
-0.113407
0.179905
-0.107826
-0.112402
0.182194
-0.111175
-0.110617
0.18331
-0.114635
-0.108384
0.184091
-0.117928
-0.105873
0.184928
-0.121221
-0.104142
0.183979
-0.125239
-0.102301
0.183031
-0.129648
-0.0990637
0.182305
-0.13361
-0.0956593
0.181859
-0.137406
-0.0918642
0.181133
-0.141759
-0.0870645
0.180408
-0.145666
-0.0813718
0.17957
-0.148512
-0.0764046
0.17784
-0.151805
-0.0704329
0.177115
-0.153646
-0.0639589
0.176724
-0.154539
-0.0563128
0.176668
-0.154818
-0.0507318
0.176333
-0.155321
-0.0444252
0.175496
-0.154539
-0.0379512
0.175273
-0.152698
-0.0303051
0.17611
-0.151247
-0.0250031
0.177282
-0.150968
-0.0218219
0.179236
-0.150242
-0.0179152
0.181524
-0.150912
-0.0157386
0.183979
-0.152251
-0.0143433
0.187161
-0.154093
-0.0131713
0.190565
-0.155823
-0.0131155
0.193132
-0.156883
-0.0127806
0.196425
-0.157163
-0.0132829
0.199774
-0.157442
-0.0142875
0.202564
-0.157163
-0.0160176
0.204853
-0.15627
-0.017971
0.207085
-0.156046
-0.0202034
0.20915
-0.155377
-0.0218219
0.210769
-0.154539
-0.0232172
0.212666
-0.153144
-0.024445
0.214117
-0.152251
-0.0255612
0.215233
-0.150688
-0.0261751
0.216629
-0.149405
-0.0267333
0.217243
-0.148065
-0.0269007
0.218024
-0.146949
-0.0271239
0.219252
-0.146168
-0.0268449
0.220647
-0.145721
-0.0271797
0.221317
-0.145219
-0.0275146
0.22221
-0.144605
-0.0278495
0.222824
-0.143768
-0.0282401
0.224163
-0.142987
-0.0287982
0.225056
-0.141759
-0.0295796
0.224777
-0.140754
-0.0302493
0.225
-0.138968
-0.0304726
0.225279
-0.136792
-0.0306958
0.224721
-0.135396
-0.0308074
0.22461
-0.134001
-0.0315888
0.223828
-0.13255
-0.0328724
0.22433
-0.131266
-0.0339886
0.225223
-0.130206
-0.03477
0.225893
-0.129257
-0.0353281
0.227847
-0.128253
-0.0376721
0.22846
-0.128476
-0.0418021
0.229242
-0.128085
-0.0459879
0.229521
-0.12842
-0.0502295
0.229967
-0.128476
-0.0540246
0.230693
-0.128811
-0.0573732
0.231418
-0.129592
-0.0593266
0.23287
-0.130597
-0.0609451
0.233818
-0.131825
-0.0615032
0.234879
-0.133555
-0.0617265
0.23499
-0.136122
-0.0610567
0.234767
-0.137573
-0.0586011
0.23326
-0.139024
-0.0569826
0.231865
-0.141145
-0.05715
0.230805
-0.143321
-0.058322
0.230023
-0.145554
-0.0611684
0.230191
-0.14667
-0.0641263
0.230749
-0.147619
-0.0699864
0.230135
-0.1484
-0.0756233
0.229632
-0.148344
-0.0803114
0.229912
-0.14801
-0.0871203
0.23086
-0.147396
-0.0946547
0.231753
-0.146949
-0.103417
0.232144
-0.146614
-0.110617
0.231865
-0.145331
-0.117091
0.233204
-0.14427
-0.124067
0.234711
-0.141926
-0.131043
0.236107
-0.139192
-0.138522
0.236218
-0.136568
-0.143656
0.235995
-0.130987
-0.147228
0.23499
-0.124346
-0.148958
0.233651
-0.119379
-0.147619
0.232925
-0.115695
-0.146335
0.231753
-0.109612
-0.143489
0.23259
-0.104087
-0.14148
0.232032
-0.0989521
-0.138912
0.231753
-0.0947105
-0.135173
0.232032
-0.0902457
-0.130318
0.2322
-0.0850553
-0.123174
0.234265
-0.0805346
-0.116532
0.235325
-0.0774092
-0.112235
0.236888
-0.0731676
-0.106152
0.237613
-0.0708236
-0.100738
0.238785
-0.0689818
-0.0965522
0.240069
-0.0675308
-0.0935385
0.240292
-0.0659681
-0.0887946
0.240404
-0.0642937
-0.084832
0.24152
-0.0613358
-0.0806462
0.241911
-0.0593266
-0.0775208
0.242804
-0.0570384
-0.0746745
0.243585
-0.0558105
-0.0719956
0.244534
-0.0544711
-0.0694283
0.244646
-0.0539688
-0.0675308
0.24632
-0.0535223
-0.0663587
0.247269
-0.0533549
-0.0657448
0.247213
-0.0527968
-0.0628427
0.246431
-0.0512899
-0.0592708
0.247883
-0.0502295
-0.0558105
0.246766
-0.0491133
-0.0497272
0.245204
-0.0475506
-0.0466018
0.243864
-0.0464344
-0.0400162
0.241911
-0.0459321
-0.0330398
0.240292
-0.0467692
-0.0272914
0.238116
-0.0482203
-0.0230498
0.233539
-0.0495598
-0.0206499
0.229688
-0.0512899
-0.0163525
0.225949
-0.0520712
-0.0123899
0.222489
-0.0523503
-0.00865063
0.219531
-0.0529084
-0.00692051
0.216238
-0.0538014
-0.00519038
0.213336
-0.0564245
-0.00452065
0.210434
-0.0588801
-0.00541362
0.208313
-0.0616148
-0.00881807
0.206527
-0.063624
-0.012948
0.205857
-0.0641821
-0.0166874
0.20569
-0.064517
-0.0203709
0.206304
-0.0646286
-0.0237753
0.208145
-0.0654658
-0.0290215
0.209597
-0.0666378
-0.0342119
0.211996
-0.0675866
-0.0383977
0.214396
-0.0683121
-0.0409649
0.214285
-0.0688702
-0.0418021
0.215289
-0.0694283
-0.0445926
0.219475
-0.0699306
-0.0515689
0.221875
-0.0712701
-0.0570942
0.22461
-0.0733351
-0.0641821
0.227065
-0.0765721
-0.0699306
0.229353
-0.0806462
-0.0747303
0.230358
-0.084553
-0.0785813
0.230916
-0.0881807
-0.0807579
0.231251
-0.095157
-0.0833251
0.229242
-0.101352
-0.0840507
0.227233
-0.108272
-0.0831019
0.222545
-0.114244
-0.0820415
0.217745
-0.116644
-0.0822647
0.21501
-0.115919
-0.0862831
0.211717
-0.113909
-0.0908596
0.209485
-0.1095
-0.0962174
0.207476
-0.101408
-0.10018
0.206304
-0.0947105
-0.103417
0.205969
-0.0903015
-0.10671
0.205913
-0.0852785
-0.110393
0.205299
-0.080423
-0.112626
0.202732
-0.0757907
-0.114021
0.199383
-0.0712701
-0.115081
0.195811
-0.0657448
-0.114858
0.195532
-0.0619497
-0.112514
0.194918
-0.058043
-0.109165
0.194528
-0.0547501
-0.105035
0.194081
-0.0520154
-0.100738
0.194304
-0.0506202
-0.0940408
0.19436
-0.0491133
-0.088962
0.194472
-0.0472715
-0.0819857
0.193858
-0.0461553
-0.0750094
0.192351
-0.0450949
-0.0683679
0.191626
-0.0437555
-0.0605544
0.188947
-0.0429183
-0.0545827
0.184593
-0.0416347
-0.0478854
0.179012
-0.0410766
-0.0408533
0.174715
-0.0410208
-0.0365559
0.170752
-0.0412998
-0.0313655
0.165897
-0.042137
-0.0265658
0.160539
-0.043309
-0.0229939
0.154679
-0.044202
-0.0198686
0.149209
-0.0450949
-0.0186407
0.143405
-0.0466576
-0.0181942
0.137489
-0.0500621
-0.0194779
0.130736
-0.0526293
-0.0220452
0.126495
-0.0542479
-0.0238869
0.121639
-0.0557547
-0.025617
0.117174
-0.0596057
-0.0283518
0.113547
-0.0641263
-0.0301377
0.111537
-0.0685912
-0.0320353
0.109138
-0.0755117
-0.0356071
0.108189
-0.0809811
-0.038007
0.109249
-0.088683
-0.0417463
0.1107
-0.0947105
-0.0443694
0.111928
-0.102357
-0.0477738
0.111091
-0.109668
-0.0496714
0.109472
-0.115584
-0.0503969
0.107463
-0.122002
-0.0494481
0.105566
-0.128867
-0.0460995
0.10618
-0.134448
-0.0430857
0.109026
-0.13841
-0.0418021
0.112263
-0.141926
-0.0407975
0.117342
-0.144047
-0.0399604
0.123983
-0.145945
-0.0396255
0.129676
-0.146503
-0.0395139
0.135201
-0.147284
-0.0386767
0.142345
-0.147842
-0.0380628
0.148651
-0.148679
-0.0375047
0.155125
-0.149516
-0.0367792
0.160204
-0.150242
-0.0365559
0.165897
-0.151414
-0.0352165
0.17092
-0.150912
-0.0311423
0.175719
-0.153312
-0.0279053
0.182417
-0.155935
-0.0274588
0.186882
-0.157721
-0.0274588
0.191793
-0.157944
-0.0286866
0.196314
-0.157665
-0.028575
0.202006
-0.157832
-0.0279053
0.210489
-0.158558
-0.027403
0.219475
-0.159172
-0.0274588
0.228963
-0.159283
-0.0286866
0.236051
-0.158055
-0.0300819
0.23912
-0.155209
-0.03064
0.243641
-0.150856
-0.0306958
0.246152
-0.147675
-0.0308074
0.247827
-0.143266
-0.030919
0.248664
-0.139192
-0.0300819
0.250282
-0.135341
-0.0301935
0.25324
-0.132383
-0.0326492
0.255529
-0.131266
-0.0366675
0.256868
-0.129425
-0.0401278
0.257873
-0.127248
-0.0429183
0.259324
-0.124123
-0.0458763
0.261556
-0.122002
-0.0504527
0.26284
-0.121053
-0.0552524
0.263398
-0.118653
-0.0625636
0.263342
-0.116365
-0.0673075
0.262617
-0.113184
-0.0732234
0.260775
-0.110114
-0.0760698
0.258263
-0.107714
-0.0785254
0.257035
-0.104254
-0.0810369
0.255305
-0.102747
-0.0812602
0.253519
-0.100961
-0.0819857
0.25045
-0.0978917
-0.0820415
0.247269
-0.0959941
-0.0823206
0.24325
-0.0947105
-0.0814834
0.239288
-0.093092
-0.0790277
0.236497
-0.090748
-0.0767395
0.232423
-0.0882923
-0.0736141
0.228126
-0.0872877
-0.0709352
0.221819
-0.0867296
-0.0675866
0.217131
-0.0854459
-0.0639589
0.215233
-0.08366
-0.0611125
0.213726
-0.0819857
-0.0584336
0.212275
-0.081595
-0.0563128
0.213671
-0.0803114
-0.0551408
0.21501
-0.0801439
-0.0549734
0.21981
-0.0782464
-0.0544153
0.221875
-0.0775208
-0.0524619
0.221596
-0.0767395
-0.0496156
0.221707
-0.0745629
-0.0443694
0.222545
-0.0740606
-0.0409649
0.222768
-0.0727211
-0.0362769
0.222768
-0.0703771
-0.0320911
0.222879
-0.067754
-0.0277378
0.224275
-0.0662471
-0.0250031
0.225056
-0.0672517
-0.0225475
0.226228
-0.0690376
-0.0215429
0.227512
-0.0711584
-0.0214871
0.227456
-0.073056
-0.0225475
0.225447
-0.0755675
-0.0227707
0.225112
-0.078079
-0.0233846
0.224777
-0.0813718
-0.0243334
0.225279
-0.0851111
-0.0258403
0.22461
-0.0890736
-0.0261751
0.222768
-0.0923106
-0.0255612
0.221484
-0.0958267
-0.0255612
0.221093
-0.0980033
-0.0275146
0.218582
-0.102133
-0.0301935
0.213559
-0.105761
-0.0328166
0.21155
-0.106877
-0.0360536
0.209931
-0.107882
-0.0377279
0.205467
-0.110951
-0.0409649
0.203848
-0.111509
-0.0444252
0.200444
-0.112291
-0.0484436
0.194695
-0.114858
-0.053913
0.189616
-0.115193
-0.0572058
0.183254
-0.115081
-0.0598847
0.175999
-0.115639
-0.0627869
0.170362
-0.116979
-0.0661355
0.164781
-0.118263
-0.0690376
0.16093
-0.119435
-0.0735025
0.157469
-0.120718
-0.0788603
0.155293
-0.120272
-0.0834926
0.153395
-0.118597
-0.0868412
0.151498
-0.117202
-0.0877342
0.148428
-0.1167
-0.0894643
0.145526
-0.116532
-0.0921432
0.143182
-0.11536
-0.0944873
0.143796
-0.114077
-0.0954918
0.14508
-0.112626
-0.0973336
0.145693
-0.110672
-0.0991753
0.145972
-0.107603
-0.099287
0.147703
-0.10498
-0.0985614
0.151051
-0.102859
-0.0980591
0.154456
-0.101743
-0.0967197
0.158474
-0.100961
-0.0948779
0.161655
-0.0992312
-0.0935385
0.164892
-0.0962732
-0.093985
0.16718
-0.094264
-0.0961616
0.169469
-0.0928129
-0.097501
0.172148
-0.0925339
-0.098394
0.175273
-0.0930362
-0.0992312
0.178008
-0.0929246
-0.0996776
0.180519
-0.0911386
-0.0991195
0.181914
-0.0897992
-0.0975568
0.183086
-0.0890178
-0.0949896
0.184259
-0.0894085
-0.0930362
0.186435
-0.089855
-0.0922548
0.187272
-0.0914177
-0.0925339
0.18783
-0.0920874
-0.0910828
0.188444
-0.0928688
-0.0891294
0.187775
-0.0935943
-0.0881807
0.187384
-0.0931478
-0.088683
0.185877
-0.0936501
-0.0862831
0.1861
-0.0952128
-0.0817624
0.189784
-0.0959941
-0.0808137
0.188891
-0.0973894
-0.0791394
0.187216
-0.100571
-0.0759582
0.185933
-0.103417
-0.0704329
0.18437
-0.106375
-0.0659681
0.182696
-0.108998
-0.0637915
0.179626
-0.115584
-0.0611125
0.176166
-0.12016
-0.060387
0.172092
-0.127471
-0.0565361
0.168743
-0.131099
-0.051848
0.162102
-0.134615
-0.0454856
0.156353
-0.136847
-0.0383977
0.152558
-0.137071
-0.0357746
0.150772
-0.135508
-0.0358862
0.145638
-0.134503
-0.0339886
0.141954
-0.132606
-0.0291889
0.13375
-0.129536
-0.0237753
0.127053
-0.12602
-0.0197569
0.119742
-0.123341
-0.0161292
0.119686
-0.120216
-0.014734
0.119183
-0.119937
-0.0148456
0.119072
-0.120495
-0.015627
0.114719
-0.120272
-0.0177478
0.110198
-0.119156
-0.0173013
0.108747
-0.116644
-0.0168548
0.107686
-0.114802
-0.017078
0.106738
-0.112514
-0.0180268
0.105901
-0.110058
-0.019143
0.105398
-0.108105
-0.0199244
0.105398
-0.105538
-0.0202034
0.10618
-0.103975
-0.0199802
0.107296
-0.10124
-0.0209848
0.108803
-0.099566
-0.0217661
0.109863
-0.0974452
-0.0219894
0.111482
-0.0954918
-0.0218219
0.114105
-0.0925897
-0.022101
0.117118
-0.0860041
-0.0226033
0.119351
-0.0804788
-0.0218219
0.121081
-0.0753442
-0.0208173
0.124541
-0.0690935
-0.0194779
0.130848
-0.0623962
-0.0181942
0.137099
-0.0582104
-0.017971
0.14374
-0.0560338
-0.0194221
0.150995
-0.0555315
-0.0260077
0.157693
-0.0562012
-0.0325934
0.164892
-0.0577081
-0.0382302
0.169301
-0.0604986
-0.0439787
0.172036
-0.064796
-0.0494481
0.171869
-0.0675866
-0.0492807
0.170864
-0.0704887
-0.0418579
0.169636
-0.0722189
-0.0353281
0.168408
-0.0751768
-0.0239427
0.167069
-0.0786929
-0.0147898
0.166399
-0.0818741
-0.00842739
0.166734
-0.0849995
-0.00502295
0.16958
-0.0897434
-0.00273472
0.172706
-0.0956593
-0.00513457
0.175775
-0.102189
-0.00965522
0.180073
-0.107156
-0.0151805
0.184649
-0.113407
-0.0230498
0.189002
-0.119993
-0.0332073
0.193411
-0.124625
-0.0405185
0.197262
-0.12948
-0.0514573
0.204741
-0.135229
-0.0618381
0.212052
-0.140084
-0.0699864
0.218694
-0.143601
-0.0777999
0.227512
-0.14561
-0.0847204
0.233149
-0.147507
-0.0920874
0.239623
-0.147507
-0.0977801
0.244311
-0.146838
-0.102077
0.249389
-0.146335
-0.105705
0.254412
-0.14494
-0.108384
0.260328
-0.143656
-0.110617
0.26524
-0.141703
-0.112123
0.267919
-0.136847
-0.111509
0.269872
-0.131434
-0.108384
0.270207
-0.125518
-0.103975
0.27043
-0.119379
-0.0996776
0.270876
-0.112347
-0.095436
0.270821
-0.107659
-0.0925897
0.269928
-0.0999009
-0.0874551
0.267751
-0.0927013
-0.0819299
0.265295
-0.0881249
-0.0780231
0.26457
-0.084553
-0.0740048
0.25938
-0.0809253
-0.0684795
0.25804
-0.0754559
-0.0637356
0.25285
-0.0728328
-0.0596057
0.24978
-0.0679772
-0.0544153
0.242246
-0.0640147
-0.0468809
0.239511
-0.0603312
-0.0409649
0.23566
-0.058043
-0.0330957
0.23393
-0.0567035
-0.0269565
0.232088
-0.0567035
-0.0224358
0.225726
-0.0583778
-0.0178036
0.221428
-0.059215
-0.0130597
0.218303
-0.0607777
-0.0104366
0.214564
-0.0654658
-0.00697632
0.212554
-0.0693725
-0.00485552
0.211159
-0.0748419
-0.00200918
0.210378
-0.0799765
-0.000111621
0.210155
-0.0862831
0.000669727
0.21021
-0.0920316
-0.000558105
0.209931
-0.0970545
-0.00351606
0.209876
-0.10124
-0.00831577
0.209931
-0.106431
-0.0139526
0.212108
-0.112514
-0.0225475
0.214061
-0.115416
-0.0281843
0.21635
-0.117091
-0.0316446
0.218415
-0.118542
-0.0354955
0.222768
-0.119602
-0.0398487
0.224498
-0.124178
-0.0506202
0.224442
-0.12775
-0.059494
0.225558
-0.13149
-0.066861
0.226842
-0.135006
-0.0737257
0.227679
-0.137964
-0.0781348
0.225893
-0.140308
-0.0808695
0.223661
-0.141759
-0.0832693
0.219252
-0.142484
-0.0863389
0.21568
-0.142875
-0.0908596
0.213113
-0.141703
-0.0958825
0.207308
-0.139917
-0.100738
0.200444
-0.138745
-0.104254
0.194249
-0.137294
-0.106877
0.188277
-0.137796
-0.108272
0.180687
-0.140866
-0.110337
0.175608
-0.144828
-0.113351
0.168966
-0.147061
-0.117091
0.166399
-0.148512
-0.119769
0.164167
-0.150577
-0.124123
0.161878
-0.152474
-0.126355
0.160818
-0.154205
-0.127974
0.161265
-0.153535
-0.128978
0.160037
-0.153367
-0.128532
0.159814
-0.156437
-0.128978
0.159814
-0.159227
-0.13015
0.160148
-0.1604
-0.131434
0.158921
-0.16146
-0.131378
0.156409
-0.16213
-0.130262
0.15094
-0.163469
-0.12602
0.147591
-0.162632
-0.121221
0.142791
-0.16425
-0.113463
0.138159
-0.164529
-0.105705
