0.199718
0.042416
-0.124178
0.199718
0.0423602
-0.123955
0.199551
0.0420812
-0.124178
0.199495
0.0414672
-0.124458
0.200388
0.0407417
-0.124737
0.20089
0.0401836
-0.124904
0.201392
0.0398487
-0.125127
0.201337
0.0396813
-0.12535
0.202732
0.0416347
-0.126299
0.207643
0.0500063
-0.131657
0.207978
0.0578755
-0.137406
0.209262
0.0621729
-0.143768
0.214285
0.0641821
-0.150019
0.219866
0.0655216
-0.15627
0.224219
0.0663029
-0.16213
0.229074
0.0670843
-0.167432
0.233316
0.068647
-0.17212
0.236888
0.0692051
-0.17664
0.244255
0.068647
-0.181049
0.24911
0.0695958
-0.18451
0.253743
0.0699306
-0.188751
0.257426
0.0698748
-0.191598
0.258542
0.0692051
-0.191709
0.260831
0.0682005
-0.190984
0.26457
0.0668052
-0.189588
0.26803
0.066582
-0.189923
0.271435
0.0665262
-0.190593
0.272551
0.0662471
-0.1921
0.273109
0.0662471
-0.192658
0.276178
0.065689
-0.193328
0.278913
0.0642937
-0.196174
0.283099
0.0630101
-0.197848
0.285778
0.0609451
-0.198183
0.28801
0.0588243
-0.198686
0.290354
0.0552524
-0.198965
0.293982
0.053913
-0.198462
0.296661
0.054192
-0.197793
0.296828
0.0568151
-0.198741
0.301182
0.0630659
-0.195728
0.300791
0.0689818
-0.191319
0.302577
0.0748419
-0.186965
0.300958
0.0794742
-0.184733
0.301461
0.0852785
-0.181663
0.300791
0.090134
-0.179766
0.299675
0.0946547
-0.178984
0.296996
0.0988405
-0.18077
0.295601
0.102468
-0.181998
0.298
0.106207
-0.182221
0.302186
0.106877
-0.186128
0.304698
0.106989
-0.189588
0.308493
0.10604
-0.195114
0.313851
0.102747
-0.201532
0.319487
0.098394
-0.207783
0.325292
0.0885713
-0.215764
0.330705
0.0798649
-0.222907
0.333328
0.0711584
-0.231
0.335059
0.064796
-0.236972
0.337682
0.0586011
-0.245734
0.337291
0.0551408
-0.255501
0.338742
0.0545827
-0.263147
0.336845
0.0538014
-0.272635
0.332212
0.0537456
-0.276653
0.331264
0.0515689
-0.27922
0.332156
0.0496714
-0.280671
0.330817
0.0482203
-0.28095
0.330426
0.0463786
-0.278327
0.329589
0.0427509
-0.270904
0.328808
0.0404068
-0.265044
0.329087
0.0376163
-0.257063
0.327636
0.033877
-0.247743
0.325571
0.0319794
-0.240767
0.323227
0.029468
-0.233344
0.322055
0.0286866
-0.226814
0.320325
0.0269007
-0.222628
0.31999
0.0255054
-0.218331
0.321329
0.0240543
-0.214033
0.323004
0.0225475
-0.209792
0.326185
0.0211522
-0.206276
0.33065
0.0188082
-0.203318
0.334668
0.017971
-0.20103
0.338072
0.0170222
-0.198351
0.34516
0.0171896
-0.195337
0.347002
0.0168548
-0.195616
0.350295
0.0169664
-0.195616
0.35515
0.016799
-0.194388
0.359113
0.0164641
-0.189477
0.363131
0.0161851
-0.184454
0.368657
0.0185291
-0.179096
0.375354
0.0219335
-0.178259
0.380433
0.0266774
-0.178594
0.378368
0.0308074
-0.180938
0.380823
0.0332631
-0.18211
0.382609
0.0347142
-0.184454
0.38367
0.0360536
-0.186463
0.38406
0.038286
-0.188416
0.383725
0.0391232
-0.189923
0.383949
0.0397929
-0.190481
0.383893
0.0407975
-0.191709
0.38367
0.0407975
-0.191821
0.383614
0.0409649
-0.190202
0.385176
0.0409649
-0.186686
0.391539
0.0409091
-0.180324
0.39539
0.0392348
-0.172064
0.398906
0.0402394
-0.161739
0.400078
0.0413556
-0.153479
0.399799
0.043309
-0.144996
0.398459
0.0460437
-0.136178
0.39818
0.0500063
-0.128141
0.396618
0.0558664
-0.123899
0.388693
0.0622288
-0.128308
0.386237
0.0699864
-0.132327
0.383112
0.0766837
-0.137238
0.379093
0.0828229
-0.143321
0.372563
0.0871203
-0.15214
0.365643
0.0908596
-0.158781
0.359839
0.0932594
-0.165478
0.354481
0.0938733
-0.17251
0.34717
0.0945431
-0.18211
0.340528
0.0928129
-0.190928
0.332659
0.0925897
-0.197011
0.325459
0.0918642
-0.203262
0.320715
0.0904131
-0.208397
0.320492
0.0891853
-0.212582
0.320157
0.0885713
-0.214703
0.322613
0.0887946
-0.217717
0.324901
0.0892969
-0.222517
0.328752
0.0906363
-0.224917
0.333328
0.09192
-0.228209
0.340361
0.0923106
-0.231614
0.345495
0.0937617
-0.236079
0.345105
0.0965522
-0.243669
0.342202
0.100068
-0.247073
0.342314
0.102301
-0.247743
0.345495
0.106375
-0.245287
0.348509
0.112849
-0.244506
0.348676
0.118765
-0.244729
0.352416
0.127639
-0.245566
0.358108
0.13562
-0.247352
0.360062
0.143266
-0.247631
0.363243
0.147284
-0.239874
0.366871
0.150019
-0.2286
0.367317
0.152865
-0.222572
0.368991
0.15973
-0.213531
0.369103
0.164306
-0.209178
0.367875
0.166762
-0.207057
0.367317
0.16799
-0.204825
0.366982
0.168771
-0.202816
0.363187
0.163525
-0.196341
0.369438
0.157832
-0.188528
0.369494
0.154205
-0.188975
0.36888
0.151749
-0.190091
0.368768
0.143321
-0.19729
0.363355
0.140029
-0.205439
0.359615
0.13735
-0.208676
0.35928
0.135006
-0.212415
0.356322
0.131825
-0.217159
0.351132
0.130429
-0.221679
0.3465
0.129313
-0.223856
0.33891
0.131155
-0.22553
0.332268
0.135843
-0.224303
0.326799
0.142094
-0.222014
0.323729
0.147731
-0.21928
0.319208
0.155321
-0.214424
0.316809
0.161516
-0.207169
0.316697
0.168771
-0.197011
0.313795
0.176306
-0.187635
0.313348
0.18451
-0.179989
0.311228
0.194444
-0.172455
0.310948
0.203374
-0.165367
0.314409
0.20929
-0.159339
0.317311
0.211075
-0.157218
0.322055
0.212638
-0.15426
0.326631
0.212582
-0.151358
0.332603
0.212527
-0.149014
0.33863
0.211578
-0.148065
0.342984
0.20929
-0.14974
0.346332
0.206164
-0.153702
0.349737
0.202202
-0.156995
0.351299
0.198183
-0.160176
0.350518
0.193272
-0.164697
0.351802
0.187858
-0.170111
0.352583
0.182835
-0.175357
0.352248
0.178817
-0.18211
0.352974
0.176585
-0.186128
0.355206
0.172455
-0.20103
0.350183
0.169218
-0.209736
0.344825
0.166315
-0.221568
0.341533
0.165813
-0.228767
0.338128
0.167208
-0.239762
0.333496
0.16838
-0.248636
0.330929
0.172064
-0.258961
0.328361
0.173682
-0.266607
0.325292
0.176026
-0.274532
0.323394
0.175357
-0.276262
0.320715
0.170055
-0.270737
0.317869
0.167766
-0.269286
0.315692
0.166818
-0.269174
0.315246
0.164809
-0.266328
0.313683
0.162911
-0.263593
0.310837
0.162074
-0.260747
0.308381
0.164529
-0.256729
0.30866
0.169329
-0.249808
0.31106
0.173292
-0.240488
0.31346
0.17798
-0.231223
0.31519
0.183617
-0.223689
0.31826
0.191542
-0.21342
0.321385
0.198574
-0.203876
0.321441
0.202536
-0.195058
0.321329
0.209122
-0.178929
0.318427
0.211745
-0.168994
0.31279
0.213643
-0.161795
0.305312
0.215429
-0.156102
0.296996
0.217326
-0.150912
0.287843
0.219224
-0.14801
0.280755
0.221679
-0.145721
0.271881
0.221847
-0.147172
0.257091
0.219168
-0.154484
0.247938
0.21755
-0.159507
0.242525
0.217103
-0.170222
0.238674
0.21727
-0.179208
0.234655
0.216712
-0.186965
0.233539
0.215373
-0.191207
0.228405
0.211801
-0.193495
0.226675
0.209569
-0.195058
0.225112
0.207504
-0.197625
0.225056
0.207001
-0.198351
0.224889
0.206499
-0.199132
0.223828
0.205941
-0.202425
0.224275
0.205494
-0.204881
0.223717
0.205048
-0.207113
0.222098
0.204601
-0.210127
0.211773
0.202983
-0.213308
0.205801
0.20036
-0.218554
0.203681
0.198965
-0.222963
0.199439
0.19729
-0.230386
0.19436
0.195783
-0.239427
0.190174
0.195058
-0.247241
0.18677
0.194388
-0.254552
0.183421
0.193216
-0.261751
0.183142
0.19104
-0.266551
0.182305
0.187635
-0.271518
0.181077
0.184063
-0.277211
0.181189
0.180324
-0.282736
0.180798
0.176026
-0.288038
0.18091
0.171617
-0.29055
0.183142
0.163916
-0.291778
0.182361
0.156437
-0.296242
0.18197
0.1508
-0.29708
0.182026
0.146168
-0.297414
0.183645
0.140922
-0.298084
0.186491
0.133555
-0.297191
0.190677
0.127192
-0.294903
0.195867
0.122616
-0.292447
0.199997
0.118821
-0.288373
0.204518
0.116421
-0.283852
0.20848
0.115584
-0.278216
0.211773
0.117091
-0.270458
0.215624
0.118374
-0.263593
0.218749
0.120718
-0.252933
0.223549
0.122281
-0.245845
0.223047
0.125016
-0.236525
0.227735
0.127136
-0.229437
0.231195
0.130206
-0.223131
0.233372
0.132941
-0.219335
0.235604
0.134894
-0.215764
0.238506
0.13774
-0.209401
0.240739
0.139917
-0.203039
0.242525
0.14187
-0.198127
0.243753
0.144103
-0.193049
0.247771
0.146949
-0.187914
0.251231
0.149461
-0.183784
0.253296
0.152307
-0.180156
0.255473
0.154484
-0.177924
0.256589
0.156716
-0.174966
0.258766
0.158893
-0.171283
0.260942
0.16079
-0.167766
0.258989
0.161125
-0.164027
0.261947
0.162576
-0.157163
0.262393
0.162632
-0.15147
0.263007
0.160734
-0.144605
0.264961
0.159674
-0.137685
0.264235
0.158893
-0.130876
0.264793
0.158279
-0.124402
0.265686
0.157442
-0.119993
0.265798
0.155321
-0.115863
0.2639
0.15387
-0.115639
0.262393
0.152251
-0.117983
0.260719
0.150521
-0.120048
0.256868
0.146279
-0.128532
0.254133
0.143545
-0.133443
0.251566
0.139415
-0.138075
0.247771
0.13361
-0.144047
0.245762
0.128643
-0.150242
0.24498
0.123118
-0.159172
0.243529
0.119211
-0.168492
0.245259
0.116421
-0.17625
0.247883
0.113854
-0.183728
0.25391
0.109333
-0.193718
0.260719
0.107435
-0.200527
0.267919
0.105259
-0.20795
0.277127
0.103361
-0.212303
0.288066
0.102133
-0.215596
0.296996
0.099287
-0.219168
0.308995
0.0956035
-0.2238
0.317925
0.0920874
-0.227986
0.325403
0.0894085
-0.231502
0.332156
0.0874551
-0.232395
0.340082
0.084832
-0.232563
0.34717
0.0811485
-0.230442
0.354704
0.0793626
-0.22754
0.361903
0.0763488
-0.224303
0.366926
0.0764046
-0.21861
0.371782
0.0754559
-0.211355
0.373568
0.0752884
-0.20516
0.376135
0.0746745
-0.196286
0.378423
0.0744513
-0.189756
0.380098
0.0722747
-0.181552
0.38166
0.0714375
-0.175803
0.382888
0.0711584
-0.167934
0.382777
0.0723863
-0.163246
0.381381
0.0762372
-0.157497
0.380488
0.0803672
-0.151526
0.3782
0.0840507
-0.147284
0.374796
0.0915851
-0.141759
0.371391
0.0991753
-0.136568
0.367819
0.105817
-0.131378
0.36302
0.113016
-0.127025
0.361178
0.122058
-0.122951
0.358666
0.130485
-0.120718
0.355653
0.139973
-0.120941
0.352527
0.150075
-0.121834
0.347728
0.160232
-0.122058
0.343598
0.170613
-0.12429
0.336733
0.184007
-0.127025
0.328417
0.190202
-0.133108
0.325013
0.198909
-0.138857
0.321218
0.204267
-0.143991
0.315078
0.212192
-0.150912
0.306037
0.218889
-0.15839
0.300624
0.2238
-0.168436
0.294596
0.228321
-0.180156
0.287675
0.229939
-0.189812
0.280643
0.232284
-0.200806
0.276178
0.232786
-0.208285
0.270709
0.233344
-0.219782
0.264235
0.233456
-0.230442
0.257873
0.234683
-0.241883
0.251399
0.235074
-0.251482
0.246934
0.234516
-0.255947
0.244255
0.231725
-0.262365
0.241799
0.228823
-0.267333
0.238841
0.222461
-0.276151
0.238227
0.21861
-0.279332
0.236386
0.21275
-0.283294
0.234042
0.207225
-0.283797
0.231865
0.199355
-0.282122
0.229744
0.192937
-0.281676
0.227512
0.186686
-0.281955
0.226005
0.182612
-0.281453
0.224665
0.180324
-0.283127
0.221763
0.177031
-0.286755
0.222042
0.175301
-0.287369
0.220312
0.170222
-0.28882
0.220145
0.165032
-0.289601
0.218303
0.159841
-0.29094
0.216963
0.154372
-0.291387
0.215791
0.150465
-0.290606
0.212387
0.146112
-0.288596
0.209429
0.138689
-0.284466
0.205857
0.132717
-0.280671
0.203346
0.127025
-0.275872
0.201727
0.123509
-0.272635
0.200388
0.118374
-0.268616
0.199774
0.114579
-0.265212
0.199495
0.11123
-0.262812
0.199048
0.104533
-0.260691
0.20089
0.0981149
-0.25751
0.202062
0.091027
-0.253324
0.203122
0.0863947
-0.252375
0.208648
0.0803672
-0.250924
0.216796
0.0741722
-0.249641
0.225447
0.067754
-0.245511
0.231753
0.0613916
-0.24272
0.238674
0.0556989
-0.240488
0.247436
0.0510667
-0.239874
0.254468
0.0472715
-0.238646
0.261333
0.0428625
-0.23619
0.266077
0.0397371
-0.233902
0.273723
0.0366117
-0.230721
0.279806
0.032984
-0.226479
0.283378
0.0301935
-0.222405
0.28561
0.0269007
-0.216657
0.291192
0.024166
-0.210294
0.295712
0.0238869
-0.204211
0.298112
0.0250031
-0.197904
0.299172
0.0280169
-0.190314
0.300121
0.0311981
-0.184063
0.299563
0.0357746
-0.177254
0.297386
0.0416347
-0.169329
0.294875
0.0460437
-0.164027
0.291694
0.0507318
-0.15733
0.282876
0.0532433
-0.154539
0.273834
0.0550292
-0.153144
0.264905
0.0573732
-0.152474
0.254357
0.0613916
-0.153925
0.245483
0.0667494
-0.155488
0.238785
0.072777
-0.154874
0.230358
0.0784696
-0.160679
0.223549
0.0839949
-0.165646
0.216796
0.0890736
-0.171562
0.210545
0.0934269
-0.175357
0.203569
0.0995102
-0.17865
0.196537
0.10604
-0.183393
0.191849
0.113072
-0.188975
0.186714
0.121053
-0.195449
0.181747
0.129257
-0.20036
0.178957
0.138522
-0.203429
0.176445
0.147675
-0.204322
0.174157
0.154763
-0.207392
0.173152
0.162576
-0.21102
0.17265
0.166929
-0.214424
0.172706
0.169552
-0.216824
0.173989
0.17212
-0.219001
0.174715
0.173794
-0.219949
0.177896
0.177757
-0.219726
0.17851
0.180324
-0.218108
0.18091
0.183059
-0.213587
0.187328
0.184342
-0.20795
0.194081
0.184956
-0.202704
0.200444
0.185403
-0.199579
0.206304
0.186184
-0.197848
0.211159
0.187523
-0.197234
0.217298
0.18903
-0.197402
0.225558
0.189588
-0.199299
0.233149
0.191932
-0.202313
0.245148
0.194165
-0.209624
0.255305
0.195337
-0.215931
0.262449
0.195839
-0.220005
0.266691
0.195616
-0.223131
0.273444
0.194221
-0.222963
0.28176
0.19277
-0.221289
0.289294
0.192212
-0.219838
0.295656
0.192825
-0.21967
0.300847
0.194556
-0.219224
0.30827
0.194946
-0.219391
0.310948
0.193886
-0.21928
0.322669
0.188807
-0.217103
0.33171
0.186296
-0.215094
0.338128
0.185458
-0.213475
0.341142
0.183505
-0.213196
0.344435
0.181384
-0.20901
0.350574
0.179263
-0.204099
0.353644
0.176585
-0.19902
0.356267
0.173682
-0.192491
0.358053
0.170613
-0.183673
0.360285
0.169106
-0.177868
0.359225
0.167711
-0.169999
0.356267
0.166874
-0.164474
0.351355
0.166148
-0.159116
0.344435
0.166315
-0.153981
0.334891
0.16665
-0.152307
0.32585
0.170948
-0.153535
0.31692
0.173292
-0.156716
0.31
0.172566
-0.155711
0.305646
0.167934
-0.153256
0.298559
0.16213
-0.154205
0.293759
0.156939
-0.155321
0.286894
0.150856
-0.158948
0.277462
0.146447
-0.163078
0.270263
0.142317
-0.16626
0.263844
0.139247
-0.170055
0.25564
0.136513
-0.176529
0.248831
0.135564
-0.182835
0.241185
0.13495
-0.190593
0.233372
0.134894
-0.195839
0.228628
0.134727
-0.201532
0.226228
0.13495
-0.20728
0.225223
0.135452
-0.212136
0.224219
0.13668
-0.216991
0.22394
0.138968
-0.221345
0.227121
0.140922
-0.223968
0.230246
0.141145
-0.223633
0.231139
0.140419
-0.221847
0.23393
0.138912
-0.218163
0.233818
0.137406
-0.216601
0.233093
0.134503
-0.214089
0.230916
0.132494
-0.211968
0.231697
0.131545
-0.212192
0.230916
0.131434
-0.214592
0.231084
0.131657
-0.214312
0.232981
0.130597
-0.211243
0.233651
0.128978
-0.209959
0.234321
0.127639
-0.209178
0.234544
0.125853
-0.209736
0.233428
0.124178
-0.210127
0.23499
0.12256
-0.208564
0.236888
0.120216
-0.202927
0.239511
0.117258
-0.196732
0.238618
0.115751
-0.189867
0.240292
0.113854
-0.183505
0.24152
0.112235
-0.178873
0.242581
0.110337
-0.175357
0.243529
0.108831
-0.172231
0.245539
0.107324
-0.169441
0.246822
0.106487
-0.168659
0.246878
0.105203
-0.168939
0.245594
0.102468
-0.168269
0.245036
0.099566
-0.166539
0.244813
0.0952686
-0.165925
0.24565
0.089855
-0.167711
0.247603
0.0856134
-0.169385
0.247771
0.0803114
-0.172455
0.24911
0.0756233
-0.173961
0.251175
0.0692051
-0.177533
0.258263
0.065689
-0.179208
0.263844
0.062452
-0.181217
0.270709
0.0574849
-0.183617
0.280029
0.0544711
-0.185012
0.285666
0.0524061
-0.1873
0.294205
0.0511225
-0.188249
0.301628
0.0505085
-0.188026
0.30827
0.0505644
-0.187244
0.314688
0.0503969
-0.18691
0.320548
0.0498388
-0.185905
0.326073
0.0496714
-0.182556
0.331096
0.0501179
-0.176752
0.33517
0.0510108
-0.169943
0.340695
0.052741
-0.163023
0.3441
0.054806
-0.154818
0.34717
0.0587685
-0.146838
0.34929
0.0634008
-0.138745
0.351913
0.0683679
-0.134169
0.354202
0.0754559
-0.131601
0.355764
0.0857808
-0.132997
0.357383
0.0958267
-0.139415
0.360173
0.105482
-0.147117
0.363076
0.113909
-0.154651
0.36408
0.119825
-0.164195
0.365699
0.125685
-0.170669
0.367764
0.131434
-0.177701
0.367094
0.138912
-0.185738
0.366926
0.14734
-0.192323
0.363913
0.158167
-0.198016
0.359783
0.166204
-0.201755
0.353644
0.172399
-0.203988
0.347225
0.179933
-0.20795
0.341198
0.185793
-0.211689
0.335003
0.189309
-0.213699
0.329533
0.192881
-0.214201
0.32345
0.194946
-0.212973
0.318036
0.196732
-0.210238
0.313683
0.197681
-0.206946
0.309776
0.198853
-0.201141
0.307042
0.199299
-0.195114
0.305088
0.199913
-0.188807
0.303693
0.199746
-0.181775
0.303247
0.199244
-0.175692
0.302298
0.198183
-0.170892
0.301349
0.197569
-0.165925
0.301293
0.195281
-0.158837
0.299507
0.193049
-0.154707
0.299563
0.190258
-0.151023
0.298782
0.187468
-0.148065
0.296828
0.185347
-0.144717
0.293703
0.181161
-0.14254
0.290354
0.178147
-0.14014
0.29387
0.175245
-0.136289
0.291582
0.169831
-0.132327
0.287006
0.166427
-0.131266
0.28455
0.163804
-0.130039
0.28176
0.161348
-0.130932
0.279136
0.159283
-0.13322
0.278913
0.158223
-0.135954
0.27763
0.156772
-0.143824
0.275676
0.158111
-0.156939
0.275286
0.160511
-0.167543
0.276234
0.164809
-0.177701
0.275844
0.170836
-0.18663
0.277853
0.17904
-0.192491
0.276234
0.186854
-0.195728
0.273779
0.198965
-0.197346
0.272718
0.207671
-0.196286
0.270709
0.214145
-0.193104
0.268756
0.219335
-0.19037
0.267974
0.225084
-0.185012
0.267751
0.231837
-0.17798
0.266077
0.238534
-0.17078
0.265965
0.243948
-0.163413
0.266412
0.247464
-0.155265
0.268421
0.249027
-0.148065
0.270207
0.248245
-0.144159
0.272718
0.248245
-0.14081
0.280308
0.247241
-0.137629
0.288568
0.244115
-0.134615
0.296884
0.241046
-0.132773
0.302689
0.2358
-0.134894
0.30827
0.233176
-0.137852
0.310223
0.227093
-0.148289
0.311283
0.221847
-0.158837
0.311562
0.218275
-0.170278
0.310279
0.215819
-0.180156
0.307265
0.21102
-0.194165
0.305814
0.205773
-0.203262
0.303191
0.197346
-0.209903
0.300903
0.188863
-0.216545
0.301684
0.181273
-0.223633
0.300903
0.173571
-0.232563
0.298726
0.168771
-0.240488
0.295321
0.164809
-0.248078
0.295098
0.161795
-0.254161
0.29588
0.15733
-0.258124
0.297945
0.151805
-0.259854
0.297498
0.143433
-0.262812
0.294708
0.135062
-0.263426
0.293815
0.128867
-0.261975
0.294149
0.123676
-0.259798
0.298224
0.118932
-0.254608
0.303581
0.116811
-0.252152
0.306316
0.115137
-0.249864
0.309442
0.115137
-0.247017
0.314353
0.115305
-0.240823
0.318929
0.115137
-0.233958
0.320436
0.113798
-0.227037
0.319264
0.111677
-0.220173
0.323394
0.110561
-0.213587
0.327803
0.110505
-0.210406
0.330147
0.110728
-0.20968
0.331598
0.111398
-0.209513
0.334556
0.112905
-0.209792
0.335059
0.114746
-0.209903
0.339077
0.117872
-0.205885
0.342035
0.119769
-0.200639
0.342928
0.120439
-0.196844
0.345774
0.121723
-0.193774
0.34756
0.123732
-0.190537
0.347783
0.124681
-0.187802
0.347337
0.124402
-0.183338
0.347225
0.121388
-0.177645
0.347951
0.122672
-0.172789
0.346946
0.124234
-0.167041
0.344267
0.123676
-0.161013
0.344491
0.121332
-0.154484
0.345384
0.118318
-0.147675
0.345942
0.114802
-0.141089
0.346779
0.110226
-0.134057
0.349123
0.107045
-0.129648
0.349514
0.101464
-0.125964
0.350909
0.0969429
-0.123899
0.351523
0.0903573
-0.122839
0.350183
0.0836042
-0.124123
0.348286
0.0777441
-0.123509
0.348174
0.0692609
-0.125239
0.348676
0.0610009
-0.129871
0.35102
0.0549734
-0.137071
0.351634
0.0510667
-0.14388
0.352025
0.0482203
-0.150856
0.351076
0.0450949
-0.159004
0.351299
0.0409091
-0.168883
0.351244
0.0378954
-0.176919
0.351411
0.0374489
-0.186742
0.350741
0.0383977
-0.195449
0.352304
0.0383977
-0.203318
0.351355
0.0374489
-0.213531
0.35063
0.0353839
-0.222907
0.352248
0.0349932
-0.22793
0.353141
0.0342119
-0.234404
0.352137
0.0344909
-0.239706
0.351299
0.0368908
-0.246794
0.351579
0.0381186
-0.251259
0.34756
0.0397929
-0.25578
0.343542
0.0399604
-0.258682
0.342649
0.0416905
-0.260579
0.343151
0.0503411
-0.268728
0.343151
0.0582662
-0.273472
0.345439
0.0683121
-0.278383
0.348453
0.0763488
-0.27989
0.350741
0.0829903
-0.28056
0.35236
0.0897434
-0.280894
0.354592
0.0948221
-0.280671
0.355318
0.102859
-0.279276
0.357662
0.108886
-0.276988
0.35928
0.115974
-0.273583
0.361401
0.121834
-0.269844
0.363187
0.128476
-0.263593
0.365308
0.135843
-0.257287
0.367596
0.144884
-0.25098
0.368154
0.155432
-0.244339
0.369605
0.168157
-0.238702
0.364638
0.174352
-0.236134
0.363634
0.182445
-0.231391
0.364136
0.191877
-0.221121
0.358332
0.196286
-0.214926
0.353476
0.201923
-0.207169
0.350351
0.206387
-0.201978
0.346332
0.209513
-0.198295
0.342202
0.213531
-0.192993
0.338407
0.217829
-0.187244
0.335282
0.221959
-0.179319
0.332882
0.224637
-0.172176
0.332045
0.226702
-0.165925
0.329533
0.230832
-0.155879
0.322669
0.233176
-0.149461
0.313962
0.235855
-0.143098
0.306539
0.238255
-0.139303
0.296828
0.240153
-0.135062
0.287173
0.241827
-0.128867
0.279304
0.244171
-0.119993
0.271546
0.24618
-0.108831
0.264123
0.246571
-0.102022
0.257705
0.246348
-0.0930362
0.25218
0.244562
-0.0866738
0.246711
0.240655
-0.0837716
0.239846
0.235688
-0.0849995
0.236441
0.234237
-0.0848878
0.232088
0.232618
-0.0884039
0.227512
0.230944
-0.0935943
0.223326
0.228544
-0.101519
0.220368
0.224861
-0.110058
0.217912
0.220117
-0.120774
0.217633
0.215652
-0.130764
0.216517
0.212415
-0.140364
0.21808
0.209848
-0.150298
0.219475
0.207727
-0.161851
0.223884
0.205048
-0.174017
0.227009
0.202927
-0.186017
0.230805
0.200081
-0.199076
0.234153
0.197569
-0.207783
0.237725
0.196286
-0.215931
0.237837
0.196174
-0.221791
0.235883
0.190705
-0.226926
0.238562
0.182556
-0.229214
0.234376
0.176026
-0.233511
0.235716
0.170557
-0.238367
0.235827
0.163078
-0.245008
0.237502
0.156214
-0.248915
0.240181
0.147786
-0.250589
0.241576
0.139694
-0.249417
0.244869
0.131266
-0.245511
0.248329
0.127415
-0.241436
0.251845
0.123565
-0.235911
0.257482
0.120941
-0.230609
0.261277
0.119379
-0.224972
0.2639
0.117928
-0.219726
0.268644
0.117202
-0.213643
0.273555
0.117928
-0.204881
0.27456
0.119546
-0.19863
0.278076
0.12429
-0.189086
0.28042
0.128922
-0.182054
0.279918
0.134559
-0.17452
0.280141
0.142205
-0.166315
0.279415
0.15013
-0.159395
0.276904
0.157497
-0.154372
0.275788
0.165757
-0.149684
0.272774
0.174185
-0.148791
0.270374
0.189198
-0.152363
0.265965
0.202704
-0.157386
0.261779
0.212638
-0.162185
0.257315
0.221456
-0.166148
0.251733
0.226256
-0.170166
0.245148
0.228656
-0.176808
0.240181
0.230386
-0.184956
0.232367
0.230777
-0.192714
0.229353
0.230609
-0.198741
0.226284
0.229828
-0.207559
0.222489
0.227651
-0.216377
0.219587
0.223689
-0.225977
0.217745
0.217605
-0.234739
0.217298
0.209624
-0.241548
0.218582
0.201532
-0.246459
0.220089
0.192937
-0.250701
0.220759
0.182277
-0.254719
0.221763
0.173348
-0.256338
0.223772
0.161292
-0.254105
0.219754
0.153033
-0.253938
0.214564
0.144047
-0.253157
0.209597
0.137015
-0.250478
0.203457
0.133108
-0.243892
0.198825
0.131545
-0.234907
0.196202
0.129425
-0.227093
0.198937
0.123899
-0.220228
0.204071
0.117593
-0.214145
0.209429
0.110561
-0.208341
0.217354
0.102691
-0.202592
0.226898
0.0954918
-0.197067
0.239288
0.0888504
-0.193551
0.250282
0.0837158
-0.192658
0.260607
0.0813718
-0.192323
0.271267
0.0804788
-0.191151
0.280253
0.0803672
-0.188863
0.289238
0.0815392
-0.183505
0.296773
0.0842181
-0.174408
0.303135
0.0856692
-0.166148
0.306986
0.0884039
-0.160065
0.310669
0.0916967
-0.154818
0.314855
0.0949337
-0.149963
0.315692
0.0977243
-0.148623
0.315804
0.0981149
-0.147619
0.316585
0.0966081
-0.143154
0.31759
0.0959941
-0.138075
0.320548
0.0973894
-0.131992
0.320604
0.0995102
-0.122448
0.320213
0.0993428
-0.113519
0.321552
0.0971662
-0.106542
0.321273
0.0953802
-0.0989521
0.322724
0.0944314
-0.090748
0.323283
0.0932594
-0.082767
0.32825
0.094264
-0.0744513
0.328417
0.0978917
-0.0678098
0.334612
0.100459
-0.0632892
0.339133
0.102357
-0.0586011
0.341142
0.10297
-0.0588243
0.343374
0.105259
-0.0660797
0.343821
0.105594
-0.0798091
0.345551
0.105649
-0.0904689
0.348062
0.10604
-0.100626
0.349067
0.107547
-0.10911
0.348509
0.107714
-0.112793
0.352081
0.108719
-0.114412
0.356043
0.111175
-0.118597
0.356155
0.115528
-0.124848
0.358834
0.122672
-0.131322
0.360731
0.129871
-0.136847
0.363466
0.138968
-0.142819
0.364471
0.14801
-0.149349
0.365475
0.156549
-0.15493
0.363243
0.165255
-0.156549
0.363913
0.174185
-0.159116
0.363243
0.182054
-0.164362
0.36235
0.190481
-0.171115
0.361848
0.195783
-0.176752
0.358499
0.201923
-0.18624
0.354034
0.202592
-0.193718
0.353867
0.203988
-0.200471
0.344435
0.198741
-0.213364
0.341086
0.195058
-0.221679
0.335003
0.187189
-0.234739
0.331877
0.182221
-0.242106
0.329533
0.17145
-0.249585
0.327357
0.161683
-0.252989
0.32345
0.150242
-0.253938
0.320492
0.137573
-0.255836
0.318483
0.128253
-0.256952
0.316864
0.113965
-0.258403
0.315804
0.103696
-0.259017
0.315246
0.090748
-0.260021
0.315804
0.0787487
-0.260691
0.316697
0.068926
-0.257231
0.316753
0.0598847
-0.251538
0.317143
0.0527968
-0.245511
0.318427
0.0491691
-0.241492
0.318762
0.0472157
-0.238478
0.319208
0.0455414
-0.23513
0.320548
0.0457088
-0.232116
0.319767
0.0467134
-0.225977
0.313404
0.045653
-0.218387
0.316027
0.0428625
-0.203653
0.320771
0.0414114
-0.193886
0.32758
0.0426393
-0.186965
0.329087
0.0504527
-0.184063
0.328306
0.05715
-0.177422
0.327524
0.0593824
-0.165311
0.323952
0.0618939
-0.153423
0.322055
0.0658564
-0.144103
0.319264
0.0721072
-0.137852
0.31519
0.0816508
-0.134169
0.312511
0.0928688
-0.132829
0.309107
0.105984
-0.132941
0.304698
0.1143
-0.133889
0.30107
0.126411
-0.134001
0.29867
0.134113
-0.135062
0.295712
0.146112
-0.137685
0.292587
0.154651
-0.13975
0.289964
0.164418
-0.141591
0.289127
0.171394
-0.144438
0.28801
0.17664
-0.147061
0.287843
0.181328
-0.1508
0.286783
0.185961
-0.155767
0.287006
0.190426
-0.159897
0.28349
0.194556
-0.166594
0.278188
0.195839
-0.178538
0.271602
0.19277
-0.186965
0.265519
0.185458
-0.193384
0.258431
0.176808
-0.200025
0.251622
0.165925
-0.208452
0.245036
0.156549
-0.213978
0.239455
0.147061
-0.217773
0.234488
0.136903
-0.222126
0.230079
0.128253
-0.227093
0.225837
0.120272
-0.231837
0.221875
0.112514
-0.235576
0.219363
0.105594
-0.238311
0.218694
0.0992312
-0.239874
0.217745
0.0952128
-0.239874
0.217912
0.093371
-0.239874
0.216796
0.0913619
-0.240655
0.217075
0.0891853
-0.241157
0.218917
0.0863947
-0.241548
0.220201
0.0853901
-0.241883
0.220703
0.0841623
-0.242608
0.222489
0.0781906
-0.240041
0.231977
0.0687586
-0.235576
0.243306
0.0623962
-0.232172
0.250673
0.0567035
-0.229939
0.264179
0.0514015
-0.22687
0.276681
0.048611
-0.224637
0.286727
0.0478296
-0.220787
0.294875
0.0529084
-0.21621
0.305367
0.0577081
-0.210964
0.313181
0.0607777
-0.203429
0.319655
0.0619497
-0.194444
0.323785
0.0618939
-0.183282
0.325236
0.0601638
-0.170724
0.323952
0.061559
-0.160958
0.323562
0.067754
-0.154484
0.319599
0.0788603
-0.155377
0.317367
0.0867854
-0.159004
0.314967
0.0981707
-0.172287
0.314688
0.103975
-0.182556
0.315023
0.113407
-0.198295
0.314074
0.121388
-0.212248
0.308046
0.128308
-0.226702
0.298168
0.130652
-0.238534
0.291582
0.129704
-0.244004
0.280364
0.125016
-0.251594
0.268421
0.121109
-0.258514
0.259324
0.118876
-0.259519
0.248943
0.115249
-0.260803
0.238785
0.110617
-0.262868
0.230916
0.105315
-0.263482
0.223996
0.0982824
-0.263705
0.217633
0.0942082
-0.260189
0.213726
0.0874551
-0.252543
0.211048
0.0832135
-0.247408
0.211103
0.0796416
-0.242664
0.207532
0.0785813
-0.238088
0.203681
0.0789161
-0.230386
0.20089
0.0783022
-0.224693
0.200165
0.0765721
-0.217494
0.199662
0.0752884
-0.211745
0.197541
0.0748978
-0.20555
0.196369
0.0755117
-0.196062
0.195309
0.0749536
-0.188695
0.195253
0.0748978
-0.185068
0.194528
0.0750094
-0.18278
0.193746
0.0747861
-0.178036
0.190398
0.0732792
-0.169999
0.187384
0.0714933
-0.160734
0.1837
0.0709352
-0.151358
0.180519
0.0734467
-0.143098
0.179849
0.0761814
-0.133387
0.179682
0.0791394
-0.124234
0.18158
0.0841623
-0.116086
0.184314
0.0919758
-0.111789
0.185151
0.101575
-0.113184
0.186826
0.109835
-0.111789
0.187161
0.120607
-0.109333
0.186212
0.130039
-0.108663
0.1861
0.140754
-0.108663
0.186937
0.151693
-0.108663
0.186937
0.160511
-0.108217
0.190677
0.169887
-0.107212
0.194751
0.179208
-0.108328
0.200667
0.184565
-0.110003
0.206862
0.185961
-0.112068
0.21155
0.185291
-0.113965
0.215568
0.181273
-0.115807
0.219084
0.17731
-0.117593
0.223326
0.174129
-0.120048
0.226284
0.170501
-0.123676
0.229521
0.168771
-0.127639
0.225056
0.164083
-0.132383
0.222321
0.15733
-0.133443
0.215345
0.15214
-0.133331
0.207532
0.149349
-0.133666
0.200667
0.14801
-0.133108
0.192128
0.146558
-0.133052
0.185096
0.145163
-0.133052
0.177729
0.145219
-0.134894
0.170808
0.147117
-0.137573
0.168185
0.150912
-0.141647
0.168464
0.157944
-0.149293
0.170083
0.163413
-0.157051
0.174827
0.169441
-0.166706
0.180129
0.172008
-0.173627
0.187272
0.17318
-0.178873
0.193635
0.175357
-0.184119
0.201895
0.177924
-0.18864
0.208369
0.181273
-0.193774
0.215233
0.184342
-0.197346
0.221931
0.1873
-0.199634
0.228628
0.190481
-0.200416
0.235883
0.192658
-0.201476
0.243306
0.196732
-0.202369
0.252068
0.199299
-0.202313
0.259826
0.202816
-0.201476
0.266579
0.20449
-0.200248
0.275676
0.205327
-0.198797
0.28282
0.206164
-0.197625
0.291192
0.205662
-0.195504
0.300624
0.202927
-0.193104
