0.334724
0.183617
-0.167655
0.334612
0.183561
-0.167655
0.334389
0.183561
-0.167711
0.33065
0.18144
-0.167432
0.331152
0.180268
-0.164529
0.329422
0.179152
-0.164809
0.328027
0.178091
-0.16492
0.325571
0.176808
-0.165199
0.324566
0.175133
-0.164529
0.323841
0.173906
-0.164418
0.323394
0.172845
-0.164195
0.322445
0.171617
-0.163971
0.322334
0.170613
-0.163637
0.322557
0.170111
-0.163302
0.322669
0.170055
-0.163302
0.322613
0.169943
-0.163302
0.322278
0.169776
-0.163302
0.320548
0.16838
-0.162409
0.320883
0.164474
-0.160567
0.321385
0.161237
-0.157553
0.32105
0.15906
-0.1556
0.31999
0.156381
-0.155767
0.318204
0.153256
-0.156995
0.317757
0.148233
-0.160176
0.316418
0.144717
-0.161795
0.317813
0.143991
-0.162576
0.31653
0.142987
-0.161516
0.315804
0.141368
-0.159507
0.313348
0.13975
-0.157832
0.312958
0.138689
-0.157051
0.311395
0.136903
-0.157888
0.309497
0.136903
-0.157553
0.306484
0.135508
-0.157218
0.302019
0.132606
-0.156214
0.297219
0.128197
-0.153981
0.295321
0.124848
-0.152921
0.293647
0.122783
-0.151916
0.293703
0.121723
-0.151749
0.293033
0.121221
-0.151637
0.290633
0.119546
-0.152809
0.286783
0.117537
-0.1532
0.282932
0.114746
-0.152474
0.278802
0.109165
-0.15147
0.269704
0.10297
-0.15147
0.260161
0.0991753
-0.150633
0.256756
0.0952686
-0.1508
0.249445
0.0912502
-0.149796
0.240404
0.0885713
-0.149963
0.231586
0.086618
-0.150409
0.223493
0.0844972
-0.150521
0.214508
0.0830461
-0.151749
0.205801
0.0820973
-0.153312
0.198546
0.0814276
-0.154316
0.189895
0.0805904
-0.154986
0.181747
0.0800881
-0.154372
0.175161
0.0801439
-0.153256
0.171924
0.0790835
-0.147786
0.169413
0.0784138
-0.143489
0.16679
0.077465
-0.138912
0.164948
0.0761256
-0.135341
0.163888
0.0756791
-0.129815
0.164836
0.0756791
-0.127862
0.164334
0.0761256
-0.126299
0.163497
0.0764605
-0.125853
0.16545
0.076014
-0.126188
0.163274
0.0761814
-0.125853
0.163553
0.0750094
-0.125964
0.164278
0.0743397
-0.125574
0.164167
0.0740048
-0.125127
0.166511
0.0736699
-0.124011
0.165618
0.0736141
-0.124011
0.166232
0.0733351
-0.122895
0.166567
0.0730002
-0.121946
0.166399
0.0727211
-0.1215
0.167236
0.0723863
-0.121276
0.167404
0.0720514
-0.121053
0.167013
0.071884
-0.120662
0.168073
0.0718282
-0.120495
0.168576
0.0717166
-0.120495
0.168576
0.0717166
-0.120495
0.168743
0.0713817
-0.119881
0.168966
0.0714933
-0.119658
0.168911
0.071884
-0.119267
0.168632
0.071884
-0.1191
0.169078
0.0717166
-0.118876
0.170083
0.0716049
-0.118709
0.170529
0.0714375
-0.118653
0.170585
0.0713817
-0.118095
0.171031
0.0713817
-0.117537
0.17131
0.0712143
-0.117202
0.172427
0.0711584
-0.116979
0.17265
0.0712143
-0.117146
0.173152
0.0706562
-0.117258
0.174045
0.0692609
-0.115472
0.175887
0.0692609
-0.115584
0.177896
0.070098
-0.118653
0.181356
0.0708794
-0.120383
0.183979
0.0721072
-0.122393
0.183086
0.0736141
-0.124681
0.182361
0.0741722
-0.124569
0.182919
0.0744513
-0.125127
0.185542
0.073056
-0.127304
0.186324
0.0713259
-0.129592
0.1861
0.0699864
-0.131155
0.18744
0.0670285
-0.13255
0.187998
0.0653542
-0.132717
0.186156
0.0640705
-0.132717
0.186044
0.0640705
-0.133331
0.186044
0.0654658
-0.134838
0.185989
0.0673075
-0.136457
0.187663
0.0708794
-0.137406
0.188165
0.0748978
-0.138912
0.1885
0.0791394
-0.138912
0.18917
0.0827112
-0.13841
0.190565
0.0849437
-0.137908
0.190398
0.0865622
-0.136847
0.19196
0.0885155
-0.135285
0.194304
0.091027
-0.13361
0.194304
0.0939291
-0.134001
0.196425
0.10124
-0.134894
0.196481
0.108496
-0.137406
0.198993
0.1143
-0.138299
0.199551
0.115472
-0.137852
0.200053
0.119044
-0.136847
0.200332
0.121555
-0.137294
0.200778
0.123062
-0.137573
0.20022
0.124234
-0.137406
0.200109
0.125016
-0.137573
0.200276
0.125071
-0.137461
0.201225
0.125016
-0.137071
0.201169
0.125016
-0.137071
0.201225
0.124848
-0.137015
0.201504
0.124067
-0.136513
0.201671
0.123955
-0.136234
0.201671
0.124123
-0.136066
0.201727
0.124123
-0.135675
0.20195
0.124123
-0.135341
0.202006
0.124178
-0.135062
0.202955
0.124402
-0.13495
0.202843
0.125183
-0.135843
0.204127
0.125797
-0.136513
0.205578
0.125964
-0.136959
0.206471
0.125909
-0.137127
0.205243
0.126243
-0.138019
0.207029
0.126746
-0.137964
0.207197
0.127415
-0.137964
0.206862
0.12775
-0.137406
0.208201
0.126634
-0.136457
0.208313
0.12535
-0.135843
0.208983
0.124625
-0.13562
0.210992
0.124681
-0.136736
0.211717
0.125574
-0.138912
0.212889
0.126076
-0.14081
0.21261
0.126411
-0.141926
0.212778
0.125964
-0.142373
0.21395
0.125574
-0.142429
0.213894
0.125016
-0.142038
0.214954
0.125016
-0.141759
0.215847
0.12496
-0.141033
0.217075
0.124569
-0.141201
0.218191
0.124123
-0.141703
0.219084
0.124123
-0.142317
0.219642
0.124067
-0.143601
0.221317
0.123453
-0.143321
0.224498
0.121388
-0.141759
0.23086
0.119323
-0.140754
0.230079
0.117593
-0.140475
0.228963
0.113519
-0.139359
0.229242
0.11123
-0.138187
0.231139
0.107435
-0.136568
0.22673
0.10431
-0.138075
0.228963
0.0997334
-0.135787
0.22327
0.0947663
-0.133331
0.220256
0.0911386
-0.130987
0.215903
0.0867296
-0.12948
0.211048
0.0831577
-0.128029
0.207141
0.0801439
-0.126467
0.202174
0.0785813
-0.124904
0.198155
0.0774092
-0.122839
0.200778
0.0765721
-0.11949
0.199662
0.0747303
-0.118988
0.199495
0.0738374
-0.118374
0.199383
0.0731118
-0.118542
0.201839
0.0690376
-0.121276
0.203513
0.0669727
-0.122616
0.205299
0.0637915
-0.124458
0.207643
0.0616707
-0.124625
0.209038
0.059494
-0.124848
0.212554
0.0584336
-0.125406
0.214285
0.0582662
-0.126355
0.216238
0.0586569
-0.126634
0.220982
0.0587127
-0.127136
0.226172
0.0600521
-0.12842
0.231028
0.0608893
-0.129146
0.23566
0.0614474
-0.128029
0.240125
0.0615032
-0.126299
0.241297
0.0606661
-0.12362
0.243083
0.0625636
-0.125406
0.245706
0.0675866
-0.130094
0.249836
0.0734467
-0.136122
0.254245
0.0772976
-0.141089
0.256589
0.0793068
-0.143545
0.256366
0.080423
-0.146112
0.258375
0.0814276
-0.14734
0.262393
0.0834368
-0.15147
0.26524
0.0847204
-0.155209
0.264235
0.0851111
-0.156046
0.266523
0.0865063
-0.157888
0.268644
0.0885155
-0.160846
0.271825
0.0904689
-0.163581
0.272495
0.0918083
-0.165311
0.274895
0.0935385
-0.166818
0.278411
0.0945989
-0.168771
0.282039
0.0953244
-0.171283
0.286503
0.0962732
-0.172399
0.291861
0.0971104
-0.173403
0.297107
0.0978917
-0.174687
0.300512
0.099566
-0.176975
0.303526
0.101352
-0.179263
0.306707
0.103361
-0.181328
0.307823
0.104756
-0.183393
0.311786
0.106877
-0.181942
0.319041
0.1095
-0.180324
0.320213
0.113574
-0.180324
0.322445
0.118374
-0.180826
0.325124
0.123174
-0.181328
0.32652
0.127527
-0.182221
0.326241
0.129983
-0.183338
0.326185
0.131713
-0.184063
0.326408
0.132885
-0.184956
0.328194
0.134838
-0.186072
0.329143
0.135173
-0.187356
0.330538
0.136066
-0.186798
0.331822
0.136792
-0.186184
0.331766
0.136847
-0.185961
0.331989
0.136847
-0.185626
0.334054
0.138131
-0.18451
0.333887
0.138633
-0.184342
0.334445
0.139415
-0.184175
0.336286
0.14254
-0.18317
0.337793
0.144828
-0.184007
0.339244
0.146838
-0.184565
0.339356
0.148512
-0.185124
0.339077
0.150186
-0.185738
0.338742
0.151023
-0.185738
0.33891
0.151414
-0.185514
0.339579
0.152028
-0.184789
0.340695
0.152642
-0.184565
0.342035
0.153367
-0.18451
0.34276
0.154037
-0.184733
0.342928
0.154484
-0.184845
0.342984
0.154874
-0.185068
0.343486
0.155098
-0.184733
0.344546
0.155879
-0.184621
0.345495
0.156995
-0.184789
0.345942
0.158055
-0.184956
0.347783
0.164139
-0.185626
0.349234
0.167487
-0.186854
0.348788
0.171283
-0.188528
0.346835
0.174129
-0.189923
0.346835
0.177924
-0.190649
0.34477
0.180826
-0.19143
0.342537
0.184231
-0.190705
0.339244
0.187635
-0.188695
0.337682
0.18903
-0.185012
0.334947
0.191263
-0.179543
0.331877
0.193049
-0.176975
0.329422
0.195839
-0.173961
0.32758
0.19863
-0.172901
0.32451
0.202034
-0.17145
0.320604
0.205885
-0.171841
0.320715
0.207615
-0.171115
0.31999
0.207504
-0.170948
0.316306
0.207225
-0.169552
0.313013
0.207838
-0.165869
0.310167
0.208508
-0.163357
0.306149
0.209569
-0.158948
0.302633
0.209401
-0.156493
0.305367
0.209903
-0.154484
0.305256
0.209736
-0.154539
0.304195
0.209792
-0.154707
0.304307
0.209903
-0.154763
0.304921
0.209624
-0.154707
0.305702
0.209401
-0.154707
0.305702
0.208955
-0.153925
0.305926
0.208676
-0.153479
0.305814
0.208062
-0.152195
0.306037
0.207559
-0.151526
0.305702
0.207001
-0.1508
0.303972
0.206778
-0.150298
0.299619
0.205829
-0.152865
0.296549
0.202816
-0.156158
0.293591
0.200192
-0.15839
0.28974
0.195616
-0.161069
0.287452
0.192937
-0.16213
0.284048
0.190649
-0.16386
0.281257
0.189142
-0.166371
0.278188
0.18864
-0.16838
0.276513
0.187579
-0.170836
0.275118
0.186128
-0.172566
0.271825
0.184007
-0.174408
0.269537
0.182556
-0.175301
0.268309
0.177143
-0.173124
0.267081
0.173794
-0.170892
0.26457
0.172176
-0.171338
0.261277
0.170501
-0.173961
0.25938
0.170613
-0.17865
0.25804
0.172008
-0.182333
0.257035
0.17318
-0.185179
0.252738
0.173013
-0.188919
0.250282
0.17212
-0.19104
0.248664
0.169552
-0.192993
0.24911
0.168492
-0.193104
0.248831
0.167822
-0.193216
0.248608
0.167487
-0.193439
0.248273
0.167208
-0.194221
0.247938
0.167376
-0.194946
0.248329
0.167041
-0.195337
0.249055
0.16665
-0.195839
0.249836
0.166483
-0.196118
0.250003
0.166315
-0.195839
0.250059
0.165813
-0.194109
0.250673
0.164976
-0.192491
0.250952
0.163692
-0.191151
0.249724
0.162799
-0.191653
0.246041
0.161069
-0.194053
0.244143
0.158948
-0.194779
0.240795
0.156828
-0.1945
0.236162
0.153033
-0.194556
0.230302
0.150019
-0.193997
0.2274
0.146335
-0.191932
0.222656
0.141982
-0.189309
0.217243
0.137852
-0.187133
0.207476
0.132941
-0.184175
0.200109
0.126299
-0.180659
0.192909
0.121555
-0.175636
0.1837
0.118653
-0.173348
0.175552
0.118039
-0.173906
0.165506
0.117146
-0.174185
0.158028
0.117258
-0.173794
0.15027
0.11776
-0.172901
0.142959
0.119323
-0.171896
0.13548
0.121332
-0.170613
0.128671
0.123006
-0.168157
0.123258
0.124513
-0.164027
0.122141
0.125741
-0.159562
0.119351
0.126857
-0.157553
0.119909
0.128587
-0.1556
0.119574
0.131657
-0.155935
0.11896
0.134615
-0.156493
0.120969
0.137908
-0.156493
0.123034
0.140977
-0.155377
0.119518
0.144159
-0.15627
0.120467
0.146224
-0.15599
0.122476
0.148512
-0.155823
0.124653
0.150688
-0.155432
0.125657
0.152028
-0.1556
0.127164
0.153479
-0.155488
0.129174
0.154595
-0.156939
0.125602
0.156046
-0.158335
0.129229
0.15666
-0.157386
0.132913
0.156828
-0.155265
0.130457
0.158111
-0.153758
0.132299
0.159507
-0.15013
0.132913
0.160679
-0.145331
0.137154
0.16386
-0.13908
0.136261
0.168101
-0.134224
0.135927
0.172008
-0.128699
0.136931
0.175692
-0.122895
0.137322
0.181328
-0.117258
0.137936
0.185905
-0.111844
0.140391
0.189421
-0.106542
0.14508
0.193384
-0.10191
0.148875
0.19902
-0.0993428
0.153786
0.204657
-0.102077
0.159925
0.210573
-0.105482
0.166734
0.214759
-0.108831
0.171869
0.217438
-0.111956
0.177115
0.219224
-0.114635
0.183086
0.219949
-0.116477
0.189393
0.220619
-0.118876
0.195644
0.219615
-0.121388
0.200388
0.218554
-0.124011
0.20435
0.217215
-0.12563
0.207476
0.21621
-0.126634
0.212834
0.213978
-0.128587
0.221149
0.213754
-0.132662
0.22634
0.214089
-0.134838
0.232702
0.211857
-0.136736
0.237334
0.207727
-0.138187
0.238841
0.204434
-0.142205
0.238506
0.199299
-0.149405
0.237613
0.194444
-0.154539
0.236609
0.189309
-0.158167
0.237558
0.184565
-0.161795
0.238562
0.180994
-0.16559
0.24046
0.177533
-0.170501
0.241464
0.175245
-0.174743
0.24325
0.172343
-0.17971
0.243418
0.169385
-0.184063
0.243753
0.166706
-0.187635
0.243362
0.163971
-0.189867
0.242804
0.161237
-0.191653
0.243808
0.158446
-0.191653
0.245036
0.156939
-0.191542
0.244478
0.156325
-0.191095
0.243808
0.155935
-0.19076
0.241185
0.155153
-0.190202
0.240627
0.153814
-0.187635
0.23912
0.15253
-0.18317
0.237334
0.150744
-0.17865
0.236609
0.150075
-0.175189
0.235381
0.150521
-0.172957
0.233428
0.153144
-0.17039
0.228795
0.156046
-0.168939
0.227009
0.158669
-0.167487
0.228014
0.161125
-0.165088
0.223828
0.164083
-0.162297
0.2226
0.166204
-0.159116
0.22154
0.168883
-0.154037
0.218303
0.171562
-0.148679
0.216015
0.17452
-0.144828
0.215122
0.181608
-0.141145
0.213894
0.188026
-0.14388
0.217298
0.195393
-0.148121
0.217522
0.200695
-0.151135
0.217912
0.205606
-0.155488
0.218024
0.210964
-0.159116
0.219531
0.21515
-0.162576
0.218359
0.217382
-0.163748
0.218917
0.218442
-0.162688
0.218526
0.218777
-0.161516
0.221484
0.219335
-0.158948
0.222042
0.219447
-0.158837
0.222042
0.219949
-0.159507
0.221428
0.222572
-0.158837
0.222042
0.226144
-0.159339
0.224721
0.230274
-0.159953
0.226284
0.235186
-0.16079
0.226954
0.240934
-0.161237
0.227177
0.246683
-0.161125
0.226842
0.254664
-0.160176
0.228126
0.259686
-0.159227
0.231753
0.265491
-0.157163
0.236497
0.268225
-0.156604
0.239902
0.270123
-0.156437
0.244311
0.270067
-0.156437
0.252068
0.269565
-0.155488
0.255975
0.268281
-0.154205
0.262337
0.267835
-0.153758
0.266244
0.267667
-0.1532
0.269314
0.2675
-0.153033
0.275844
0.267556
-0.153423
0.280197
0.268449
-0.154539
0.284215
0.271574
-0.155153
0.286671
0.273137
-0.1556
0.290801
0.274979
-0.155767
0.293145
0.275816
-0.155767
0.293982
0.276318
-0.1556
0.296159
0.277211
-0.155377
0.295768
0.280002
-0.151079
0.29454
0.280504
-0.147786
0.293145
0.281285
-0.145163
0.293536
0.281397
-0.14321
0.294373
0.281453
-0.141815
0.294205
0.282178
-0.141145
0.294652
0.282736
-0.141089
0.297945
0.285806
-0.137629
0.299507
0.285862
-0.137461
0.298447
0.28575
-0.137238
0.294875
0.285304
-0.138522
0.289685
0.281955
-0.144326
0.286224
0.277267
-0.148735
0.282764
0.269788
-0.153702
0.278188
0.262421
-0.158781
0.273723
0.254943
-0.16213
0.268923
0.245008
-0.163469
0.265295
0.237809
-0.164474
0.261556
0.230553
-0.164864
0.26284
0.228712
-0.164641
0.262282
0.224079
-0.163971
0.257761
0.219838
-0.165478
0.256868
0.218275
-0.165869
0.253464
0.216043
-0.165981
0.251957
0.214201
-0.16665
0.250896
0.212917
-0.167041
0.249836
0.211299
-0.167766
0.247548
0.208787
-0.169831
0.248496
0.207169
-0.17078
0.246599
0.205606
-0.17385
0.242413
0.201253
-0.177254
0.235381
0.192212
-0.18038
0.229409
0.187356
-0.182221
0.223493
0.185012
-0.183003
0.216126
0.182221
-0.182947
0.208759
0.178984
-0.184063
0.203513
0.176975
-0.185068
0.195979
0.174185
-0.187802
0.190677
0.172231
-0.19076
0.184649
0.171338
-0.193718
0.177896
0.170166
-0.197737
0.174827
0.168994
-0.197346
0.172873
0.167878
-0.192435
0.166455
0.166594
-0.189812
0.167069
0.166036
-0.184119
0.167125
0.165534
-0.180938
0.164557
0.164864
-0.17971
0.166343
0.165478
-0.177645
0.165729
0.165925
-0.17625
0.167515
0.165199
-0.174408
0.169971
0.165422
-0.170557
0.170808
0.164474
-0.16559
0.17371
0.164083
-0.163302
0.177226
0.163804
-0.160065
0.181691
0.163246
-0.159618
0.187886
0.161516
-0.158893
0.19263
0.159953
-0.158446
0.199885
0.158
-0.157386
0.205187
0.156046
-0.155265
0.209262
0.15493
-0.153367
0.216071
0.154093
-0.151526
0.222265
0.153479
-0.150912
0.22874
0.152698
-0.150465
0.235214
0.152251
-0.150354
0.242469
0.151302
-0.151079
0.250003
0.150186
-0.152698
0.255919
0.149572
-0.154316
0.262337
0.14974
-0.157497
0.270039
0.149907
-0.161683
0.275676
0.150633
-0.166371
0.28455
0.150465
-0.170948
0.290131
0.150354
-0.174854
0.296661
0.150019
-0.177868
0.301237
0.148344
-0.180938
0.303526
0.146614
-0.181273
0.303414
0.143601
-0.179989
0.3052
0.139136
-0.178259
0.3028
0.135396
-0.176808
0.3004
0.132941
-0.175747
0.294875
0.128476
-0.173794
0.292475
0.124402
-0.173124
0.289796
0.11776
-0.173794
0.285108
0.113574
-0.173013
0.281815
0.108663
-0.171059
0.274727
0.105035
-0.169385
0.270374
0.101687
-0.167432
0.267919
0.0970545
-0.163637
0.264682
0.095157
-0.160455
0.257426
0.0925339
-0.157721
0.25458
0.0918642
-0.156381
0.251845
0.091027
-0.154316
0.250003
0.0914735
-0.152753
0.24738
0.0920316
-0.151805
0.249334
0.0934827
-0.151247
0.249445
0.0950454
-0.151135
0.248999
0.0962732
-0.150856
0.252124
0.0968313
-0.150521
0.252068
0.0969987
-0.151526
0.252571
0.0975568
-0.152642
0.254412
0.0987289
-0.15599
0.255138
0.0997334
-0.158055
0.257259
0.100292
-0.159618
0.260217
0.100738
-0.16079
0.261054
0.101296
-0.161683
0.263454
0.102022
-0.162632
0.266133
0.102636
-0.163469
0.268756
0.103082
-0.16492
0.269035
0.103529
-0.166483
0.269704
0.103696
-0.167934
0.270039
0.104422
-0.168492
0.270263
0.104924
-0.168883
0.270821
0.105426
-0.169608
0.270876
0.107491
-0.17039
0.272328
0.109165
-0.171506
0.27216
0.110114
-0.171171
0.272383
0.110672
-0.170278
0.272216
0.110505
-0.169441
0.271825
0.110672
-0.169106
0.271769
0.109389
-0.168325
0.273221
0.108328
-0.168325
0.270318
0.107379
-0.168548
0.269704
0.107045
-0.168994
0.265742
0.106989
-0.170892
0.265854
0.107156
-0.172566
0.265965
0.107603
-0.17452
0.265016
0.108161
-0.176194
0.263844
0.109333
-0.178203
0.262505
0.111398
-0.179989
0.261668
0.112849
-0.181719
0.25871
0.114635
-0.18317
0.253854
0.11737
-0.184286
0.250227
0.119323
-0.185235
0.243139
0.120272
-0.184007
0.242525
0.120551
-0.182445
0.242246
0.12083
-0.182389
0.24152
0.121723
-0.183059
0.238841
0.122225
-0.184175
0.231809
0.122895
-0.18663
0.224777
0.123788
-0.189923
0.21847
0.124513
-0.19316
0.213894
0.12496
-0.195616
0.20915
0.124792
-0.197681
0.203011
0.124681
-0.199132
0.197207
0.124458
-0.200806
0.190398
0.125016
-0.202425
0.18504
0.125295
-0.203095
0.180575
0.124625
-0.203708
0.177952
0.124346
-0.204043
0.174045
0.124569
-0.205383
0.171534
0.124904
-0.206611
0.170529
0.125183
-0.207504
0.168297
0.125239
-0.207838
0.162046
0.124737
-0.208397
0.158139
0.124904
-0.208062
0.153563
0.12563
-0.208452
0.149489
0.126076
-0.208676
0.14614
0.126467
-0.20862
0.139387
0.126523
-0.210462
0.131685
0.12669
-0.21314
0.129564
0.127081
-0.21448
0.130904
0.126913
-0.214815
0.131239
0.126746
-0.214982
0.130625
0.12669
-0.214089
0.128783
0.126523
-0.213643
0.12856
0.126578
-0.213252
0.12789
0.126243
-0.209903
0.128671
0.12563
-0.205941
0.126885
0.126578
-0.202202
0.126606
0.127471
-0.199244
0.126048
0.128699
-0.195728
0.12549
0.129592
-0.19277
0.125267
0.129927
-0.188863
0.125602
0.129704
-0.184398
0.12616
0.12948
-0.179877
0.126439
0.129536
-0.176585
0.126718
0.130094
-0.17318
0.127276
0.130597
-0.170111
0.128281
0.131713
-0.167487
0.129564
0.134782
-0.165925
0.127388
0.139694
-0.166539
0.129676
0.141759
-0.167432
0.132243
0.143321
-0.168046
0.132187
0.144438
-0.168269
0.134141
0.14494
-0.168157
0.135815
0.14494
-0.167711
0.135257
0.145219
-0.167487
0.13548
0.147507
-0.16732
0.135034
0.148847
-0.168046
0.135759
0.150186
-0.168325
0.136541
0.151135
-0.168939
0.136596
0.15147
-0.169218
0.137378
0.151749
-0.169385
0.138103
0.152474
-0.169552
0.13855
0.152977
-0.169106
0.139778
0.153758
-0.16838
0.140782
0.154205
-0.168269
0.142345
0.1556
-0.167878
0.142568
0.156995
-0.168715
0.142512
0.157442
-0.169329
0.143405
0.157888
-0.169385
0.144242
0.157944
-0.16905
0.141954
0.160623
-0.167766
0.141898
0.163916
-0.167655
0.140726
0.165311
-0.16732
0.139666
0.167487
-0.166929
0.139722
0.168659
-0.166594
0.137824
0.169999
-0.166539
0.13548
0.17078
-0.165981
0.134922
0.171617
-0.164864
0.131127
0.173013
-0.16386
0.129397
0.172231
-0.161516
0.128113
0.170445
-0.157609
0.128783
0.170724
-0.154037
0.125769
0.171896
-0.152642
0.129174
0.172399
-0.152307
0.129341
0.175747
-0.154093
0.128281
0.178929
-0.153591
0.131629
0.182445
-0.152363
0.134196
0.185961
-0.151358
0.135313
0.191095
-0.149796
0.136652
0.195225
-0.148233
0.139554
0.200806
-0.146391
0.141787
0.204267
-0.146335
0.143908
0.210573
-0.146224
0.148149
0.215429
-0.147507
0.151888
0.219615
-0.148344
0.157749
0.222126
-0.148065
0.164613
0.223186
-0.147619
0.169357
0.225307
-0.146168
0.17505
0.229437
-0.145163
0.180687
0.232842
-0.145666
0.185765
0.235632
-0.146447
0.192072
0.239037
-0.147507
0.196369
0.24099
-0.148233
0.202397
0.24445
-0.149572
0.208983
0.247073
-0.15013
0.214117
0.248971
-0.150409
0.219921
0.250757
-0.150856
0.224219
0.25338
-0.151023
0.228795
0.256729
-0.151749
0.231363
0.260412
-0.153256
0.234042
0.264151
-0.156158
0.236832
0.266942
-0.158502
0.23912
0.269397
-0.160511
0.239232
0.271909
-0.164585
0.239176
0.274755
-0.168771
0.240683
0.277602
-0.173069
0.242525
0.279946
-0.176194
0.243418
0.282122
-0.178761
0.245036
0.284243
-0.180882
0.24632
0.28575
-0.181719
0.246766
0.286643
-0.182333
0.24699
0.287313
-0.183561
0.247883
0.288931
-0.185514
0.248162
0.289378
-0.18624
0.248441
0.28921
-0.187412
0.248608
0.288708
-0.1873
0.248552
0.288317
-0.18691
0.248887
0.28815
-0.186184
0.249055
0.288094
-0.185682
0.249222
0.288317
-0.185291
0.249501
0.288373
-0.185179
0.249389
0.288708
-0.184956
0.249668
0.289043
-0.184565
0.246376
0.289154
-0.184342
0.249334
0.290215
-0.184342
0.249389
0.290159
-0.184342
0.249389
0.290215
-0.184231
0.249222
0.290215
-0.184286
0.249334
0.290494
-0.184845
0.249948
0.290606
-0.184733
0.251175
0.290382
-0.184621
0.256422
0.291219
-0.183505
0.256756
0.291331
-0.184231
0.256366
0.293843
-0.188863
0.260775
0.29747
-0.192267
0.260105
0.299479
-0.195951
0.259603
0.303163
-0.202481
0.26111
0.308409
-0.207169
0.261221
0.310865
-0.209959
0.261612
0.314883
-0.212527
0.262058
0.316836
-0.215652
0.262672
0.31812
-0.218108
0.264068
0.319236
-0.219894
0.263398
0.319348
-0.222461
0.261668
0.318622
-0.223242
0.2615
0.312037
-0.22341
0.261389
0.306791
-0.223242
0.260719
0.298698
-0.222684
0.259435
0.291666
-0.222126
0.258431
0.285359
-0.222517
0.257873
0.281118
-0.223131
0.256422
0.277434
-0.224805
0.254468
0.271574
-0.227093
0.253352
0.264988
-0.228433
0.253519
0.257063
-0.227093
0.25324
0.249362
-0.226758
0.253631
0.24339
-0.226423
0.254803
0.237139
-0.225977
0.255584
0.230888
-0.225698
0.256533
0.224303
-0.224693
0.258207
0.219001
-0.223968
0.258654
0.211634
-0.223354
0.259993
0.206108
-0.223075
0.260886
0.201532
-0.222572
0.262449
0.196062
-0.222517
0.262784
0.192379
-0.221903
0.261668
0.188193
-0.220842
0.261724
0.183338
-0.219056
0.262561
0.178482
-0.217605
0.262561
0.174017
-0.216489
0.262226
0.170278
-0.216043
0.263565
0.16799
-0.215094
0.263789
0.167543
-0.21515
0.263844
0.167376
-0.215094
0.26284
0.16732
-0.214982
0.263454
0.167153
-0.215317
0.263063
0.166929
-0.215261
0.261054
0.166483
-0.215875
0.260831
0.16665
-0.217103
0.259045
0.166762
-0.219391
0.257315
0.165925
-0.220954
0.256756
0.164864
-0.221679
0.252515
0.158669
-0.222405
0.250729
0.153367
-0.220898
0.250785
0.148903
-0.21861
0.25218
0.145498
-0.21621
0.254803
0.143656
-0.213531
0.259045
0.140698
-0.208731
0.261947
0.139024
-0.206053
0.264682
0.136959
-0.202871
0.263844
0.135452
-0.201141
0.26524
0.135173
-0.200304
0.266412
0.134894
-0.199355
0.267863
0.134503
-0.198462
0.269091
0.134448
-0.198127
0.271658
0.135117
-0.196565
0.2735
0.135508
-0.196118
0.276346
0.136066
-0.195281
0.279248
0.137573
-0.193663
0.283769
0.142708
-0.188975
0.288457
0.146949
-0.189142
0.294373
0.15147
-0.188249
0.301349
0.156939
-0.187244
0.306986
0.161572
-0.18663
0.310893
0.168492
-0.186742
0.315246
0.175859
-0.187747
0.321273
0.183114
-0.188751
0.325515
0.189867
-0.190705
0.328752
0.196676
-0.19316
0.33277
0.201699
-0.195393
0.335449
0.207225
-0.197904
0.337124
0.211466
-0.199746
0.338686
0.214201
-0.199858
0.343151
0.215485
-0.194444
0.344546
0.213922
-0.187914
0.346779
0.212582
-0.180603
0.348397
0.210741
-0.173459
0.347728
0.207559
-0.164976
0.347839
0.205048
-0.158167
0.346332
0.201978
-0.150912
0.345105
0.199634
-0.144494
0.344714
0.197179
-0.138299
0.34304
0.194667
-0.131266
0.339133
0.192714
-0.12775
0.338017
0.192044
-0.124011
0.342481
0.192156
-0.122337
0.342147
0.192156
-0.122058
0.341588
0.192156
-0.121444
0.341477
0.192044
-0.121221
0.341588
0.191932
-0.121109
0.340807
0.191095
-0.121667
0.337068
0.188695
-0.121221
0.333496
0.184677
-0.121332
0.330315
0.180603
-0.121834
0.327468
0.176864
-0.122727
0.327245
0.174408
-0.122783
0.327078
0.172678
-0.122225
0.328138
0.172287
-0.121946
0.328082
0.172064
-0.121834
0.328082
0.172008
-0.12189
0.328138
0.171952
-0.121723
0.329199
0.172064
-0.121276
0.330482
0.171841
-0.121276
0.330761
0.171785
-0.121276
0.327692
0.171729
-0.120997
0.326799
0.16905
-0.122393
0.323004
0.166706
-0.123844
0.318874
0.164809
-0.125127
0.315246
0.163134
-0.127081
0.311674
0.161683
-0.127918
0.313572
0.160679
-0.128029
0.312232
0.160009
-0.127471
0.310893
0.159451
-0.127248
0.305256
0.158167
-0.128308
0.298168
0.156214
-0.130206
0.295154
0.15426
-0.132159
0.290522
0.152363
-0.133555
0.287341
0.148568
-0.135229
0.282039
0.14561
-0.136513
0.27696
0.141647
-0.137852
0.272886
0.138912
-0.138968
0.266747
0.134894
-0.141424
0.263119
0.130987
-0.143824
0.259826
0.127304
-0.145945
0.256589
0.123341
-0.148177
0.253185
0.119044
-0.150409
0.249892
0.115751
-0.151191
0.247045
0.112235
-0.152307
0.243529
0.108998
-0.15387
0.240571
0.106263
-0.154818
0.237502
0.102524
-0.15599
0.23499
0.099566
-0.158055
0.231921
0.0962732
-0.161125
0.228684
0.0937059
-0.16386
0.226172
0.0923106
-0.167097
0.22394
0.0916409
-0.170222
0.221986
0.0910828
-0.174296
0.220312
0.0908596
-0.178147
0.216238
0.0903573
-0.18211
0.215401
0.0903015
-0.185961
0.213726
0.0899108
-0.189812
0.212052
0.0900224
-0.192825
0.210155
0.0899108
-0.197402
0.208759
0.0900782
-0.201532
0.206973
0.0896875
-0.205048
0.202676
0.0891294
-0.208899
0.199662
0.088962
-0.209736
0.195644
0.0892411
-0.210685
0.194807
0.0890736
-0.210071
0.193467
0.0885713
-0.209959
0.18917
0.0883481
-0.209848
0.189114
0.0875109
-0.209959
0.184035
0.0864505
-0.208731
0.179291
0.0886272
-0.20901
0.176612
0.0919758
-0.210964
0.173655
0.0935385
-0.211131
0.171534
0.0925339
-0.20968
0.166455
0.0913061
-0.206443
0.159702
0.0900224
-0.201197
0.158586
0.08779
-0.19623
0.156409
0.0858924
-0.192267
0.152558
0.0843297
-0.187356
0.149098
0.0809811
-0.181608
0.148428
0.0786929
-0.17664
0.148261
0.0775208
-0.172399
0.146028
0.0756233
-0.168771
0.145414
0.0740606
-0.166594
0.144633
0.0728328
-0.16626
0.147312
0.072163
-0.16559
0.146921
0.073056
-0.165981
0.1472
0.0788045
-0.16905
0.148428
0.082488
-0.172008
0.148261
0.0866738
-0.173627
0.149321
0.0908596
-0.176417
0.147591
0.0956593
-0.179375
0.146196
0.0985056
-0.182333
0.147926
0.100905
-0.183114
0.149321
0.102412
-0.183282
0.150716
0.103584
-0.183673
0.151888
0.104812
-0.183896
0.152893
0.107714
-0.184565
0.154121
0.110003
-0.185012
0.154902
0.113463
-0.185347
0.158083
0.114802
-0.185403
0.158251
0.1167
-0.18384
0.158641
0.119156
-0.184063
0.159981
0.120439
-0.1849
0.159032
0.121779
-0.185514
0.162213
0.125071
-0.187858
0.163888
0.129815
-0.193663
0.163609
0.133052
-0.197569
0.164836
0.137182
-0.201644
0.164613
0.140922
-0.204267
0.16545
0.14187
-0.204769
0.167404
0.142819
-0.204769
0.168018
0.142987
-0.204769
0.168185
0.143266
-0.204546
0.168018
0.144326
-0.203932
0.168855
0.149572
-0.205327
0.170418
0.15387
-0.206555
0.169971
0.158279
-0.208955
0.17092
0.161627
-0.20968
0.170808
0.164474
-0.209903
0.171701
0.166594
-0.209569
0.172036
0.167264
-0.209513
0.171422
0.167543
-0.209178
0.171478
0.167208
-0.207671
0.172985
0.166092
-0.205941
0.173096
0.165869
-0.20555
0.173375
0.165981
-0.205439
0.173487
0.166092
-0.20516
0.173655
0.166371
-0.204992
0.173543
0.166594
-0.204657
0.173487
0.16665
-0.204546
0.173878
0.16665
-0.204155
0.174547
0.166594
-0.203932
0.174268
0.166539
-0.203708
0.174101
0.166036
-0.202983
0.175943
0.165088
-0.199913
0.175999
0.162409
-0.195058
0.176054
0.162297
-0.191542
0.175887
0.162744
-0.189254
0.175999
0.163637
-0.187244
0.176389
0.164139
-0.186742
0.176445
0.165199
-0.186017
0.177171
0.165478
-0.185403
0.179012
0.165534
-0.184733
0.180352
0.165422
-0.184621
0.180519
0.16559
-0.184286
0.180966
0.166483
-0.181719
0.180687
0.165813
-0.176529
0.180854
0.164641
-0.171952
0.182194
0.164195
-0.167711
0.181245
0.165702
-0.162576
0.181859
0.168157
-0.158893
0.180798
0.172343
-0.154707
0.182138
0.176026
-0.150633
0.184649
0.179766
-0.148177
0.186379
0.184789
-0.148065
0.187775
0.189979
-0.148791
0.189561
0.195504
-0.148958
0.190509
0.200025
-0.148903
0.192518
0.204267
-0.14801
0.193746
0.208731
-0.147451
0.195421
0.213699
-0.146893
0.197151
0.218387
-0.146335
0.198881
0.222517
-0.146391
0.20022
0.227205
-0.145945
0.201225
0.230888
-0.14561
0.202676
0.234181
-0.145666
0.203234
0.238088
-0.146112
0.204295
0.240823
-0.146726
0.204239
0.24378
-0.14801
0.205132
0.245678
-0.14907
0.206192
0.248803
-0.149628
0.206694
0.251036
-0.150577
0.207252
0.252989
-0.151191
0.208313
0.255724
-0.151805
0.209262
0.257845
-0.152307
