0.198658
0.0422486
-0.124234
0.198658
0.0422486
-0.124234
0.198658
0.0422486
-0.124234
0.198155
0.0421928
-0.124792
0.197374
0.0420812
-0.125183
0.19676
0.0419695
-0.12563
0.196258
0.0419695
-0.126076
0.1957
0.0420812
-0.126411
0.195421
0.042137
-0.126746
0.195476
0.0425276
-0.126913
0.198993
0.0484436
-0.128867
0.200444
0.0577639
-0.13015
0.201392
0.0650751
-0.130932
0.205522
0.0708236
-0.130876
0.209206
0.0752884
-0.131378
0.213615
0.0803672
-0.13149
0.218805
0.0841623
-0.131322
0.223493
0.0904131
-0.130764
0.229298
0.0953802
-0.131043
0.234544
0.099566
-0.132271
0.235604
0.102189
-0.133052
0.238618
0.103696
-0.134224
0.238339
0.103026
-0.134615
0.235102
0.100738
-0.132438
0.229521
0.0978917
-0.129536
0.224665
0.0959941
-0.127136
0.223103
0.0945989
-0.12189
0.223661
0.095157
-0.113854
0.22221
0.0957709
-0.109221
0.222768
0.0957151
-0.107435
0.221875
0.0952128
-0.107045
0.220703
0.0950454
-0.106821
0.218582
0.0958267
-0.10431
0.218861
0.0945431
-0.0916967
0.221205
0.0943198
-0.0819857
0.225335
0.0959941
-0.0758465
0.233986
0.101408
-0.0720514
0.241409
0.107491
-0.0716607
0.248496
0.1143
-0.0755675
0.254524
0.119379
-0.0812043
0.262226
0.122895
-0.0914735
0.267249
0.124346
-0.0997893
0.273109
0.125406
-0.105091
0.276458
0.129034
-0.112012
0.280755
0.133331
-0.115807
0.28522
0.138243
-0.1167
0.290466
0.142763
-0.115528
0.294038
0.147507
-0.113016
0.293145
0.1484
-0.112235
0.293703
0.149963
-0.111565
0.293926
0.150688
-0.111509
0.293815
0.150856
-0.111509
0.293312
0.1508
-0.112068
0.290075
0.150744
-0.112291
0.292029
0.153367
-0.108272
0.292308
0.15426
-0.102691
0.294149
0.153591
-0.0987289
0.298168
0.153423
-0.0957709
0.298726
0.153088
-0.0946547
0.3004
0.152698
-0.0906363
0.301237
0.152809
-0.085725
0.300289
0.15214
-0.0817624
0.302912
0.153312
-0.0752326
0.305423
0.155432
-0.0713817
0.306037
0.157609
-0.0682563
0.309274
0.160567
-0.0649635
0.314241
0.162018
-0.0611125
0.32038
0.161851
-0.0586569
0.325459
0.161906
-0.0569268
0.330482
0.16252
-0.0549176
0.334389
0.162911
-0.0521271
0.338854
0.16079
-0.045653
0.342984
0.157721
-0.0409091
0.345718
0.154707
-0.0374489
0.347449
0.150465
-0.0329282
0.349179
0.145554
-0.025338
0.349681
0.141926
-0.0208173
0.349234
0.137238
-0.0201476
0.347449
0.132494
-0.02238
0.34929
0.127974
-0.0276262
0.348342
0.12496
-0.0371698
0.34929
0.122393
-0.0483877
0.351634
0.119993
-0.063624
0.352416
0.118151
-0.071884
0.34756
0.1143
-0.0813718
0.346109
0.113128
-0.084553
0.345774
0.112961
-0.0860041
0.345663
0.112905
-0.0865622
0.345663
0.112961
-0.0867854
0.345607
0.113295
-0.0875109
0.345495
0.11363
-0.0879016
0.345607
0.114244
-0.088069
0.346444
0.115807
-0.0882365
0.348118
0.116923
-0.0889062
0.349514
0.117425
-0.0909154
0.352081
0.118207
-0.0943756
0.354257
0.117481
-0.0999567
0.353923
0.114579
-0.104589
0.35303
0.109221
-0.110003
0.354648
0.10431
-0.111398
0.354704
0.100068
-0.112681
0.356434
0.0951012
-0.115305
0.357829
0.0914735
-0.117649
0.358164
0.0843297
-0.120328
0.358722
0.0766837
-0.120495
0.354704
0.0663029
-0.118876
0.353085
0.059215
-0.118263
0.347895
0.05302
-0.119825
0.347393
0.0498946
-0.122393
0.343598
0.047718
-0.126523
0.336063
0.0490575
-0.133666
0.328975
0.0534107
-0.139917
0.319097
0.060108
-0.145107
0.309776
0.0681447
-0.148568
0.301014
0.0758465
-0.151637
0.293982
0.0867296
-0.156102
0.287731
0.0967755
-0.157888
0.282764
0.1071
-0.156939
0.277574
0.117146
-0.15387
0.272551
0.127583
-0.151135
0.271546
0.137182
-0.149796
0.273723
0.145275
-0.148623
0.276848
0.150075
-0.148121
0.27936
0.153814
-0.147731
0.282485
0.154372
-0.14667
0.282876
0.152921
-0.14667
0.289629
0.153088
-0.147005
0.294596
0.152921
-0.14667
0.295991
0.15253
-0.146391
0.299005
0.151079
-0.14388
0.301684
0.149963
-0.139973
0.3076
0.149796
-0.134503
0.314855
0.151358
-0.127527
0.323506
0.152363
-0.123006
0.328027
0.152028
-0.122616
0.331822
0.151693
-0.12323
0.337124
0.147117
-0.115249
0.346221
0.144159
-0.106375
0.347783
0.140252
-0.099287
0.35889
0.141536
-0.0891294
0.365364
0.14494
-0.0867854
0.368991
0.152195
-0.0819299
0.370052
0.159562
-0.0753442
0.371112
0.165869
-0.0685354
0.367094
0.173961
-0.0604986
0.357718
0.179654
-0.0526293
0.348062
0.181719
-0.0470483
0.339635
0.183449
-0.040351
0.329366
0.184175
-0.0359978
0.318148
0.186017
-0.032705
0.306428
0.188361
-0.0320911
0.297498
0.188919
-0.0317562
0.293257
0.187077
-0.0325375
0.290466
0.183003
-0.0324259
0.288457
0.17865
-0.0326492
0.279639
0.176585
-0.0314213
0.27149
0.176975
-0.0288541
0.262617
0.176808
-0.0269007
0.251566
0.175468
-0.0262868
0.244311
0.171171
-0.0284634
0.238953
0.165925
-0.0353281
0.235325
0.161739
-0.0439787
0.234321
0.15839
-0.0576523
0.236386
0.15666
-0.0678098
0.235827
0.153479
-0.083381
0.236888
0.151247
-0.0945989
0.238785
0.149461
-0.105984
0.243194
0.147675
-0.117983
0.24805
0.146279
-0.129592
0.256812
0.146447
-0.14081
0.264682
0.147731
-0.148512
0.273946
0.14974
-0.157721
0.28215
0.150633
-0.162409
0.291861
0.151302
-0.165311
0.301572
0.151414
-0.165702
0.310167
0.150633
-0.165255
0.315581
0.148679
-0.163357
0.321608
0.143991
-0.154428
0.326017
0.136903
-0.140922
0.328864
0.130652
-0.130485
0.330203
0.125183
-0.122672
0.331096
0.1191
-0.112347
0.331822
0.112012
-0.100626
0.333049
0.1071
-0.0909154
0.328529
0.103975
-0.0832135
0.323171
0.101575
-0.075121
0.317478
0.0991753
-0.0671959
0.311339
0.0962732
-0.0602196
0.302298
0.0936501
-0.0522945
0.291973
0.0915851
-0.0483319
0.282653
0.0901898
-0.0479413
0.271267
0.0882365
-0.0507318
0.261277
0.0858924
-0.0534665
0.251231
0.0834926
-0.0583778
0.244813
0.0816508
-0.0659681
0.238618
0.0809811
-0.081595
0.235158
0.07953
-0.0918642
0.237223
0.076014
-0.104756
0.245371
0.0728886
-0.115193
0.253408
0.0700422
-0.129425
0.262951
0.0691493
-0.143098
0.268309
0.0676424
-0.154874
0.271825
0.0638473
-0.162799
0.27216
0.0575965
-0.163302
0.276737
0.0454298
-0.155767
0.281257
0.0428625
-0.155767
0.282597
0.042416
-0.161683
0.290131
0.0423044
-0.163804
0.297219
0.0417463
-0.166148
0.301516
0.0418021
-0.164864
0.304642
0.0421928
-0.159116
0.30693
0.042137
-0.151191
0.308772
0.043588
-0.141759
0.310055
0.0467134
-0.131657
0.31
0.0502295
-0.123899
0.310614
0.0545269
-0.115639
0.310781
0.0610009
-0.107435
0.31
0.0696516
-0.101798
0.309274
0.0780231
-0.0982824
0.309665
0.0858924
-0.0955477
0.309888
0.0948779
-0.0935943
0.310223
0.104924
-0.0917525
0.31106
0.113463
-0.0889062
0.312567
0.126746
-0.0834368
0.313795
0.136178
-0.0798091
0.31999
0.147619
-0.0756791
0.321999
0.152809
-0.0761256
0.323952
0.160567
-0.0788045
0.326464
0.163525
-0.0820973
0.328082
0.167599
-0.0879016
0.331375
0.170166
-0.0913619
0.339077
0.173571
-0.0951012
0.349514
0.176975
-0.0965522
0.360341
0.181217
-0.101129
0.366424
0.185068
-0.112961
0.374628
0.185235
-0.120216
0.385232
0.1825
-0.128476
0.397176
0.176696
-0.135006
0.408282
0.167264
-0.143489
0.415593
0.157776
-0.155042
0.420281
0.149182
-0.164027
0.424802
0.138075
-0.175915
0.427369
0.127862
-0.186072
0.425862
0.117593
-0.19623
0.423797
0.110226
-0.202536
0.422514
0.104254
-0.206946
0.414533
0.100738
-0.21141
0.407277
0.0997893
-0.215317
0.397678
0.0991753
-0.21794
0.388581
0.101854
-0.21967
0.37993
0.105259
-0.22034
0.371894
0.109165
-0.219056
0.364192
0.113742
-0.213978
0.354704
0.118374
-0.210573
0.347839
0.123565
-0.208452
0.338575
0.129592
-0.204378
0.331152
0.134057
-0.201085
0.326854
0.14254
-0.193718
0.323562
0.149182
-0.187133
0.320436
0.155098
-0.179431
0.319264
0.160567
-0.171004
0.320157
0.164529
-0.162855
0.321608
0.168157
-0.151805
0.324789
0.16972
-0.143266
0.330705
0.171171
-0.131769
0.335952
0.170334
-0.12323
0.340863
0.168269
-0.114412
0.346723
0.166874
-0.106152
0.354313
0.163916
-0.0987847
0.364638
0.1604
-0.0937059
0.372842
0.155544
-0.0890178
0.382386
0.153479
-0.08366
0.392153
0.150744
-0.0779673
0.400971
0.148791
-0.0733351
0.408561
0.146224
-0.0700422
0.416988
0.14427
-0.0676982
0.423183
0.141982
-0.0663587
0.423686
0.137573
-0.0648519
0.427369
0.133443
-0.0614474
0.428988
0.131992
-0.0605544
0.429937
0.131545
-0.060108
0.43083
0.133052
-0.058322
0.435406
0.138019
-0.0560338
0.438922
0.143377
-0.0547501
0.439313
0.144996
-0.0531316
0.438364
0.142317
-0.0507876
0.43669
0.131099
-0.0436997
0.434067
0.122783
-0.0390116
0.430606
0.110226
-0.0344909
0.427537
0.101185
-0.0337096
0.424523
0.0944873
-0.0344909
0.422179
0.0895201
-0.0362769
0.420002
0.0854459
-0.0385093
0.418384
0.0837158
-0.0428625
0.416821
0.0824322
-0.0455414
0.412412
0.075121
-0.0521271
0.41191
0.0715491
-0.0550292
0.413082
0.0673633
-0.0592708
0.410738
0.0645728
-0.0666936
0.402199
0.0623404
-0.078079
0.395446
0.0619497
-0.0908596
0.384172
0.0623962
-0.0985614
0.37368
0.065689
-0.108719
0.36581
0.0683679
-0.112849
0.35889
0.0745071
-0.117704
0.353253
0.0809811
-0.121053
0.346165
0.0911944
-0.124792
0.342426
0.0991195
-0.125741
0.340361
0.106152
-0.125741
0.339523
0.114635
-0.124513
0.341979
0.120662
-0.121611
0.34343
0.124569
-0.120272
0.346723
0.128197
-0.120886
0.350407
0.132104
-0.121165
0.351802
0.13188
-0.118932
0.353867
0.12909
-0.113686
0.355318
0.126467
-0.106654
0.361122
0.127136
-0.100626
0.362406
0.128755
-0.0936501
0.365978
0.132606
-0.0874551
0.371949
0.13774
-0.0809253
0.377642
0.144717
-0.0762372
0.381605
0.150409
-0.0721072
0.384563
0.156772
-0.0674191
0.390981
0.165088
-0.06128
0.394385
0.170836
-0.0568151
0.395055
0.175524
-0.051848
0.396394
0.179431
-0.0470483
0.394999
0.182612
-0.0428625
0.395111
0.185124
-0.0390116
0.399799
0.191765
-0.0322585
0.400524
0.196565
-0.031812
0.402087
0.203485
-0.0307516
0.398125
0.204378
-0.0286308
0.397678
0.204378
-0.0247241
0.398404
0.202146
-0.0214871
0.400803
0.199411
-0.0201476
0.401194
0.196286
-0.0233846
0.397734
0.190984
-0.0337654
0.395055
0.18663
-0.0392348
0.391092
0.181663
-0.0435322
0.386181
0.177478
-0.0458763
0.385902
0.176975
-0.0462111
0.384953
0.174799
-0.048611
0.384563
0.17491
-0.0508434
0.38406
0.17625
-0.05302
0.383223
0.177087
-0.0540246
0.384339
0.179096
-0.0556431
0.383558
0.182333
-0.0587127
0.383781
0.184956
-0.0634566
0.38367
0.188026
-0.0699306
0.381772
0.19037
-0.0784138
0.377865
0.191653
-0.093092
0.374293
0.192658
-0.10431
0.371782
0.193439
-0.1143
0.368768
0.19489
-0.121946
0.367429
0.195281
-0.127192
0.364806
0.195225
-0.130597
0.361848
0.195058
-0.134336
0.362127
0.195895
-0.135843
0.366257
0.197346
-0.137629
0.370777
0.199802
-0.140531
0.375633
0.203708
-0.147228
0.381102
0.207169
-0.153535
0.386069
0.211522
-0.1604
0.391483
0.215987
-0.165311
0.394608
0.219168
-0.171059
0.395613
0.222963
-0.175859
0.396227
0.225698
-0.178315
0.398013
0.229493
-0.178817
0.397957
0.232897
-0.179152
0.394274
0.234851
-0.178761
0.39366
0.236358
-0.177198
0.391818
0.23859
-0.173961
0.392655
0.240878
-0.169831
0.394441
0.242832
-0.165981
0.395669
0.243278
-0.163637
0.398794
0.242162
-0.161292
0.40231
0.241381
-0.160288
0.40605
0.238925
-0.160846
0.408115
0.236302
-0.161962
0.41057
0.232228
-0.163637
0.410626
0.227707
-0.16386
0.408673
0.221624
-0.162855
0.406496
0.214592
-0.161181
0.402645
0.208676
-0.15973
0.396618
0.199634
-0.154986
0.390032
0.19104
-0.150521
0.380991
0.182166
-0.146224
0.372061
0.175524
-0.143154
0.364303
0.169831
-0.139805
0.357885
0.166148
-0.133945
0.357327
0.164753
-0.124681
0.35716
0.164306
-0.117202
0.356322
0.163748
-0.109165
0.355932
0.162353
-0.0988405
0.355764
0.15906
-0.0891853
0.354202
0.154372
-0.0807021
0.35476
0.148958
-0.0694283
0.354313
0.144605
-0.0611125
0.355653
0.142317
-0.0560338
0.35649
0.142261
-0.0553083
0.355485
0.143377
-0.0549176
0.355485
0.145331
-0.0543037
0.355206
0.146503
-0.0535781
0.358164
0.146893
-0.0512341
0.361122
0.146726
-0.0458763
0.360062
0.145498
-0.0436438
0.360955
0.143601
-0.0406859
0.360229
0.141815
-0.0378396
0.359894
0.140587
-0.0342677
0.359615
0.140252
-0.0331515
0.357829
0.140643
-0.031533
0.356546
0.140866
-0.0308632
0.355988
0.141312
-0.0299703
0.356155
0.141926
-0.028575
0.355932
0.142038
-0.0280169
0.35409
0.141368
-0.0261193
0.355988
0.141647
-0.0239985
0.35716
0.141815
-0.0198686
0.358778
0.142205
-0.0180268
0.357383
0.142931
-0.0183617
0.357662
0.144382
-0.0193104
0.356657
0.145442
-0.0202592
0.35515
0.14494
-0.0174129
0.356155
0.144605
-0.00731118
0.356099
0.144326
-0.00145107
0.355039
0.143991
0.00435322
0.356211
0.141424
0.0125574
0.35476
0.136457
0.0193104
0.352025
0.132438
0.0173571
0.346165
0.126634
0.0143433
0.342816
0.119881
0.0101575
0.34103
0.113072
0.00279053
0.338017
0.108496
-0.00535781
0.335728
0.105649
-0.0145666
0.337124
0.105649
-0.0257287
0.341588
0.107826
-0.0378396
0.345607
0.110337
-0.0442578
0.34823
0.112012
-0.0472715
0.354034
0.11497
-0.0493923
0.361178
0.118486
-0.0507318
0.361848
0.121555
-0.0515689
0.359392
0.122337
-0.0462111
0.355653
0.120439
-0.0386209
0.350239
0.118709
-0.0325375
0.347225
0.119714
-0.0300819
0.3417
0.124123
-0.0339328
0.338686
0.129257
-0.0412998
0.336286
0.134671
-0.0537456
0.335282
0.136736
-0.0651867
0.335673
0.137573
-0.0752326
0.332603
0.137015
-0.0820415
0.331152
0.13601
-0.0862273
0.330929
0.135731
-0.0882923
0.333663
0.136178
-0.0939291
0.336621
0.137629
-0.0980033
0.337347
0.138187
-0.102859
0.338128
0.138689
-0.106989
0.340751
0.140643
-0.11084
0.344435
0.14254
-0.113519
0.347839
0.146335
-0.117425
0.350072
0.147954
-0.120774
0.351355
0.150968
-0.123565
0.351132
0.154763
-0.126243
0.351299
0.159507
-0.12736
0.350797
0.162967
-0.127806
0.348621
0.164027
-0.127248
0.348397
0.164083
-0.126299
0.348676
0.164083
-0.125964
0.349681
0.164306
-0.125239
0.348844
0.164139
-0.12496
0.345663
0.163246
-0.12602
0.338519
0.163023
-0.127415
0.337626
0.163525
-0.127862
0.335282
0.163023
-0.127081
0.332101
0.160902
-0.12535
0.327413
0.157609
-0.123062
0.32278
0.154539
-0.12189
0.318036
0.153033
-0.120439
0.314241
0.152251
-0.119602
0.307656
0.151191
-0.12016
0.302465
0.150075
-0.121221
0.296773
0.147898
-0.12256
0.292475
0.145945
-0.125183
0.292084
0.145331
-0.126467
0.29588
0.147172
-0.126243
0.294875
0.147731
-0.127918
0.292531
0.147172
-0.130318
0.290243
0.146056
-0.132773
0.288513
0.144773
-0.134057
0.288736
0.143991
-0.134001
0.289406
0.142429
-0.133666
0.284885
0.137461
-0.136066
0.282932
0.131936
-0.13428
0.280755
0.126969
-0.131713
0.278857
0.122727
-0.129146
0.278132
0.119267
-0.127304
0.276123
0.114188
-0.126355
0.274727
0.110003
-0.125239
0.273723
0.106375
-0.123676
0.275899
0.103919
-0.121053
0.276011
0.101408
-0.120607
0.272941
0.100682
-0.121667
0.27149
0.0999567
-0.122393
0.26976
0.0978917
-0.119825
0.270653
0.0967197
-0.115193
0.271993
0.0946547
-0.109779
0.275118
0.0955477
-0.106375
0.278634
0.0976126
-0.103696
0.28215
0.0993986
-0.102524
0.289127
0.102357
-0.101575
0.29694
0.104477
-0.101017
0.302856
0.107491
-0.102189
0.312679
0.112402
-0.102468
0.318036
0.116477
-0.105203
0.323506
0.119435
-0.105873
0.328306
0.123341
-0.106431
0.33238
0.126913
-0.107714
0.333998
0.12976
-0.10777
0.335449
0.131657
-0.106487
0.331989
0.131155
-0.104254
0.331598
0.127862
-0.0987289
0.324231
0.123899
-0.0933152
0.320492
0.122839
-0.0870086
0.316418
0.124067
-0.0821531
0.3124
0.125016
-0.0775767
0.309218
0.124737
-0.0738374
0.306037
0.122783
-0.0699864
0.303023
0.121221
-0.0695958
0.297107
0.116253
-0.0713259
0.292084
0.107268
-0.0715491
0.289685
0.0977243
-0.0693167
0.288122
0.0933152
-0.0697632
0.284941
0.0905805
-0.0712143
0.285443
0.0862273
-0.0708236
0.284494
0.0809253
-0.0693167
0.284773
0.0778557
-0.068647
0.281425
0.0721072
-0.0696516
0.281201
0.0672517
-0.0635682
0.27802
0.0616148
-0.0588801
0.27562
0.0539688
-0.05302
0.27389
0.0472157
-0.0491691
0.271435
0.0427509
-0.047439
0.270151
0.0394581
-0.0455972
0.26937
0.0376721
-0.0437555
0.266635
0.0324259
-0.0386767
0.270263
0.0282959
-0.0335421
0.275453
0.0320911
-0.0342677
0.272049
0.0450949
-0.0387883
0.267081
0.0519038
-0.0409091
0.266635
0.0564803
-0.0426951
0.264458
0.0610009
-0.0452065
0.262896
0.0685354
-0.0481645
0.258319
0.0745071
-0.050955
0.250003
0.0827112
-0.0657448
0.247492
0.0848878
-0.0817624
0.249389
0.0857808
-0.095436
0.251622
0.085725
-0.104701
0.252236
0.0858366
-0.115249
0.255194
0.0857808
-0.124346
0.258152
0.0860599
-0.131434
0.259714
0.0870086
-0.137796
0.261891
0.0879574
-0.142708
0.263733
0.0887946
-0.147396
0.264514
0.0894085
-0.151135
0.265128
0.0897434
-0.154484
0.266077
0.0897992
-0.157163
0.267137
0.0896875
-0.159618
0.267751
0.0900782
-0.161851
0.268253
0.0904689
-0.163525
0.269146
0.0914735
-0.164753
0.270039
0.0921432
-0.166427
0.270207
0.0924781
-0.167599
0.270039
0.0932594
-0.168883
0.270151
0.0936501
-0.169218
0.270318
0.0939291
-0.169776
0.270095
0.0941524
-0.170501
0.267081
0.0924223
-0.173515
0.265295
0.0852785
-0.17385
0.264682
0.078358
-0.174352
0.264626
0.0706003
-0.174352
0.264291
0.0657448
-0.174241
0.262784
0.060387
-0.17212
0.269649
0.0547501
-0.166148
0.274895
0.0514573
-0.161125
0.280141
0.0502853
-0.154874
0.282318
0.0490575
-0.146056
0.280978
0.0471599
-0.136513
0.278076
0.043309
-0.12736
0.271044
0.0394581
-0.120328
0.266579
0.0393464
-0.115137
0.265965
0.0410208
-0.113184
0.264235
0.0416905
-0.112961
0.265854
0.0443694
-0.112179
0.26524
0.0464344
-0.111677
0.267863
0.0492249
-0.111621
0.269593
0.0535223
-0.112123
0.272049
0.0587127
-0.112291
0.274839
0.0632892
-0.113072
0.279025
0.067754
-0.114244
0.282318
0.0690376
-0.116644
0.284438
0.0693725
-0.11843
0.287341
0.0687586
-0.120272
0.290075
0.0682005
-0.121779
0.291247
0.0678098
-0.122783
0.292364
0.0671959
-0.123955
0.294094
0.067475
-0.12496
0.29588
0.0687028
-0.125797
0.297275
0.0724979
-0.126188
0.299563
0.0762372
-0.126578
0.302354
0.0808695
-0.127583
0.303916
0.0863389
-0.129815
0.304809
0.0909712
-0.130987
0.306149
0.0944314
-0.131545
0.306205
0.0977243
-0.129871
0.308214
0.100292
-0.127806
0.310055
0.102803
-0.125909
0.312176
0.105426
-0.12362
0.313348
0.108161
-0.120718
0.314074
0.108886
-0.117704
0.315748
0.110393
-0.113295
0.31586
0.110393
-0.112514
0.316697
0.109891
-0.109779
0.320157
0.108998
-0.106319
0.321999
0.108049
-0.103975
0.325571
0.108105
-0.0998451
0.328027
0.107379
-0.0975568
0.331933
0.106431
-0.095157
0.336733
0.105928
-0.0933152
0.341198
0.106263
-0.0951012
0.345439
0.105817
-0.097501
0.350518
0.106207
-0.0996776
0.357439
0.107659
-0.104924
0.364861
0.109389
-0.111733
0.369494
0.112737
-0.119044
0.373233
0.1191
-0.12362
0.372507
0.125071
-0.126355
0.372284
0.132271
-0.124681
0.370052
0.137964
-0.1191
0.366313
0.142429
-0.114356
0.360676
0.149796
-0.10911
0.354983
0.154372
-0.10537
0.350183
0.15906
-0.101631
0.344323
0.164641
-0.0956035
0.340807
0.169497
-0.0906921
0.337626
0.172622
-0.0875109
0.333049
0.175747
-0.0852227
0.328361
0.178984
-0.0822089
0.323896
0.182724
-0.0793068
0.317032
0.186184
-0.0757907
0.308716
0.189086
-0.0732234
0.298559
0.191319
-0.0695399
0.290243
0.19277
-0.0660797
0.281871
0.193997
-0.0632892
0.2735
0.194332
-0.0616148
0.271267
0.195951
-0.0616148
0.269091
0.19796
-0.063624
0.262226
0.198016
-0.0625636
0.25497
0.197904
-0.0575965
0.24805
0.1969
-0.050955
0.239288
0.194723
-0.0454298
0.231977
0.19143
-0.0396255
0.225391
0.187468
-0.0327608
0.218359
0.184845
-0.02651
0.21501
0.183282
-0.0235521
0.213671
0.181217
-0.0223242
0.212275
0.179375
-0.0222684
0.211885
0.178984
-0.0226033
0.210824
0.179096
-0.022101
0.209429
0.179152
-0.0195895
0.207364
0.178036
-0.0164641
0.205857
0.17664
-0.0153479
0.202174
0.173124
-0.0170222
0.198993
0.169608
-0.0208731
0.195811
0.166315
-0.0255054
0.193579
0.162688
-0.0316446
0.19263
0.15973
-0.0387325
0.192128
0.157832
-0.0464344
0.192574
0.155767
-0.0541362
0.193132
0.154316
-0.0625636
0.196704
0.15253
-0.070098
0.200053
0.150298
-0.0784138
0.205913
0.148121
-0.0863947
0.211215
0.14667
-0.0945431
0.215178
0.145666
-0.101464
0.22048
0.144996
-0.106654
0.225335
0.145052
-0.110561
0.232925
0.144996
-0.113686
0.239957
0.146279
-0.11776
0.245706
0.147563
-0.121221
0.245427
0.148456
-0.12535
0.245427
0.149126
-0.126913
0.246543
0.149237
-0.128364
0.245594
0.149461
-0.129257
0.246264
0.149293
-0.132438
0.247938
0.146168
-0.140084
0.24911
0.143656
-0.148512
0.251343
0.141759
-0.15839
0.252626
0.140922
-0.164809
0.255919
0.139917
-0.168213
0.25977
0.140196
-0.171283
0.26563
0.142429
-0.175859
0.270709
0.144605
-0.180715
0.273723
0.147117
-0.182891
0.279695
0.150409
-0.179877
0.284215
0.15253
-0.176752
0.291136
0.15627
-0.175915
0.298056
0.162241
-0.175524
0.30799
0.167599
-0.172343
0.31519
0.172008
-0.168213
0.321273
0.174129
-0.163916
0.327134
0.175468
-0.158446
0.326966
0.171394
-0.147396
0.327747
0.167041
-0.137517
0.328138
0.163916
-0.131155
0.328529
0.159227
-0.120439
0.328194
0.156325
-0.106319
0.326352
0.154818
-0.0941524
0.327078
0.153256
-0.0882365
0.326185
0.15253
-0.0858924
0.325292
0.151135
-0.0856692
0.322948
0.149293
-0.0873435
0.319878
0.147842
-0.0919758
0.315971
0.145945
-0.0935943
0.312511
0.143935
-0.0957709
0.311953
0.142652
-0.0961058
0.309051
0.141647
-0.0961058
0.305814
0.139582
-0.0944873
0.303191
0.137294
-0.0934269
0.299731
0.133555
-0.0955477
0.296605
0.130597
-0.0972778
0.296047
0.128587
-0.0978359
0.294987
0.125853
-0.0976126
0.294429
0.121444
-0.0964964
0.29348
0.117035
-0.0934827
0.292252
0.113574
-0.0920316
0.29175
0.107603
-0.0911944
0.290522
0.102301
-0.091027
0.287341
0.0986172
-0.0940408
0.28455
0.0947663
-0.0979475
0.283713
0.090748
-0.101519
0.284438
0.0866738
-0.10537
0.284159
0.0831019
-0.110617
0.285164
0.0801998
-0.115863
0.287731
0.0788045
-0.118151
0.292308
0.076293
-0.119602
0.298559
0.0749536
-0.120997
0.302744
0.0742838
-0.121834
0.30587
0.0747861
-0.121053
0.309386
0.0767395
-0.116365
0.312846
0.077465
-0.113128
0.314409
0.0779115
-0.111342
0.315413
0.0784138
-0.111509
0.315469
0.0787487
-0.111956
0.3124
0.0787487
-0.11324
0.311953
0.079251
-0.112179
0.312288
0.0789161
-0.111286
0.311841
0.0782464
-0.11084
0.312344
0.0783022
-0.110505
0.312511
0.078358
-0.110505
0.310725
0.0781348
-0.110226
0.311004
0.0785813
-0.108719
0.31212
0.0774092
-0.104087
0.314632
0.0750652
-0.100961
0.318315
0.0711026
-0.0966081
0.319153
0.0660239
-0.0943756
0.319655
0.0609451
-0.0903015
0.320269
0.0553641
-0.0865063
0.321441
0.0519038
-0.0819857
0.321887
0.0493365
-0.0775208
0.324343
0.0502295
-0.0736141
0.323506
0.0512341
-0.072163
0.323283
0.0540246
-0.0716049
0.323729
0.0570384
-0.0674191
0.325236
0.061559
-0.0653542
0.325627
0.066582
-0.0648519
0.326687
0.0735025
-0.0642937
0.327468
0.0800881
-0.0639031
0.328027
0.0879574
-0.0628427
0.327971
0.0962732
-0.0606103
0.327245
0.103417
-0.0587127
0.327357
0.114579
-0.0543037
0.327468
0.123788
-0.0493365
0.328194
0.13188
-0.0466576
0.331319
0.141145
-0.0455414
0.333161
0.151414
-0.0451507
0.333608
0.160567
-0.0440903
0.332603
0.168157
-0.0417463
0.331375
0.177031
-0.0365559
0.32931
0.183784
-0.0317004
0.326129
0.191821
-0.0282959
0.322278
0.200695
-0.0272914
0.317199
0.206834
-0.0275704
0.311562
0.214033
-0.0282959
0.3052
0.21861
-0.0287424
0.29627
0.222684
-0.0292447
0.291694
0.224693
-0.0303051
0.290689
0.226368
-0.0361652
0.288903
0.226535
-0.0434206
0.285331
0.224693
-0.0492807
0.285555
0.222349
-0.0556989
0.28148
0.219056
-0.0627869
0.274951
0.214592
-0.0692051
0.269425
0.209457
-0.0740606
0.263621
0.203653
-0.0784138
0.260663
0.198574
-0.082767
0.259156
0.195337
-0.0883481
0.257984
0.1945
-0.0910828
0.256533
0.194109
-0.0934827
0.253017
0.190816
-0.0963848
0.251231
0.189086
-0.0975568
0.250115
0.184956
-0.101296
0.248496
0.179543
-0.107212
0.247436
0.173292
-0.114188
0.248441
0.165646
-0.122616
0.250171
0.158446
-0.130429
0.253743
0.153256
-0.13562
0.256756
0.147675
-0.140698
0.260886
0.141759
-0.145052
0.267193
0.138522
-0.150409
0.27216
0.137908
-0.154093
0.27562
0.137852
-0.156214
0.278188
0.13735
-0.156716
0.284104
0.138187
-0.156158
0.290578
0.141368
-0.154874
0.296159
0.146391
-0.153591
0.300735
0.150242
-0.153702
0.303023
0.154539
-0.154316
0.305479
0.157665
-0.156493
0.306707
0.159451
-0.157832
0.306316
0.159841
-0.158948
0.306316
0.159953
-0.159618
0.309497
0.162464
-0.15973
0.311228
0.166874
-0.157888
0.31346
0.171952
-0.154595
0.314967
0.176306
-0.1508
0.317311
0.181217
-0.148065
0.320436
0.187579
-0.145219
0.321218
0.190984
-0.144438
0.319543
0.191988
-0.143824
0.317925
0.193886
-0.143935
0.317367
0.195002
-0.144159
0.32345
0.197904
-0.142596
0.327245
0.200081
-0.142261
0.330873
0.200192
-0.141201
0.337793
0.199411
-0.140475
0.345607
0.198797
-0.140531
0.355876
0.198351
-0.141982
0.363578
0.200751
-0.143768
0.365643
0.202146
-0.142987
0.368991
0.207057
-0.136289
0.372452
0.211578
-0.127806
0.373959
0.212638
-0.124234
0.374293
0.213587
-0.121276
0.370889
0.210964
-0.115807
0.365364
0.203095
-0.109333
0.358499
0.192602
-0.107324
0.350295
0.179877
-0.10604
0.341477
0.169385
-0.105035
0.33344
0.159451
-0.105315
0.325738
0.149014
-0.108775
0.315134
0.141312
-0.11363
0.307265
0.136959
-0.117202
0.298503
0.129871
-0.123955
0.288624
0.12496
-0.130652
0.279415
0.122058
-0.13774
0.273667
0.121221
-0.144159
0.268198
0.118988
-0.155209
0.263677
0.118095
-0.164529
0.257817
0.117481
-0.172845
0.251901
0.116867
-0.177757
0.248552
0.116811
-0.178594
0.249501
0.118374
-0.178036
0.247548
0.119323
-0.17798
0.245148
0.121165
-0.178036
0.239344
0.122672
-0.176696
0.229019
0.122783
-0.173292
0.222377
0.12256
-0.170892
0.217298
0.122951
-0.168436
0.215178
0.123899
-0.163971
0.215233
0.124681
-0.161348
0.21395
0.12775
-0.158446
0.209094
0.134894
-0.153144
0.20675
0.139861
-0.148065
0.205132
0.145442
-0.140029
0.202006
0.150186
-0.13361
0.197597
0.154484
-0.126969
0.189616
0.157107
-0.116811
0.184259
0.158223
-0.102691
0.182082
0.159004
-0.0922548
0.184817
0.160455
-0.0855018
0.187886
0.164864
-0.080423
0.194751
0.171394
-0.0754
0.202509
0.178761
-0.0719398
0.207699
0.188026
-0.0692609
0.212722
0.202369
-0.064517
0.214508
0.212973
-0.0610009
0.215289
0.222963
-0.0588243
0.215066
0.230553
-0.0588243
0.212443
0.236637
-0.0593824
0.212108
0.242385
-0.0595499
0.210936
0.246515
-0.0573174
0.208201
0.251594
-0.0520712
0.204071
0.254384
-0.047718
0.201113
0.255668
-0.0412998
0.199383
0.255947
-0.0384535
0.199104
0.255501
-0.037114
0.197765
0.254552
-0.0351048
0.197095
0.254161
-0.0337654
0.196593
0.254217
-0.0326492
0.19397
0.25271
-0.0301377
0.192798
0.247352
-0.0258961
0.191514
0.240543
-0.0255054
0.191123
0.235074
-0.0266774
0.19157
0.228935
-0.0303051
0.192184
0.224191
-0.0342677
0.193356
0.220284
-0.0401278
0.193858
0.216433
-0.0487226
0.194416
0.214257
-0.0572616
0.197318
0.212248
-0.0693167
0.200053
0.211801
-0.0803672
0.201783
0.211857
-0.0915851
0.202955
0.211913
-0.101631
0.203122
0.212973
-0.109333
0.201281
0.214089
-0.114579
0.201002
0.214033
-0.115807
0.202843
0.211299
-0.122783
0.202285
0.210183
-0.132383
0.20262
0.208285
-0.147061
0.198546
0.207057
-0.154093
0.198379
0.206387
-0.157609
0.192072
0.204936
-0.158223
0.186826
0.199858
-0.154707
0.185263
0.19729
-0.149628
0.189337
0.195337
-0.145386
0.194695
0.19489
-0.144326
0.196704
0.195951
-0.144326
0.200778
0.196955
-0.145889
0.203625
0.19969
-0.147731
0.210769
0.202871
-0.146335
0.216573
0.204378
-0.145219
0.220312
0.205997
-0.144884
0.226172
0.205662
-0.146224
0.230581
0.204657
-0.1484
0.235883
0.203262
-0.149572
0.241129
0.19969
-0.149461
0.246487
0.196118
-0.147061
0.252961
0.191709
-0.143824
0.258877
0.18663
-0.140754
0.26524
0.18211
-0.137964
0.271658
0.179933
-0.138131
0.2735
0.179654
-0.136513
0.272774
0.179487
-0.128364
0.271044
0.178817
-0.119546
0.270653
0.174296
-0.1071
0.269035
0.171171
-0.0986172
0.268142
0.170445
-0.0915293
0.2663
0.171283
-0.0862273
0.265184
0.175022
-0.0777441
0.264179
0.178817
-0.0711026
0.2639
0.182835
-0.06541
0.263677
0.189365
-0.0603312
0.262561
0.195449
-0.0565919
0.263119
0.201867
-0.051848
0.263677
0.20728
-0.0498946
0.262728
0.212806
-0.0500063
0.261333
0.21861
-0.0511225
0.260607
0.224749
-0.0512341
0.25977
0.232507
-0.0508434
0.259491
0.23993
-0.0512341
0.258598
0.250422
-0.0568709
0.257315
0.254831
-0.0622288
0.25564
0.259686
-0.0727211
0.254133
0.259742
-0.0828229
0.254022
0.257677
-0.0944873
0.255026
0.25405
-0.105482
0.257259
0.248748
-0.117537
0.258096
0.24272
-0.129592
0.25804
0.238032
-0.140531
0.258654
0.236469
-0.145442
0.259435
0.235241
-0.149628
0.258263
0.228544
-0.160009
0.256254
0.223633
-0.167097
0.255584
0.216433
-0.173906
0.257482
0.207448
-0.179822
0.258542
0.199523
-0.184342
0.259826
0.189812
-0.188528
0.260384
0.180212
-0.187635
0.263007
0.169664
-0.182668
0.268979
0.158279
-0.175078
0.272718
0.154484
-0.170948
0.276737
0.150968
-0.16213
0.280755
0.149461
-0.154707
0.281871
0.150744
-0.142875
0.280253
0.152921
-0.132327
0.27936
0.155432
-0.122002
0.275899
0.157386
-0.115305
0.272495
0.159507
-0.110282
0.268644
0.162297
-0.106096
