0.994339
0.104291
-0.0203238
-0.0142025
-0.0591051
-0.998151
-0.105299
0.992789
-0.0572893
0.994055
0.105417
-0.0272248
-0.0211086
-0.0587059
-0.998052
-0.10681
0.992694
-0.0561317
0.993915
0.105788
-0.0306748
-0.0246554
-0.0577461
-0.998027
-0.107351
0.992711
-0.0547865
0.993812
0.105392
-0.0350826
-0.0291159
-0.0576298
-0.997913
-0.107193
0.99276
-0.0542046
0.993547
0.105364
-0.0419804
-0.0360888
-0.057214
-0.997709
-0.107524
0.992787
-0.0530423
0.993435
0.105159
-0.0450454
-0.0392672
-0.056387
-0.997636
-0.10745
0.992856
-0.0518875
0.993162
0.104552
-0.0519402
-0.0462706
-0.0559429
-0.997361
-0.107182
0.992945
-0.0507227
0.992999
0.104535
-0.0550038
-0.0494163
-0.0553112
-0.997246
-0.10729
0.992982
-0.0497582
0.992601
0.104686
-0.0615121
-0.0560147
-0.0546697
-0.996932
-0.107727
0.993002
-0.0484013
0.992254
0.104072
-0.0678265
-0.0624629
-0.0539625
-0.996587
-0.107377
0.993105
-0.0470439
0.991993
0.103468
-0.0724171
-0.0671778
-0.0532596
-0.996318
-0.106944
0.993206
-0.0458825
0.99168
0.103435
-0.0766239
-0.0714601
-0.0527433
-0.996048
-0.107068
0.993237
-0.044913
0.991301
0.102819
-0.082167
-0.0771211
-0.0521307
-0.995658
-0.106656
0.993333
-0.0437477
0.990673
0.103138
-0.0890445
-0.0840379
-0.0519195
-0.995109
-0.107257
0.993311
-0.0427677
0.990332
0.102527
-0.0934363
-0.088596
-0.0507991
-0.994771
-0.106737
0.993432
-0.0412245
0.9898
0.102472
-0.0989712
-0.0941993
-0.0504161
-0.994276
-0.106875
0.993457
-0.0402491
0.989258
0.102607
-0.104122
-0.0993906
-0.0502031
-0.993781
-0.107196
0.993454
-0.0394656
0.98883
0.10218
-0.108507
-0.103932
-0.0490914
-0.993372
-0.106829
0.993554
-0.0379233
0.988137
0.101151
-0.115557
-0.111049
-0.0491376
-0.992599
-0.10608
0.993657
-0.037322
0.987319
0.102215
-0.121459
-0.117065
-0.0479675
-0.991965
-0.10722
0.993605
-0.0353935
0.98673
0.101198
-0.126977
-0.122657
-0.0478462
-0.991295
-0.106392
0.993715
-0.0347986
0.986327
0.100774
-0.130399
-0.126221
-0.046813
-0.990897
-0.105961
0.993807
-0.0334531
0.986185
0.0994225
-0.13249
-0.128383
-0.0466625
-0.990626
-0.104673
0.993951
-0.0332537
0.986184
0.100187
-0.13192
-0.12774
-0.0470845
-0.990689
-0.105465
0.993854
-0.0336362
0.986543
0.0988853
-0.130209
-0.126021
-0.0475048
-0.990889
-0.10417
0.993964
-0.0344039
0.986493
0.0988803
-0.13059
-0.126499
-0.0465898
-0.990872
-0.104062
0.994008
-0.0334523
0.986541
0.0996495
-0.129639
-0.125599
-0.045829
-0.991022
-0.104696
0.993967
-0.0326964
0.986783
0.100439
-0.127167
-0.123206
-0.0447222
-0.991373
-0.105259
0.993938
-0.0317564
0.987521
0.100705
-0.121078
-0.117204
-0.0435567
-0.992152
-0.105188
0.993962
-0.0312101
0.987549
0.102239
-0.119556
-0.115705
-0.0428175
-0.99236
-0.106577
0.993838
-0.0304548
0.987352
0.104132
-0.119556
-0.115664
-0.0426582
-0.992372
-0.108438
0.993648
-0.0300742
0.987376
0.106049
-0.117652
-0.113796
-0.0417241
-0.992628
-0.110177
0.993485
-0.0291294
0.987332
0.108727
-0.115557
-0.111883
-0.0393244
-0.992943
-0.112503
0.993294
-0.0266616
0.987337
0.109685
-0.114604
-0.111051
-0.0379935
-0.993088
-0.113281
0.99324
-0.0253317
0.987298
0.111214
-0.113461
-0.110055
-0.036322
-0.993262
-0.114586
0.993132
-0.0236209
0.987427
0.110845
-0.112699
-0.109268
-0.0365757
-0.993339
-0.114229
0.993164
-0.0240039
0.988418
0.112684
-0.101642
-0.0984438
-0.033608
-0.994575
-0.115489
0.993062
-0.0221257
0.98986
0.111887
-0.0875166
-0.0845527
-0.0309752
-0.995937
-0.114144
0.993238
-0.0212008
0.991185
0.11069
-0.0727996
-0.069842
-0.0303716
-0.997096
-0.11258
0.993391
-0.0223731
0.992329
0.108314
-0.0595982
-0.0568394
-0.0283843
-0.99798
-0.109787
0.993711
-0.02201
0.993372
0.106308
-0.0437045
-0.0412025
-0.0256205
-0.998822
-0.107303
0.994003
-0.0210705
0.99424
0.103509
-0.0277998
-0.0255801
-0.0227113
-0.999415
-0.10408
0.994369
-0.0199327
0.994582
0.10316
-0.0128467
-0.0109761
-0.0186802
-0.999765
-0.103375
0.994489
-0.0174467
0.994557
0.104121
0.00402669
0.00532214
-0.0121669
-0.999912
-0.104063
0.99449
-0.0126549
0.994725
0.102211
0.00862854
0.00971955
-0.0101809
-0.999901
-0.102113
0.994711
-0.0111207
0.994862
0.10049
0.0122715
0.0131531
-0.00811473
-0.999881
-0.100378
0.994905
-0.0093948
0.995027
0.0987723
0.0128467
0.0136736
-0.00769899
-0.999877
-0.0986612
0.99508
-0.00901128
0.995301
0.0961019
0.0118881
0.0127907
-0.00878202
-0.99988
-0.095986
0.995333
-0.00996996
0.995383
0.0951468
0.012655
0.0137279
-0.01063
-0.999849
-0.0949979
0.995406
-0.0118871
0.995622
0.0924732
0.0136137
0.0148308
-0.0124873
-0.999812
-0.0922858
0.995637
-0.0138041
0.995784
0.0905627
0.0145723
0.0158307
-0.0131927
-0.999788
-0.0903512
0.995803
-0.0145707
0.996024
0.0878892
0.0145723
0.0158121
-0.0134262
-0.999785
-0.0876747
0.99604
-0.0147625
0.996253
0.0852149
0.014764
0.0161625
-0.0157446
-0.999745
-0.0849607
0.996238
-0.0170629
0.996345
0.0842606
0.0139971
0.0155766
-0.0181172
-0.999715
-0.083983
0.996279
-0.0193634
0.996378
0.0838785
0.0139971
0.015794
-0.0207976
-0.999659
-0.0835588
0.996259
-0.0220471
0.996345
0.0842606
0.0139971
0.0158986
-0.0219377
-0.999633
-0.0839226
0.996202
-0.0231972
0.996552
0.0819691
0.0128467
0.014921
-0.0247432
-0.999582
-0.081617
0.996328
-0.025881
0.996557
0.0821619
0.0111211
0.013285
-0.0258372
-0.999578
-0.0818399
0.996284
-0.0268398
0.996697
0.0808267
0.00786157
0.0103116
-0.0299393
-0.999499
-0.0805508
0.996278
-0.0306739
0.996574
0.0825481
0.00517716
0.00775241
-0.030907
-0.999492
-0.0823461
0.996108
-0.031441
0.996703
0.0808272
0.0070946
0.00982552
-0.0334397
-0.999392
-0.0805408
0.996167
-0.0341236
0.996912
0.0783433
0.00536891
0.00827734
-0.0368468
-0.999287
-0.0780896
0.996245
-0.0373815
0.996827
0.0794906
0.00421843
0.00735609
-0.0392207
-0.999204
-0.0792618
0.996064
-0.039681
0.996906
0.0785351
0.0032597
0.00657376
-0.0419769
-0.999097
-0.0783274
0.996027
-0.0423633
0.996953
0.0779618
0.00268446
0.00625997
-0.0456542
-0.998938
-0.0777564
0.99591
-0.0460031
0.996896
0.0787267
0.000191748
0.0042046
-0.0508094
-0.9987
-0.0786146
0.995601
-0.0509827
0.99688
0.0789178
-0.00153398
0.00276852
-0.0543805
-0.998516
-0.0788841
0.995397
-0.0544293
0.996773
0.0802557
-0.00172573
0.00297371
-0.0583994
-0.998289
-0.0802192
0.995062
-0.0584496
0.996522
0.0833134
-0.00172573
0.0035999
-0.0637303
-0.997961
-0.0832535
0.994483
-0.0638085
0.996454
0.0840774
-0.0032597
0.00242977
-0.0674786
-0.997718
-0.0841054
0.994172
-0.0674436
0.99637
0.0850324
-0.00402669
0.00189519
-0.0694473
-0.997584
-0.0851066
0.993955
-0.0693563
0.996393
0.0846495
-0.00594414
0.000190389
-0.072278
-0.997385
-0.0848578
0.993786
-0.0720334
0.996424
0.0840748
-0.00843679
-0.00226378
-0.0732493
-0.997311
-0.0844667
0.993764
-0.0727971
0.996624
0.0813979
-0.0107377
-0.00466897
-0.0743827
-0.997219
-0.0819702
0.993902
-0.0737515
0.996488
0.0817715
-0.0180233
-0.0116275
-0.0780274
-0.996883
-0.082923
0.993592
-0.0768025
0.996326
0.0788739
-0.0333579
-0.0267038
-0.083963
-0.996111
-0.081368
0.993342
-0.0815483
0.995971
0.079038
-0.0423635
-0.0354141
-0.0873443
-0.995548
-0.0823864
0.993038
-0.0841933
0.994566
0.0846864
-0.0605552
-0.0528695
-0.0902261
-0.994517
-0.0896857
0.992314
-0.0852585
0.992327
0.096583
-0.0771974
-0.0688907
-0.086572
-0.993861
-0.102673
0.991553
-0.0792541
0.989462
0.112035
-0.091718
-0.0827944
-0.0818696
-0.993198
-0.118782
0.990326
-0.071731
0.985773
0.130421
-0.106028
-0.0965292
-0.0771357
-0.992337
-0.1376
0.988454
-0.0634489
0.980704
0.153941
-0.120507
-0.110371
-0.0728083
-0.99122
-0.161363
0.985394
-0.0544128
0.976668
0.171784
-0.128878
-0.118586
-0.0689286
-0.990548
-0.179044
0.98272
-0.0469491
0.969761
0.200642
-0.138949
-0.128438
-0.0645518
-0.989614
-0.207527
0.977536
-0.0368297
0.964832
0.218993
-0.145403
-0.135069
-0.0615228
-0.988924
-0.225513
0.973785
-0.0297799
0.959293
0.239313
-0.149954
-0.140358
-0.0567518
-0.988473
-0.245065
0.969282
-0.0208522
0.950819
0.267254
-0.156586
-0.148821
-0.0491997
-0.987639
-0.271654
0.962369
-0.00700709
0.94458
0.288118
-0.157343
-0.151727
-0.04187
-0.987535
-0.291115
0.956679
0.00416586
0.937762
0.311391
-0.153745
-0.150727
-0.0338874
-0.987994
-0.312863
0.949677
0.0151568
0.930911
0.336916
-0.141038
-0.14119
-0.024185
-0.989687
-0.336852
0.941224
0.025055
0.92312
0.359548
-0.136291
-0.140682
-0.0140601
-0.989955
-0.357852
0.933021
0.0376027
0.916044
0.379026
-0.13116
-0.14053
-0.00297164
-0.990072
-0.375653
0.925381
0.0505423
0.910876
0.39481
-0.120127
-0.134248
0.00822742
-0.990914
-0.390234
0.918726
0.0604967
0.904848
0.412563
-0.105075
-0.124384
0.0201442
-0.99203
-0.407158
0.910706
0.0695436
0.898084
0.431525
-0.0850331
-0.110176
0.0335558
-0.993345
-0.4258
0.901477
0.0776797
0.89282
0.446194
-0.0615121
-0.0931754
0.0493498
-0.994426
-0.440671
0.893575
0.0856348
0.887921
0.457879
-0.0440877
-0.0807086
0.0607161
-0.994887
-0.452861
0.886939
0.0908658
0.883091
0.468761
-0.0203238
-0.0631973
0.0759117
-0.99511
-0.464926
0.880057
0.0966614
0.878277
0.478146
-0.00230097
-0.0493338
0.0858297
-0.995088
-0.475599
0.874077
0.098971
0.872852
0.487415
0.0235828
-0.0273909
0.0971871
-0.994889
-0.487215
0.867745
0.0981807
0.867683
0.4955
0.0400645
-0.0115053
0.100588
-0.994862
-0.496984
0.862764
0.0929798
0.861442
0.504279
0.0601724
0.0101459
0.101371
-0.994797
-0.507755
0.85757
0.0822088
0.854581
0.513776
0.0756679
0.0294548
0.0975186
-0.994798
-0.518483
0.852364
0.0682043
0.847315
0.522773
0.0936272
0.0534161
0.0915118
-0.99437
-0.528398
0.847546
0.0496148
0.841482
0.529703
0.10641
0.0724377
0.0845626
-0.993782
-0.535407
0.843957
0.0327874
0.835936
0.535434
0.120507
0.0942275
0.0762938
-0.992623
-0.540678
0.841124
0.0133241
0.830611
0.541279
0.13078
0.115215
0.0627229
-0.991358
-0.544804
0.838501
-0.0102652
0.827881
0.545627
0.130019
0.123503
0.0487909
-0.991144
-0.547138
0.836607
-0.0269937
0.824262
0.551212
0.129449
0.136333
0.0286864
-0.990248
-0.54955
0.833872
-0.0515032
0.822326
0.554493
0.127737
0.146223
0.0110251
-0.98919
-0.549907
0.832115
-0.0720135
0.818668
0.559133
0.13097
0.161222
-0.004887
-0.986906
-0.551172
0.829063
-0.0941455
0.817039
0.561243
0.13211
0.180642
-0.0315762
-0.983042
-0.547554
0.827048
-0.127183
0.816873
0.560438
0.13648
0.198284
-0.0506413
-0.978835
-0.541665
0.826647
-0.152494
0.815664
0.560299
0.144075
0.217923
-0.0668768
-0.973672
-0.535912
0.825586
-0.176651
0.815676
0.556861
0.156775
0.239315
-0.0780739
-0.967798
-0.526689
0.826928
-0.196948
0.821681
0.546753
0.16094
0.251521
-0.0944615
-0.963231
-0.511447
0.831948
-0.215137
0.825325
0.539866
0.16548
0.261989
-0.10651
-0.959175
-0.500201
0.834985
-0.229344
0.833617
0.528778
0.159615
0.265089
-0.129491
-0.955489
-0.484573
0.838824
-0.248119
0.843606
0.516473
0.14692
0.259304
-0.152242
-0.953721
-0.470203
0.842661
-0.262356
0.852299
0.506637
0.130019
0.248247
-0.173016
-0.953121
-0.460391
0.844621
-0.273233
0.858146
0.499922
0.11689
0.239819
-0.189014
-0.95224
-0.453952
0.845193
-0.282093
0.864828
0.492331
0.0983988
0.225788
-0.206334
-0.952075
-0.448433
0.845598
-0.289606
0.871459
0.484447
0.0766239
0.206837
-0.221338
-0.95301
-0.444723
0.846357
-0.293088
0.875904
0.47947
0.053855
0.187834
-0.23605
-0.953414
-0.444421
0.845215
-0.296818
0.877422
0.478335
0.036424
0.173243
-0.245149
-0.953881
-0.447345
0.843266
-0.297967
0.879043
0.476598
0.0116963
0.149501
-0.252279
-0.956036
-0.452694
0.842146
-0.293016
0.876871
0.480436
-0.0166813
0.121742
-0.2555
-0.959114
-0.465055
0.838988
-0.282529
0.872306
0.487768
-0.0341244
0.104214
-0.253651
-0.961666
-0.477725
0.83531
-0.272094
0.864399
0.500462
-0.0484931
0.0888285
-0.246926
-0.964955
-0.494897
0.829799
-0.257898
0.852706
0.517559
-0.0708871
0.0659006
-0.241189
-0.968238
-0.518218
0.820951
-0.239771
0.843656
0.530169
-0.084651
0.0523874
-0.23821
-0.9698
-0.534322
0.813743
-0.228741
0.826884
0.552506
-0.104884
0.0324393
-0.233053
-0.971923
-0.561437
0.800265
-0.210631
0.814712
0.567962
-0.11689
0.0183001
-0.226665
-0.973801
-0.579577
0.791228
-0.19506
0.799119
0.586986
-0.129829
0.00157301
-0.218001
-0.975947
-0.601171
0.779694
-0.175132
0.784679
0.605619
-0.1323
-0.0047981
-0.207481
-0.978227
-0.619883
0.76823
-0.159901
0.770996
0.622662
-0.133631
-0.0104015
-0.197494
-0.980249
-0.636755
0.757158
-0.14579
0.754692
0.642718
-0.13173
-0.0141319
-0.184812
-0.982672
-0.655927
0.743477
-0.130394
0.739425
0.660936
-0.128118
-0.0177414
-0.171105
-0.985093
-0.673005
0.730675
-0.114793
0.724367
0.6794
-0.11708
-0.0134378
-0.15588
-0.987685
-0.689284
0.717019
-0.103784
0.711385
0.695469
-0.101261
-0.007312
-0.136749
-0.990579
-0.702764
0.705424
-0.0921963
0.70366
0.70474
-0.0905723
-0.00631456
-0.121263
-0.9926
-0.710509
0.699025
-0.0808777
0.691997
0.717678
-0.0779621
-0.00862372
-0.0997697
-0.994973
-0.721849
0.689191
-0.0628513
0.681378
0.728992
-0.0655307
-0.0102497
-0.0800189
-0.996741
-0.73186
0.679829
-0.0470511
0.673074
0.737776
-0.0515572
-0.00866729
-0.0618384
-0.998049
-0.739524
0.672208
-0.0352274
0.670477
0.740899
-0.0391065
-0.00319891
-0.0498219
-0.998753
-0.741923
0.669766
-0.0310344
0.669074
0.74249
-0.0323997
-0.000886343
-0.0427978
-0.999083
-0.743196
0.668489
-0.0279768
0.670983
0.741172
-0.0210907
0.00788153
-0.0355721
-0.999336
-0.741431
0.670372
-0.0297098
0.671808
0.740655
-0.0101624
0.0184522
-0.0304492
-0.999366
-0.740495
0.671195
-0.0341227
0.672542
0.740037
0.0057524
0.0333737
-0.022563
-0.999188
-0.739306
0.672188
-0.0398723
0.669886
0.742245
0.0180233
0.0437982
-0.0152724
-0.998924
-0.741171
0.669954
-0.0427397
0.670717
0.741163
0.0285665
0.0497104
-0.00649113
-0.998743
-0.740046
0.671293
-0.0411972
0.665506
0.743963
0.0601724
0.0742197
0.0142569
-0.99714
-0.742693
0.668069
-0.0457286
0.666508
0.740785
0.0836957
0.0904033
0.0311261
-0.995419
-0.739996
0.671021
-0.0462236
0.668102
0.736002
0.109269
0.114199
0.0436854
-0.992497
-0.735253
0.675568
-0.0548647
0.671859
0.726869
0.142367
0.146777
0.0577423
-0.987483
-0.725991
0.684345
-0.0678931
0.674601
0.719526
0.164913
0.174419
0.061711
-0.982736
-0.717281
0.691718
-0.0838689
0.681499
0.710326
0.176061
0.19609
0.0545387
-0.979068
-0.705059
0.701757
-0.10212
0.688102
0.70412
0.175305
0.207819
0.0402382
-0.977339
-0.695218
0.70894
-0.118641
0.694499
0.6969
0.178891
0.221111
0.0298749
-0.974791
-0.684676
0.716546
-0.133344
0.698499
0.691304
0.184925
0.235952
0.0214768
-0.971527
-0.675592
0.722245
-0.148113
0.699056
0.688943
0.191516
0.250681
0.0147166
-0.967958
-0.669686
0.724666
-0.162417
0.700368
0.686012
0.197159
0.264518
0.00710064
-0.964355
-0.662959
0.727555
-0.176489
0.705042
0.681641
0.195654
0.274817
-0.00827914
-0.961461
-0.653752
0.73164
-0.193164
0.710864
0.676539
0.192269
0.28213
-0.0238795
-0.959079
-0.644263
0.73602
-0.207847
0.714525
0.673525
0.189257
0.288696
-0.0374454
-0.956688
-0.637267
0.738215
-0.2212
0.72281
0.666054
0.184171
0.292076
-0.0529157
-0.95493
-0.626289
0.744025
-0.232786
0.734363
0.654136
0.181154
0.295765
-0.0681674
-0.952825
-0.610928
0.753299
-0.24353
0.746345
0.642057
0.175305
0.293461
-0.081051
-0.952529
-0.597369
0.762361
-0.24891
0.760162
0.628007
0.166615
0.285528
-0.0925381
-0.953892
-0.583633
0.772686
-0.249657
0.77044
0.618317
0.15526
0.275398
-0.103157
-0.95578
-0.574959
0.77913
-0.24976
0.779559
0.609577
0.143885
0.265836
-0.114015
-0.957252
-0.567114
0.784485
-0.250929
0.793784
0.59701
0.116128
0.240583
-0.132853
-0.961493
-0.558593
0.791157
-0.249088
0.803348
0.58867
0.0899994
0.216806
-0.148355
-0.964876
-0.554642
0.794643
-0.246808
0.806322
0.58753
0.0682091
0.196994
-0.158022
-0.967586
-0.557707
0.793623
-0.243157
0.810251
0.585176
0.0325913
0.162716
-0.171182
-0.97171
-0.563042
0.792632
-0.233918
0.810579
0.585413
0.0159144
0.142939
-0.171418
-0.974774
-0.567917
0.792406
-0.222626
0.807978
0.589211
0.000958738
0.113271
-0.15373
-0.981599
-0.578222
0.793219
-0.190951
0.806463
0.591191
-0.0105459
0.0916887
-0.142656
-0.985516
-0.584133
0.793815
-0.169252
0.805759
0.591388
-0.0318247
0.0616661
-0.137221
-0.988619
-0.589024
0.794626
-0.147035
0.802071
0.594618
-0.0557696
0.0310677
-0.134796
-0.990386
-0.596419
0.792628
-0.126589
0.796222
0.600278
-0.0754767
0.00448033
-0.130601
-0.991425
-0.604988
0.789056
-0.106677
0.783687
0.614987
-0.0873255
-0.0176215
-0.118517
-0.992796
-0.620906
0.77958
-0.0820435
0.770317
0.630948
-0.0922908
-0.0365586
-0.100796
-0.994235
-0.636613
0.76925
-0.0545784
0.756344
0.647384
-0.094009
-0.0534396
-0.0820815
-0.995192
-0.651988
0.757731
-0.0274859
0.745227
0.658959
-0.102024
-0.0732533
-0.0711724
-0.994771
-0.662775
0.748804
-0.00476866
0.736726
0.666701
-0.11289
-0.0933446
-0.0650775
-0.993505
-0.669717
0.742479
0.0142887
0.729581
0.673329
-0.119746
-0.109148
-0.0582087
-0.99232
-0.675128
0.737048
0.0310249
0.721917
0.68154
-0.119746
-0.119476
-0.0476848
-0.991691
-0.681587
0.730226
0.0470033
0.715263
0.689139
-0.116128
-0.128916
-0.0332094
-0.991099
-0.686862
0.723868
0.0650873
0.70928
0.696075
-0.111366
-0.138226
-0.0175823
-0.990245
-0.691243
0.717754
0.0837447
0.703292
0.703292
-0.10374
-0.147915
0.00203157
-0.988998
-0.695343
0.710899
0.105456
0.698181
0.709518
-0.0955361
-0.158846
0.0234059
-0.987026
-0.698077
0.704298
0.129046
0.693656
0.71527
-0.0850331
-0.166445
0.0443095
-0.985055
-0.700812
0.697442
0.149789
0.690799
0.718914
-0.0771974
-0.17288
0.0605555
-0.98308
-0.702075
0.692456
0.166118
0.688601
0.722428
-0.0626604
-0.180523
0.0870944
-0.979707
-0.70231
0.685939
0.190388
0.686481
0.725477
-0.0492592
-0.183695
0.107477
-0.97709
-0.703563
0.679802
0.207047
0.68222
0.730735
-0.0245412
-0.18098
0.136253
-0.974003
-0.708394
0.668925
0.225203
0.681016
0.732256
-0.00421843
-0.174719
0.156893
-0.972038
-0.711119
0.662711
0.234786
0.678531
0.734369
0.0172564
-0.163398
0.173794
-0.971132
-0.716168
0.656123
0.237919
0.676542
0.734474
0.0532806
-0.136215
0.195918
-0.971114
-0.723697
0.649742
0.232592
0.673565
0.735477
0.0733733
-0.119526
0.20635
-0.971151
-0.729399
0.645363
0.226899
0.668554
0.736499
0.102977
-0.0958297
0.222639
-0.97018
-0.737464
0.638749
0.219425
0.665584
0.736342
0.121649
-0.080104
0.232539
-0.969283
-0.742012
0.635394
0.213758
0.662207
0.735153
0.145023
-0.0584988
0.243669
-0.968093
-0.747034
0.632594
0.204365
0.658036
0.733629
0.169639
-0.0334135
0.253516
-0.966754
-0.752245
0.630491
0.191336
0.65328
0.732837
0.190198
-0.00886902
0.258604
-0.965943
-0.757064
0.629344
0.17544
0.651732
0.72941
0.207862
0.0165317
0.260335
-0.965377
-0.758269
0.632604
0.15761
0.655745
0.723224
0.216668
0.0369952
0.255859
-0.966006
-0.754076
0.641469
0.141023
0.668379
0.709066
0.22471
0.0644675
0.245744
-0.967189
-0.741022
0.660935
0.118538
0.680493
0.696601
0.227325
0.0784803
0.239162
-0.967803
-0.72854
0.676423
0.108079
0.697357
0.679405
0.228259
0.0921276
0.230862
-0.968615
-0.710778
0.6965
0.0984017
0.719949
0.655547
0.227885
0.102092
0.224747
-0.969054
-0.686477
0.720934
0.0948807
0.744973
0.629039
0.222094
0.107154
0.215767
-0.970548
-0.658432
0.74683
0.0933362
0.763702
0.606913
0.220037
0.115449
0.206949
-0.971516
-0.635162
0.767352
0.08798
0.780332
0.586424
0.21723
0.121121
0.199064
-0.972473
-0.613524
0.785163
0.084308
0.798373
0.562049
0.216107
0.129376
0.190397
-0.973145
-0.588101
0.804891
0.0792923
0.817228
0.535241
0.213672
0.136025
0.181142
-0.974005
-0.560032
0.825049
0.0752279
0.83189
0.512155
0.213672
0.142482
0.175006
-0.974203
-0.536337
0.840874
0.0726129
0.844797
0.491061
0.212548
0.146489
0.169798
-0.974531
-0.514644
0.854416
0.07151
0.863964
0.458821
0.207487
0.148617
0.161354
-0.975642
-0.481124
0.873755
0.0712154
0.876611
0.436205
0.20317
0.149507
0.154428
-0.976627
-0.457384
0.886497
0.0701578
0.887841
0.414514
0.19979
0.150504
0.148711
-0.977361
-0.43484
0.89781
0.0696453
0.901761
0.386554
0.193397
0.1493
0.141333
-0.978639
-0.40563
0.911373
0.0697364
0.912786
0.363407
0.186432
0.146407
0.134999
-0.97997
-0.381296
0.921797
0.0700202
0.9233
0.339377
0.179834
0.143571
0.129315
-0.981155
-0.356237
0.931719
0.0706721
0.930572
0.322534
0.173229
0.139141
0.126084
-0.982213
-0.338639
0.938123
0.0724524
0.941449
0.294282
0.164535
0.133719
0.122079
-0.983471
-0.309504
0.94789
0.0755796
0.948795
0.273371
0.15829
0.129724
0.119704
-0.984298
-0.288027
0.954431
0.0781117
0.956519
0.250737
0.149006
0.123321
0.115294
-0.985647
-0.264317
0.961165
0.0793599
0.958697
0.243661
0.14673
0.121883
0.114179
-0.985955
-0.256992
0.963116
0.0797653
0.959315
0.243818
0.142367
0.117372
0.114216
-0.986498
-0.256786
0.963072
0.0809517
0.958449
0.248495
0.140089
0.113673
0.117711
-0.98652
-0.261635
0.961454
0.0845729
0.95506
0.26233
0.138
0.11012
0.118231
-0.986861
-0.275199
0.957708
0.0840303
0.947544
0.289022
0.13648
0.107053
0.115361
-0.987538
-0.301165
0.950346
0.0783688
0.940275
0.312025
0.136101
0.106151
0.111123
-0.988121
-0.323443
0.943553
0.0713644
0.9337
0.331259
0.135911
0.105902
0.107105
-0.988592
-0.342036
0.937441
0.0649227
0.92706
0.350071
0.134201
0.103442
0.105222
-0.989054
-0.36036
0.930795
0.0613349
0.91562
0.378851
0.134581
0.102095
0.10467
-0.989253
-0.388866
0.91952
0.0571592
0.90746
0.397678
0.135531
0.103197
0.101724
-0.989446
-0.407267
0.911869
0.0512712
0.893937
0.428689
0.13078
0.0994138
0.0948693
-0.990513
-0.437029
0.898457
0.0421896
0.886236
0.449507
0.111937
0.0844232
0.0808683
-0.993143
-0.455477
0.889609
0.0337195
0.878661
0.466626
0.10107
0.0808856
0.0631455
-0.994721
-0.470545
0.882198
0.0177402
0.872071
0.483037
0.0785356
0.071951
0.0321816
-0.996889
-0.484062
0.875008
-0.00669039
0.866155
0.496391
0.0580668
0.063423
0.00607333
-0.997968
-0.495735
0.868078
-0.0262221
0.860038
0.508563
0.0412141
0.0568123
-0.0151761
-0.99827
-0.507057
0.860891
-0.0419447
0.854739
0.518344
0.0272248
0.0515669
-0.0326079
-0.998137
-0.516491
0.85455
-0.0546006
0.848759
0.52862
0.0130385
0.0465965
-0.0502088
-0.997651
-0.526724
0.847372
-0.0672469
0.844321
0.535795
0.00671112
0.0450676
-0.0585274
-0.997268
-0.533939
0.842317
-0.0735629
0.837696
0.546125
-0.00345145
0.0401126
-0.0678285
-0.99689
-0.544661
0.834953
-0.0787262
0.830746
0.55647
-0.0141888
0.0339794
-0.0761365
-0.996518
-0.555613
0.827372
-0.0821587
0.823777
0.56657
-0.0197487
0.0334931
-0.0834137
-0.995952
-0.565923
0.819781
-0.0876905
0.811394
0.583874
-0.0270331
0.0338473
-0.0931086
-0.995081
-0.583518
0.806488
-0.0953104
0.802034
0.5965
-0.0304831
0.0340379
-0.0966009
-0.994741
-0.596307
0.796779
-0.0977809
0.790008
0.612395
-0.0293332
0.0378007
-0.0964056
-0.994624
-0.611931
0.784652
-0.0993101
0.783925
0.620291
-0.0264581
0.0417162
-0.0951445
-0.994589
-0.619452
0.77858
-0.100462
0.779404
0.626002
-0.0254997
0.0433915
-0.0945378
-0.994575
-0.625017
0.77407
-0.100846
0.774896
0.631724
-0.0214741
0.0488753
-0.0937545
-0.994395
-0.630197
0.769503
-0.103526
0.771686
0.635538
-0.0243495
0.046283
-0.0942993
-0.994467
-0.634318
0.766289
-0.102184
0.760006
0.649509
-0.0230077
0.0492563
-0.0928628
-0.99446
-0.648047
0.754662
-0.102569
0.748731
0.662569
-0.0201321
0.0548938
-0.0922418
-0.994222
-0.660598
0.7433
-0.105435
0.736378
0.676211
-0.0220492
0.0545317
-0.0918043
-0.994283
-0.674369
0.730966
-0.104478
0.725238
0.688101
-0.0233911
0.0565
-0.09334
-0.99403
-0.686177
0.719586
-0.106571
0.713204
0.700464
-0.0262664
0.0584738
-0.0967954
-0.993585
-0.698513
0.707093
-0.109994
0.708323
0.705341
-0.0277998
0.0592745
-0.0986764
-0.993353
-0.703396
0.701967
-0.111704
0.681006
0.731682
-0.0295248
0.0695009
-0.104719
-0.99207
-0.728972
0.673554
-0.122167
0.662558
0.748429
-0.0295248
0.0768055
-0.107098
-0.991277
-0.745063
0.654511
-0.128442
0.646434
0.762306
-0.0318247
0.0790475
-0.108403
-0.990959
-0.758864
0.638074
-0.130333
0.636235
0.770723
-0.0345077
0.0793699
-0.10988
-0.990771
-0.767402
0.627624
-0.131082
0.621823
0.782463
-0.0329746
0.0842865
-0.108724
-0.990492
-0.778609
0.613131
-0.133558
0.605475
0.795157
-0.0335495
0.086933
-0.10798
-0.990345
-0.791102
0.596713
-0.134505
0.587039
0.808902
-0.0325913
0.091032
-0.10596
-0.990195
-0.804424
0.578316
-0.135838
0.568976
0.821864
-0.0283748
0.0976229
-0.101764
-0.990007
-0.816539
0.56052
-0.138134
0.551439
0.833913
-0.0224326
0.103965
-0.09538
-0.989997
-0.827711
0.543591
-0.139294
0.524037
0.851554
-0.0155309
0.108495
-0.0848311
-0.990471
-0.844757
0.517358
-0.136844
0.509762
0.860182
-0.0151475
0.106325
-0.0804625
-0.991071
-0.85372
0.503599
-0.132475
0.502999
0.864189
-0.0130385
0.107183
-0.0773408
-0.991227
-0.857615
0.497188
-0.131529
0.50301
0.864209
-0.0111211
0.101889
-0.0720719
-0.992182
-0.858254
0.497944
-0.124306
0.507996
0.86134
-0.0057524
0.0966327
-0.0636251
-0.993284
-0.855922
0.504029
-0.115555
0.524916
0.851154
0.00076699
0.0864265
-0.0524037
-0.994879
-0.846755
0.522294
-0.10107
0.542906
0.839782
0.00441018
0.0787668
-0.0456919
-0.995845
-0.836091
0.540998
-0.0909534
0.564281
0.825525
0.00977897
0.0690756
-0.035406
-0.996983
-0.822688
0.563254
-0.0770026
0.581807
0.813118
0.0184067
0.0577605
-0.0187337
-0.998155
-0.811273
0.581797
-0.0578656
0.596851
0.801864
0.0279915
0.0505279
-0.00274606
-0.998719
-0.80076
0.5975
-0.0421555
0.612061
0.78989
0.0381485
0.043061
0.0148792
-0.998962
-0.789637
0.613068
-0.0249065
0.629376
0.775956
0.042172
0.0289483
0.0308199
-0.999106
-0.776562
0.630034
-0.00306528
0.647284
0.761235
0.0392981
0.0134757
0.0401194
-0.999104
-0.76213
0.647233
0.0157105
0.665507
0.745688
0.0323997
-0.00404172
0.0470081
-0.998886
-0.746381
0.664635
0.0342981
0.681509
0.731379
0.0251163
-0.0173938
0.0504998
-0.998573
-0.731603
0.680099
0.0471375
0.701344
0.712733
0.0113129
-0.0360613
0.0513264
-0.998031
-0.71191
0.699555
0.0616996
0.715319
0.698778
-0.00517716
-0.0548322
0.0487413
-0.997305
-0.696643
0.713676
0.0731812
0.726884
0.686228
-0.0270331
-0.0779594
0.0433413
-0.996014
-0.682321
0.726094
0.085002
0.732575
0.67922
-0.0446623
-0.0983312
0.0406735
-0.994322
-0.673547
0.732807
0.0965849
0.735818
0.674397
-0.0613207
-0.117998
0.0385211
-0.992266
-0.66682
0.737363
0.107922
0.737453
0.670193
-0.0836957
-0.143421
0.034297
-0.989067
-0.659996
0.741394
0.121412
0.739842
0.665404
-0.0993528
-0.159813
0.0303685
-0.98668
-0.653523
0.745866
0.128808
0.742333
0.65945
-0.118604
-0.177738
0.0231376
-0.983806
-0.646026
0.751392
0.134385
0.746117
0.650624
-0.141418
-0.199554
0.0158858
-0.979758
-0.635207
0.759234
0.141687
0.747441
0.646248
-0.153934
-0.211515
0.0118443
-0.977303
-0.629757
0.763036
0.145544
0.741997
0.647282
-0.17455
-0.234173
0.00627617
-0.972175
-0.628175
0.762225
0.156233
0.738488
0.649476
-0.181154
-0.243198
0.00598422
-0.969958
-0.62888
0.760359
0.162371
0.732621
0.652583
-0.193397
-0.259504
0.0051311
-0.965728
-0.629226
0.7577
0.173107
0.72796
0.653708
-0.206736
-0.274601
0.00169826
-0.961557
-0.628226
0.756745
0.180745
0.723496
0.656244
-0.214234
-0.283207
-0.000859856
-0.959059
-0.629561
0.754548
0.185231
0.715342
0.662478
-0.222281
-0.295551
-0.00140421
-0.955326
-0.633194
0.74908
0.194791
0.704003
0.675433
-0.219475
-0.299066
0.00164831
-0.954231
-0.644157
0.73742
0.20316
0.688847
0.693618
-0.210674
-0.300056
0.00826576
-0.953886
-0.659891
0.720295
0.213818
0.675708
0.710263
-0.197347
-0.297291
0.0175852
-0.954625
-0.674564
0.703717
0.223038
0.665648
0.725155
-0.176249
-0.288027
0.0317689
-0.957095
-0.688443
0.687853
0.230011
0.660061
0.734468
-0.157722
-0.279383
0.045115
-0.959119
-0.697327
0.677142
0.234977
0.655393
0.743202
-0.134581
-0.262485
0.0570456
-0.963248
-0.70821
0.666631
0.232467
0.656523
0.74679
-0.106219
-0.234219
0.0679689
-0.969805
-0.717021
0.661578
0.219536
0.660481
0.745219
-0.091718
-0.216443
0.072001
-0.973637
-0.718969
0.662921
0.208853
0.663697
0.743948
-0.0777709
-0.194833
0.0715548
-0.978223
-0.722182
0.664396
0.192437
0.667793
0.741354
-0.0666787
-0.174744
0.0690654
-0.982189
-0.723545
0.66755
0.175669
0.669611
0.740513
-0.0571097
-0.157178
0.0661362
-0.985353
-0.72589
0.66878
0.160678
0.66745
0.74269
-0.0540465
-0.14865
0.061768
-0.986959
-0.729667
0.66678
0.151628
0.662134
0.747662
-0.0507912
-0.138075
0.0551017
-0.988888
-0.736555
0.66179
0.139718
0.656029
0.753481
-0.043513
-0.125106
0.0517075
-0.990795
-0.744295
0.655434
0.128186
0.649034
0.759744
-0.0392981
-0.112062
0.0443838
-0.99271
-0.752461
0.648706
0.113945
0.643749
0.764177
-0.0402561
-0.108768
0.0393019
-0.99329
-0.757467
0.643808
0.108419
0.638925
0.768264
-0.0392981
-0.101538
0.0335855
-0.994265
-0.762538
0.639251
0.0994667
0.634742
0.771624
-0.0412141
-0.0935223
0.0237691
-0.995333
-0.767043
0.635635
0.0872513
0.632407
0.77361
-0.0398729
-0.083157
0.016623
-0.996398
-0.77016
0.633444
0.0748435
0.629536
0.776153
-0.0356575
-0.070786
0.0115914
-0.997424
-0.773741
0.630438
0.062238
0.622179
0.782296
-0.0300998
-0.0502272
0.00151929
-0.998737
-0.781262
0.622905
0.0402378
0.614553
0.788412
-0.0270331
-0.031285
-0.00988346
-0.999462
-0.788255
0.615068
0.0185916
0.60682
0.794392
-0.0266498
-0.012063
-0.0243203
-0.999631
-0.794747
0.606918
-0.00517532
0.601672
0.798389
-0.0237745
0.00253802
-0.0316757
-0.999495
-0.798739
0.601308
-0.0210847
0.594598
0.803654
-0.0243495
0.0155788
-0.0417946
-0.999005
-0.803872
0.593627
-0.037371
0.589145
0.807562
-0.0274165
0.0202487
-0.0486746
-0.998609
-0.807774
0.58777
-0.0450285
0.584258
0.810944
-0.0318247
0.0187414
-0.0526852
-0.998435
-0.811352
0.582747
-0.0459799
0.581122
0.813148
-0.0329746
0.0184314
-0.0536586
-0.998389
-0.813608
0.579578
-0.0461696
0.578522
0.814783
-0.0379569
0.01462
-0.0568855
-0.998274
-0.815536
0.576969
-0.0448216
0.576151
0.816407
-0.0391065
0.0174119
-0.0600947
-0.998041
-0.817158
0.574341
-0.0488388
0.575215
0.817076
-0.0389149
0.0276257
-0.0669503
-0.997374
-0.817535
0.57263
-0.0610831
0.577111
0.815774
-0.0381485
0.0408989
-0.0755243
-0.996305
-0.815641
0.573418
-0.0769502
0.581228
0.812637
-0.0423635
0.0547306
-0.0909816
-0.994347
-0.811898
0.575624
-0.0973572
0.581632
0.812215
-0.0448539
0.0652135
-0.101521
-0.992694
-0.810834
0.574457
-0.112015
0.58513
0.809534
-0.047727
0.0785826
-0.11518
-0.990232
-0.807123
0.575664
-0.13101
0.590368
0.805664
-0.0486846
0.0857375
-0.122574
-0.988749
-0.802568
0.579552
-0.14144
0.595398
0.801836
-0.0505997
0.0879656
-0.12766
-0.987909
-0.798601
0.583748
-0.146543
0.600088
0.798196
-0.0527062
0.0937262
-0.135592
-0.986322
-0.794424
0.58694
-0.156179
0.60258
0.796094
-0.055961
0.0963584
-0.142185
-0.985139
-0.79222
0.588232
-0.162388
0.606171
0.793226
-0.0578754
0.096827
-0.145829
-0.98456
-0.789419
0.591207
-0.165203
0.609925
0.790258
-0.0590239
0.0949823
-0.146846
-0.984589
-0.786746
0.594919
-0.164626
0.615739
0.785575
-0.0611293
0.0939507
-0.150223
-0.984178
-0.782329
0.600254
-0.166303
0.63229
0.771955
-0.0655307
0.0851484
-0.153317
-0.984502
-0.770038
0.616911
-0.162671
0.64796
0.759077
-0.0628518
0.0821338
-0.15167
-0.985013
-0.757233
0.633087
-0.160622
0.672766
0.737722
-0.0561525
0.0787521
-0.14687
-0.986016
-0.735652
0.658936
-0.156906
0.698062
0.714038
-0.0534721
0.0701321
-0.142499
-0.987307
-0.712595
0.685452
-0.14955
0.71565
0.696692
-0.0496422
0.0658336
-0.138041
-0.988236
-0.695349
0.703963
-0.144655
0.73041
0.681392
-0.0469609
0.0640386
-0.136774
-0.98853
-0.68
0.719025
-0.143536
0.731806
0.679813
-0.0481101
0.0591423
-0.133675
-0.989259
-0.678942
0.7211
-0.13803
0.730302
0.681029
-0.0534721
0.0534255
-0.134976
-0.989408
-0.681033
0.719709
-0.134957
0.728471
0.682724
-0.0567268
0.0485265
-0.134019
-0.98979
-0.683356
0.71828
-0.130759
0.725569
0.685514
-0.0601724
0.0447396
-0.134248
-0.989937
-0.686694
0.715576
-0.128075
0.723577
0.687053
-0.066296
0.0386881
-0.136265
-0.989917
-0.689159
0.713716
-0.125179
0.720731
0.689362
-0.0729909
0.0326584
-0.138942
-0.989762
-0.692445
0.710968
-0.122654
0.722645
0.686432
-0.0812114
0.0213626
-0.139613
-0.989976
-0.690889
0.713666
-0.115555
0.72343
0.68507
-0.0856063
0.015332
-0.139907
-0.990046
-0.690227
0.714917
-0.111716
0.722771
0.684183
-0.0974447
0.0025217
-0.143612
-0.989631
-0.691083
0.715031
-0.105524
0.721569
0.683045
-0.11308
-0.0140789
-0.14882
-0.988764
-0.692199
0.715054
-0.0977676
0.719547
0.683227
-0.124314
-0.0268807
-0.151475
-0.988096
-0.693924
0.714323
-0.0906276
0.719617
0.680674
-0.13724
-0.0402454
-0.156429
-0.986869
-0.693204
0.715691
-0.0851747
0.716574
0.67962
-0.156965
-0.0616244
-0.162471
-0.984787
-0.694784
0.715346
-0.0745411
0.71111
0.682775
-0.167749
-0.0768311
-0.161699
-0.983845
-0.69887
0.712511
-0.0625271
0.697405
0.693404
-0.181154
-0.0928951
-0.163176
-0.982214
-0.710632
0.701829
-0.0493858
0.692532
0.696527
-0.18775
-0.101532
-0.163561
-0.981295
-0.714207
0.69864
-0.042551
0.687006
0.701114
-0.190951
-0.107815
-0.161524
-0.980962
-0.718609
0.694514
-0.0353776
0.681567
0.704695
-0.197159
-0.115923
-0.16205
-0.97995
-0.722515
0.690757
-0.0287574
0.672765
0.710983
-0.204672
-0.122526
-0.16575
-0.978527
-0.72964
0.683396
-0.024397
0.66417
0.717722
-0.209174
-0.129242
-0.165353
-0.97773
-0.736325
0.676413
-0.0170622
0.653286
0.72721
-0.210674
-0.135081
-0.161843
-0.977528
-0.744964
0.667063
-0.00749764
0.628584
0.750837
-0.202795
-0.135028
-0.151432
-0.979202
-0.765931
0.642893
0.00619618
0.613162
0.768233
-0.183982
-0.123904
-0.13649
-0.982862
-0.780179
0.62545
0.0114967
0.59179
0.791258
-0.153934
-0.104162
-0.1143
-0.987971
-0.799334
0.600705
0.0147775
0.579783
0.804083
-0.13154
-0.0899873
-0.0972624
-0.991182
-0.809786
0.586508
0.0159662
0.567811
0.817164
-0.099162
-0.0677587
-0.0736572
-0.994979
-0.820365
0.571679
0.0135466
0.557345
0.827583
-0.06687
-0.042601
-0.0519289
-0.997742
-0.829187
0.558936
0.0063135
0.552459
0.832676
-0.0379569
-0.0197064
-0.0324766
-0.999278
-0.833307
0.552808
-0.00153292
0.561259
0.827217
-0.0264581
-0.0107293
-0.0246931
-0.999638
-0.827571
0.561339
-0.00498373
0.580293
0.814297
-0.0134219
0.00704573
-0.0214996
-0.999744
-0.814377
0.58005
-0.0182134
0.597203
0.802016
-0.0109294
0.0137732
-0.0238782
-0.99962
-0.801972
0.596825
-0.0253065
0.617909
0.786168
-0.0113129
0.0239115
-0.0331717
-0.999164
-0.785886
0.617122
-0.0392956
0.620838
0.78369
-0.0197487
0.0193013
-0.0404648
-0.998995
-0.783701
0.619833
-0.0402483
0.606955
0.794569
-0.0162978
0.0271316
-0.0412118
-0.998782
-0.794273
0.605774
-0.0465716
0.583902
0.811763
-0.00997071
0.0416374
-0.042211
-0.998241
-0.810755
0.58246
-0.0584468
0.564283
0.825528
-0.00939549
0.0484932
-0.0445036
-0.997832
-0.824156
0.562604
-0.0651451
0.548492
0.83606
-0.012655
0.0523464
-0.0494387
-0.997404
-0.834516
0.546406
-0.0708814
0.524697
0.851164
-0.0145723
0.0606959
-0.0544792
-0.996669
-0.849122
0.522065
-0.0802473
0.501989
0.864741
-0.0151475
0.0664589
-0.0560304
-0.996215
-0.862317
0.499082
-0.0855964
0.479429
0.877426
-0.0164895
0.0702654
-0.0571091
-0.995892
-0.874763
0.4763
-0.0890324
0.463183
0.886075
-0.018215
0.0732186
-0.0587401
-0.995585
-0.883233
0.459804
-0.0920846
0.43938
0.898054
-0.0210907
0.0745295
-0.0598415
-0.995422
-0.895204
0.435796
-0.0932247
0.422578
0.90602
-0.0235828
0.0754467
-0.0610952
-0.995276
-0.903181
0.418803
-0.0941737
0.398266
0.916921
-0.025308
0.0774154
-0.061092
-0.995125
-0.913997
0.394365
-0.0953147
0.378638
0.925133
-0.0276081
0.0774771
-0.061406
-0.995101
-0.922296
0.374644
-0.0949273
0.361881
0.931751
-0.0297165
0.0794145
-0.0625734
-0.994876
-0.928836
0.357667
-0.0966386
0.343038
0.938814
-0.0308665
0.0806242
-0.0621669
-0.994804
-0.935855
0.338767
-0.0970167
0.33109
0.942968
-0.0345077
0.0818262
-0.0651245
-0.994517
-0.940045
0.326451
-0.0987215
0.316929
0.94775
-0.036424
0.0865337
-0.0671378
-0.993984
-0.944494
0.31187
-0.10329
0.301585
0.952613
-0.0396813
0.0902666
-0.06996
-0.993457
-0.949157
0.29603
-0.107088
0.289124
0.956412
-0.0410225
0.0937085
-0.0709229
-0.99307
-0.952694
0.283276
-0.110129
0.28248
0.958268
-0.0438961
0.0961338
-0.0738085
-0.992628
-0.954444
0.276178
-0.112971
0.275278
0.960254
-0.0461947
0.100638
-0.0765706
-0.991972
-0.956083
0.268419
-0.117716
0.273743
0.960461
-0.0507912
0.100054
-0.0809591
-0.991683
-0.956584
0.266384
-0.11826
0.272173
0.960541
-0.0573011
0.100986
-0.0877336
-0.991012
-0.956934
0.263941
-0.120879
0.267495
0.961581
-0.0617035
0.108315
-0.0936391
-0.989697
-0.957452
0.258056
-0.129202
0.267044
0.961388
-0.0664873
0.104143
-0.0973789
-0.989784
-0.95804
0.257392
-0.126126
0.267938
0.961032
-0.0680178
0.0961086
-0.0969089
-0.990642
-0.95863
0.258894
-0.118329
0.267743
0.961046
-0.0685917
0.0957903
-0.0973898
-0.990626
-0.958717
0.258663
-0.118134
0.271229
0.960013
-0.0693569
0.0955956
-0.0985698
-0.990528
-0.957756
0.262029
-0.118508
0.272619
0.959306
-0.0735646
0.0943022
-0.102735
-0.990229
-0.95749
0.263017
-0.118472
0.276044
0.958071
-0.076815
0.0935841
-0.106332
-0.989917
-0.956578
0.266072
-0.119013
0.277438
0.957386
-0.0802558
0.0935702
-0.110064
-0.98951
-0.956176
0.267018
-0.120119
0.281282
0.956231
-0.0806381
0.0913707
-0.110337
-0.989685
-0.955265
0.271013
-0.118407
0.290564
0.953255
-0.0829313
0.0874312
-0.112758
-0.989768
-0.952853
0.280341
-0.116108
0.307203
0.947576
-0.0878986
0.0829983
-0.118691
-0.989456
-0.948018
0.296669
-0.11511
0.337937
0.936538
-0.0932454
0.07726
-0.126344
-0.988973
-0.937992
0.327007
-0.115053
0.361676
0.927533
-0.0941999
0.073134
-0.128955
-0.98895
-0.929431
0.350791
-0.114474
0.393483
0.914051
-0.0983988
0.0636252
-0.133852
-0.988957
-0.917128
0.382877
-0.110825
0.423504
0.900781
-0.0961087
0.0591053
-0.133342
-0.989306
-0.903964
0.413295
-0.109712
0.450711
0.887766
-0.0934363
0.0538496
-0.131519
-0.98985
-0.891044
0.441105
-0.107083
0.485171
0.870009
-0.0877076
0.0496235
-0.127537
-0.990592
-0.87301
0.476254
-0.10505
0.509214
0.856635
-0.0829313
0.0434019
-0.121798
-0.991606
-0.859545
0.50134
-0.0992007
0.529657
0.844278
-0.0815937
0.037766
-0.119573
-0.992107
-0.847371
0.522395
-0.0952176
0.545667
0.834544
-0.0760503
0.0329135
-0.112025
-0.99316
-0.837355
0.539432
-0.0885963
0.563869
0.822212
-0.0775797
0.0245091
-0.110556
-0.993568
-0.8255
0.558341
-0.0824909
0.572262
0.816867
-0.0724171
0.0257289
-0.106146
-0.994018
-0.819667
0.566975
-0.0817607
0.575103
0.814592
-0.0754767
0.0185653
-0.105233
-0.994274
-0.81787
0.570409
-0.0756427
0.576372
0.813405
-0.0785356
0.0142703
-0.106108
-0.994252
-0.817063
0.571938
-0.0727654
0.574507
0.814741
-0.0783444
0.0152519
-0.106357
-0.994211
-0.818357
0.569986
-0.0735291
0.575668
0.813735
-0.0802558
0.0128905
-0.107169
-0.994157
-0.817582
0.57127
-0.0721836
0.576514
0.812945
-0.082167
0.0113513
-0.10852
-0.994029
-0.817008
0.572139
-0.0717911
0.575496
0.813491
-0.0838868
0.00860384
-0.108592
-0.994049
-0.81776
0.571349
-0.0694937
0.574466
0.81402
-0.0857973
0.0085715
-0.110796
-0.993806
-0.818484
0.570172
-0.0706257
0.574545
0.813801
-0.0873255
0.00971114
-0.113464
-0.993495
-0.818415
0.569959
-0.073093
0.57261
0.814702
-0.0915271
0.00706942
-0.116544
-0.99316
-0.819797
0.568047
-0.0724941
0.572196
0.814777
-0.0934363
0.00806395
-0.119515
-0.9928
-0.820077
0.567323
-0.0749561
0.573632
0.8135
-0.095727
0.0073038
-0.121942
-0.99251
-0.819081
0.568636
-0.0758914
0.57388
0.81319
-0.0968721
0.00659869
-0.122878
-0.9924
-0.818913
0.568879
-0.0758829
0.57414
0.812566
-0.100498
0.0063259
-0.127143
-0.991864
-0.818733
0.568833
-0.078138
0.572625
0.813396
-0.102405
0.0051362
-0.128469
-0.9917
-0.819801
0.567346
-0.0777424
0.572777
0.812949
-0.105075
0.00512558
-0.131735
-0.991272
-0.819696
0.567239
-0.0796215
0.572562
0.812314
-0.110984
0.00154947
-0.136442
-0.990647
-0.81986
0.567035
-0.0793801
0.574931
0.810055
-0.115176
-0.000528951
-0.140399
-0.990095
-0.818202
0.569297
-0.0802913
0.580106
0.805832
-0.118794
-0.0042029
-0.142879
-0.989731
-0.81453
0.574648
-0.0794978
0.584049
0.802838
-0.119746
-0.00485077
-0.144067
-0.989556
-0.811704
0.57853
-0.0802476
0.594598
0.795648
-0.115747
-0.00400695
-0.141026
-0.989998
-0.804013
0.589115
-0.0806656
0.612912
0.782586
-0.109079
-0.00552244
-0.133802
-0.990993
-0.790132
0.607994
-0.0776869
0.638146
0.763151
-0.101833
-0.00502207
-0.128136
-0.991744
-0.769899
0.633389
-0.0779371
0.663535
0.742045
-0.0953453
-0.00452752
-0.123457
-0.99234
-0.748132
0.658883
-0.0785584
0.6878
0.720204
-0.0907633
-0.0058353
-0.119546
-0.992812
-0.725877
0.683385
-0.078021
0.704163
0.704433
-0.0890445
-0.00884747
-0.116693
-0.993129
-0.709983
0.700112
-0.0759387
0.723382
0.685024
-0.0863704
-0.00957793
-0.115125
-0.993305
-0.690381
0.719366
-0.0767185
0.74393
0.662401
-0.0882806
-0.0150397
-0.115476
-0.993196
-0.668089
0.740196
-0.0759438
0.765385
0.637276
-0.0898085
-0.0208955
-0.114866
-0.993161
-0.643234
0.762027
-0.0746004
0.7769
0.622767
-0.0926727
-0.0240504
-0.117727
-0.992755
-0.629164
0.7735
-0.0764844
0.793504
0.601816
-0.0903814
-0.0221166
-0.1199
-0.99254
-0.608163
0.789583
-0.0818307
0.807949
0.5821
-0.0915271
-0.0236081
-0.123226
-0.992098
-0.588779
0.803726
-0.0858177
0.821339
0.562576
-0.0943908
-0.024296
-0.13082
-0.991108
-0.569922
0.81633
-0.0937793
0.829208
0.550616
-0.0961087
-0.0250302
-0.135195
-0.990503
-0.55838
0.823738
-0.0983231
0.838697
0.536522
-0.0934363
-0.0222766
-0.137628
-0.990233
-0.544142
0.832588
-0.103476
0.852562
0.514345
-0.0926727
-0.0238321
-0.138875
-0.990023
-0.522083
0.846264
-0.106142
0.862731
0.496408
-0.0962996
-0.030022
-0.139822
-0.989721
-0.504771
0.856755
-0.105726
0.872127
0.480013
-0.0947726
-0.0305915
-0.139823
-0.989704
-0.488323
0.866047
-0.107259
0.874426
0.476484
-0.0913361
-0.0272523
-0.139723
-0.989816
-0.484393
0.86801
-0.109192
0.870762
0.484497
-0.0838868
-0.0168162
-0.141161
-0.989844
-0.491417
0.863329
-0.11477
0.863813
0.497472
-0.0796824
-0.00744085
-0.145544
-0.989324
-0.503758
0.855183
-0.122021
0.857845
0.507932
-0.0781532
-0.00191275
-0.148919
-0.988848
-0.513906
0.848427
-0.126778
0.849926
0.521687
-0.073947
0.00765007
-0.152546
-0.988267
-0.526847
0.839388
-0.133644
0.838771
0.539748
-0.0716522
0.0160426
-0.156038
-0.987621
-0.544247
0.827239
-0.139539
0.826853
0.558006
-0.0703133
0.022057
-0.157096
-0.987337
-0.561986
0.814831
-0.142204
0.809346
0.583578
-0.066296
0.0312754
-0.155539
-0.987335
-0.586499
0.797022
-0.144136
0.792677
0.606233
-0.0643826
0.0357502
-0.151649
-0.987788
-0.608593
0.780695
-0.141882
0.771585
0.633471
-0.0580668
0.043847
-0.144027
-0.988602
-0.634614
0.760244
-0.138905
0.751172
0.657827
-0.0548123
0.0483086
-0.137596
-0.98931
-0.658336
0.740494
-0.135137
0.731008
0.680117
-0.0553867
0.0484886
-0.132737
-0.989965
-0.680644
0.720987
-0.130009
0.711289
0.700729
-0.0551952
0.0476906
-0.126455
-0.990825
-0.70128
0.702131
-0.123364
0.687109
0.72447
-0.0550038
0.0491663
-0.121895
-0.991325
-0.724889
0.678444
-0.119375
0.669334
0.741062
-0.0530891
0.0521151
-0.118111
-0.991632
-0.741132
0.660966
-0.117676
0.64736
0.760438
-0.0515572
0.0514409
-0.111081
-0.992479
-0.760446
0.639839
-0.111027
0.633611
0.772057
-0.0496422
0.0516822
-0.106263
-0.992994
-0.771924
0.626606
-0.107231
0.610831
0.790179
-0.0500252
0.0472518
-0.0994508
-0.99392
-0.79035
0.604754
-0.098085
0.589545
0.806161
-0.0504082
0.0450219
-0.0951061
-0.994449
-0.80648
0.584003
-0.0923642
0.567694
0.821695
-0.0504082
0.0439334
-0.0913833
-0.994846
-0.822066
0.562554
-0.0879776
0.550445
0.833451
-0.0486846
0.044542
-0.0875482
-0.995164
-0.833683
0.545614
-0.085314
0.534275
0.843713
-0.0519402
0.0391347
-0.0860675
-0.99552
-0.844404
0.529849
-0.0790022
0.513537
0.856412
-0.0532806
0.038395
-0.0849658
-0.995644
-0.857208
0.509254
-0.076515
0.498848
0.86505
-0.0532806
0.0391753
-0.0839189
-0.995702
-0.865804
0.494616
-0.0757514
0.486311
0.872053
-0.0550038
0.0393738
-0.0847551
-0.995624
-0.872898
0.482017
-0.0755533
0.470633
0.880492
-0.0569183
0.0381198
-0.0847395
-0.995674
-0.881505
0.466427
-0.0734453
0.459777
0.886171
-0.0574926
0.0399137
-0.0852978
-0.995556
-0.887137
0.455439
-0.0745883
0.448765
0.891543
-0.0613207
0.0371867
-0.0871889
-0.995497
-0.892876
0.444464
-0.0722809
0.43914
0.896257
-0.0622776
0.0370123
-0.0873082
-0.995494
-0.897656
0.434856
-0.0715131
0.423716
0.903932
-0.0580668
0.0416841
-0.0834971
-0.995636
-0.904835
0.419447
-0.0730586
0.405861
0.912301
-0.0546209
0.0427963
-0.07867
-0.995982
-0.912932
0.401893
-0.0709722
0.395094
0.917309
-0.0494507
0.0431295
-0.0722934
-0.99645
-0.917628
0.391558
-0.0681257
0.398077
0.916485
-0.0398729
0.0451332
-0.0629793
-0.996994
-0.916241
0.39508
-0.0664345
0.40842
0.912394
-0.0270331
0.0440709
-0.0492917
-0.997812
-0.91173
0.406335
-0.0603418
0.416945
0.908912
-0.00594414
0.0398602
-0.0248177
-0.998897
-0.908057
0.416248
-0.046577
0.42263
0.906131
0.0176399
0.0380307
0.00171516
-0.999275
-0.905504
0.422994
-0.0337359
0.432842
0.900382
0.0442792
0.0359436
0.0318423
-0.998846
-0.900753
0.433934
-0.0185802
0.446444
0.892465
0.0647653
0.0344619
0.0551762
-0.997882
-0.894148
0.44773
-0.00612294
0.470042
0.879793
0.0708871
0.0271456
0.0658649
-0.997459
-0.882226
0.470772
0.00707679
0.501651
0.862254
0.0697395
0.0174959
0.0704878
-0.997359
-0.864893
0.501547
0.0202744
0.532547
0.843845
0.065722
0.00635965
0.0736573
-0.997263
-0.846376
0.531508
0.0338594
0.557558
0.827899
0.060938
-0.00447155
0.0764011
-0.997067
-0.830126
0.55565
0.0463
0.591267
0.804624
0.0546209
-0.0223871
0.0840772
-0.996208
-0.806165
0.587802
0.0677253
0.617815
0.785118
0.043513
-0.0374533
0.0846565
-0.995706
-0.785431
0.613533
0.0817073
0.648728
0.760567
0.0262664
-0.0547002
0.0810266
-0.99521
-0.759052
0.644184
0.0941674
0.674381
0.738355
0.00651937
-0.0727894
0.0752637
-0.994503
-0.734787
0.6702
0.104501
0.693261
0.720647
-0.00747809
-0.0865074
0.0729097
-0.99358
-0.715475
0.689457
0.112887
0.717177
0.696306
-0.0285665
-0.111156
0.0738284
-0.991057
-0.68797
0.713938
0.130346
0.731255
0.68087
-0.0410225
-0.128017
0.0779207
-0.988706
-0.669984
0.728248
0.144143
0.746907
0.662488
-0.0569183
-0.143721
0.0772709
-0.986597
-0.649211
0.745076
0.152928
0.761416
0.643673
-0.0770062
-0.161221
0.0729646
-0.984217
-0.627896
0.761814
0.15933
0.775933
0.623214
-0.0976355
-0.1809
0.0715588
-0.980895
-0.604321
0.778771
0.168265
0.788826
0.603288
-0.117461
-0.197908
0.0683883
-0.977832
-0.581881
0.794586
0.173342
0.797307
0.589193
-0.13097
-0.209297
0.0663626
-0.975598
-0.566124
0.805262
0.176228
0.810737
0.564498
-0.155071
-0.227532
0.0597878
-0.971934
-0.539383
0.823266
0.176914
0.819158
0.546663
-0.173606
-0.243269
0.0570307
-0.968281
-0.519422
0.835408
0.179704
0.827383
0.527497
-0.192833
-0.25806
0.0521024
-0.964723
-0.498842
0.847957
0.179235
0.830531
0.518152
-0.204297
-0.2656
0.0460377
-0.962984
-0.489566
0.854049
0.175857
0.829951
0.514039
-0.216668
-0.272721
0.0350725
-0.961454
-0.486626
0.857049
0.169298
0.820741
0.52282
-0.230312
-0.28124
0.0188437
-0.959453
-0.497281
0.852235
0.162504
0.809461
0.535047
-0.241864
-0.288768
0.00408925
-0.957391
-0.511259
0.844813
0.157814
0.795575
0.550325
-0.253382
-0.295199
-0.0131097
-0.955346
-0.529072
0.834848
0.152026
0.777101
0.571272
-0.264125
-0.301554
-0.0303939
-0.952965
-0.55243
0.820198
0.14865
0.759976
0.591452
-0.269484
-0.306876
-0.0389681
-0.950952
-0.572943
0.805398
0.151887
0.74048
0.614139
-0.27299
-0.311727
-0.0460086
-0.949057
-0.595413
0.787856
0.157375
0.722805
0.63421
-0.274466
-0.317204
-0.0483689
-0.947123
-0.61395
0.771647
0.166213
0.705203
0.653338
-0.275387
-0.321061
-0.0520414
-0.945627
-0.632146
0.755275
0.173062
0.679373
0.679634
-0.276678
-0.329821
-0.0539949
-0.942498
-0.655493
0.731562
0.187475
0.657654
0.70226
-0.272621
-0.33581
-0.0506532
-0.940567
-0.674331
0.710116
0.202514
0.642013
0.718532
-0.267452
-0.338968
-0.0468786
-0.939629
-0.687692
0.693912
0.213463
0.627349
0.737504
-0.250042
-0.328216
-0.0407649
-0.943723
-0.706193
0.674111
0.216487
0.621607
0.751241
-0.221907
-0.303515
-0.0301711
-0.952349
-0.722139
0.659338
0.209258
0.617706
0.763062
-0.190198
-0.276643
-0.0155527
-0.960847
-0.736144
0.646138
0.201489
0.616776
0.770032
-0.163211
-0.255483
-0.000284092
-0.966814
-0.744524
0.638005
0.196555
0.620329
0.776907
-0.107744
-0.207825
0.0303496
-0.977695
-0.756308
0.628884
0.180287
0.62535
0.777065
-0.0714609
-0.175291
0.0506486
-0.983213
-0.760401
0.627379
0.167886
0.633966
0.773094
-0.0203238
-0.127524
0.0785822
-0.988718
-0.762775
0.629405
0.148407
0.641241
0.76715
0.0170647
-0.0897843
0.0970972
-0.991217
-0.762069
0.634076
0.131141
0.647956
0.759957
0.0511742
-0.0542252
0.113041
-0.99211
-0.759745
0.640069
0.114454
0.664179
0.742766
0.084651
-0.0150488
0.126495
-0.991853
-0.747422
0.657494
0.0951933
0.680596
0.724806
0.106982
0.0227757
0.125018
-0.991893
-0.732305
0.677515
0.0685785
0.702172
0.702442
0.116319
0.0517904
0.112546
-0.992296
-0.710121
0.702787
0.0426467
0.721143
0.681332
0.125455
0.0803825
0.0975751
-0.991977
-0.688107
0.725442
0.0155984
0.734748
0.662864
0.144075
0.110954
0.0920934
-0.989549
-0.669205
0.743055
-0.00588213
0.744613
0.646803
0.164913
0.136676
0.0940875
-0.986137
-0.653353
0.756831
-0.0183438
0.754352
0.628824
0.188504
0.161318
0.100778
-0.981743
-0.636341
0.770989
-0.0254191
0.760659
0.615036
0.207674
0.187266
0.0984144
-0.977367
-0.621554
0.782333
-0.0403155
0.764184
0.605624
0.221907
0.212724
0.0881458
-0.973128
-0.60891
0.790854
-0.0614714
0.766689
0.598566
0.232177
0.233986
0.0762523
-0.969245
-0.597862
0.797436
-0.0815945
0.768906
0.590393
0.245397
0.254633
0.0692919
-0.964552
-0.586469
0.804136
-0.0970547
0.77248
0.580754
0.256905
0.271761
0.063315
-0.96028
-0.573952
0.811613
-0.108917
0.776129
0.570786
0.268006
0.286375
0.0596029
-0.956262
-0.561795
0.818932
-0.117199
0.78142
0.558674
0.277967
0.302335
0.0507148
-0.951852
-0.545872
0.827835
-0.129277
0.784416
0.552223
0.282385
0.311329
0.0432098
-0.949319
-0.536438
0.832576
-0.138029
0.787195
0.540742
0.296517
0.331351
0.0346557
-0.942871
-0.520126
0.840474
-0.151895
0.792085
0.528157
0.306025
0.343875
0.0281262
-0.938594
-0.504332
0.848681
-0.159341
0.802007
0.511103
0.309126
0.347614
0.0214896
-0.937391
-0.485746
0.859251
-0.160432
0.813124
0.491616
0.311678
0.349017
0.0167577
-0.936967
-0.465851
0.870651
-0.157956
0.825386
0.46904
0.314228
0.350086
0.0114373
-0.936648
-0.442919
0.883103
-0.154764
0.841115
0.4364
0.319502
0.352375
0.00599098
-0.93584
-0.410314
0.899733
-0.148738
0.851504
0.413372
0.322589
0.353893
0.000897855
-0.935285
-0.386911
0.910562
-0.145525
0.867758
0.380676
0.319502
0.349723
-0.0109504
-0.936789
-0.353114
0.924644
-0.142633
0.881471
0.355255
0.311132
0.343301
-0.0296489
-0.938757
-0.324274
0.934299
-0.148094
0.89068
0.3377
0.304381
0.339586
-0.0490309
-0.939296
-0.302276
0.939976
-0.158349
0.897349
0.324186
0.299446
0.340038
-0.0753794
-0.937386
-0.281315
0.942986
-0.177877
0.900825
0.317846
0.295785
0.339836
-0.0921533
-0.935959
-0.270233
0.943653
-0.191029
0.906887
0.31024
0.285143
0.332127
-0.109834
-0.936818
-0.25932
0.944292
-0.202647
0.914975
0.301489
0.268191
0.31729
-0.126928
-0.939796
-0.249297
0.944984
-0.211795
0.923436
0.297031
0.24298
0.294956
-0.144313
-0.94455
-0.245495
0.9439
-0.220875
0.927606
0.294843
0.229379
0.283193
-0.154588
-0.946522
-0.243616
0.942958
-0.226894
0.932572
0.293668
0.209924
0.267073
-0.170056
-0.948553
-0.24286
0.94066
-0.23702
0.93458
0.298837
0.193021
0.25564
-0.186809
-0.948552
-0.247404
0.935842
-0.250982
0.934701
0.308982
0.175683
0.246201
-0.206327
-0.947003
-0.256359
0.928417
-0.268926
0.933509
0.321348
0.159047
0.237522
-0.221938
-0.945689
-0.268597
0.920586
-0.283508
0.931068
0.335762
0.142746
0.228832
-0.232687
-0.945247
-0.284163
0.912755
-0.293481
0.926077
0.3558
0.125645
0.220299
-0.239477
-0.945579
-0.306348
0.903359
-0.300157
0.919602
0.379879
0.100116
0.203967
-0.243887
-0.948112
-0.335751
0.892307
-0.301761
0.913336
0.398792
0.0823581
0.19225
-0.244
-0.950528
-0.358968
0.883985
-0.299522
0.905039
0.42022
0.065722
0.182391
-0.243849
-0.952508
-0.384237
0.874044
-0.297337
0.890147
0.453423
0.045237
0.171221
-0.240823
-0.955347
-0.422282
0.858144
-0.292003
0.876964
0.479613
0.0300998
0.161785
-0.235682
-0.958269
-0.452504
0.845237
-0.284279
0.863662
0.503801
0.0164895
0.152728
-0.230366
-0.961044
-0.480377
0.832536
-0.275903
0.844425
0.535634
0.00651937
0.146095
-0.218575
-0.964822
-0.515366
0.815672
-0.262824
0.832213
0.554453
0.00191747
0.142135
-0.209994
-0.967316
-0.535928
0.805285
-0.253567
0.815481
0.578783
-0.00115049
0.13746
-0.195606
-0.971001
-0.562224
0.791675
-0.239072
0.806051
0.59184
-0.00249272
0.134021
-0.186628
-0.973246
-0.576472
0.784152
-0.229751
0.793727
0.608243
-0.00613588
0.125323
-0.173395
-0.976846
-0.595224
0.77458
-0.213856
0.78309
0.621831
-0.00977897
0.114277
-0.159333
-0.980589
-0.611318
0.766772
-0.195833
0.77546
0.631196
-0.0159144
0.101742
-0.149792
-0.983469
-0.623145
0.761022
-0.180377
0.766385
0.6421
-0.0189819
0.0966766
-0.144501
-0.984771
-0.635065
0.752879
-0.17282
0.76
0.649252
-0.0295248
0.0891746
-0.149169
-0.984783
-0.643777
0.745802
-0.171265
0.753995
0.655715
-0.0391065
0.0829888
-0.154146
-0.984557
-0.651616
0.739106
-0.170642
0.746863
0.662962
-0.0517487
0.075742
-0.162125
-0.983859
-0.66065
0.730888
-0.171299
0.744943
0.664841
-0.0551952
0.0736437
-0.164182
-0.983677
-0.663051
0.728719
-0.171267
0.744166
0.665174
-0.0613207
0.0692703
-0.168147
-0.983325
-0.664393
0.72751
-0.171206
0.74175
0.66712
-0.0689743
0.0636675
-0.17242
-0.982964
-0.667647
0.724722
-0.170366
0.744078
0.663301
-0.0798736
0.0516977
-0.176361
-0.982967
-0.666089
0.727275
-0.165517
0.743541
0.663334
-0.08446
0.047751
-0.178655
-0.982752
-0.666983
0.726684
-0.164512
0.74375
0.662241
-0.0909542
0.0444588
-0.184771
-0.981776
-0.666978
0.726152
-0.166866
0.741939
0.663952
-0.0932454
0.0452885
-0.188387
-0.98105
-0.668936
0.723657
-0.169841
0.733307
0.671579
-0.106028
0.0338677
-0.191836
-0.980843
-0.679053
0.715668
-0.163419
0.725699
0.677779
-0.118223
0.0236554
-0.196311
-0.980256
-0.687605
0.708575
-0.158496
0.719878
0.683016
-0.123552
0.0159266
-0.194211
-0.980831
-0.693918
0.70411
-0.150686
0.716052
0.685939
-0.129449
0.00742919
-0.192923
-0.981186
-0.698007
0.701619
-0.143239
0.704645
0.695517
-0.140468
-0.00112019
-0.196875
-0.980428
-0.709559
0.691011
-0.137948
0.681275
0.715291
-0.155639
-0.0134037
-0.200389
-0.979625
-0.731905
0.66948
-0.126932
0.661285
0.731868
-0.164535
-0.028859
-0.194357
-0.980506
-0.74958
0.653142
-0.107404
0.636607
0.75335
-0.164913
-0.0504073
-0.172737
-0.983677
-0.76954
0.634528
-0.0719914
0.617688
0.771474
-0.152608
-0.0572641
-0.149415
-0.987115
-0.784335
0.618468
-0.0481143
0.599502
0.78888
-0.135151
-0.072761
-0.114443
-0.990762
-0.797059
0.603797
-0.0112091
0.58941
0.796641
-0.134011
-0.0929512
-0.0979079
-0.990845
-0.802469
0.59647
0.0163408
0.577753
0.805167
-0.133821
-0.114381
-0.0824668
-0.990008
-0.808157
0.587287
0.0444504
0.566188
0.813497
-0.13287
-0.131866
-0.0697273
-0.988812
-0.81366
0.577375
0.0677939
0.551362
0.824487
-0.127357
-0.155863
-0.0481678
-0.986604
-0.819577
0.563826
0.10195
0.535804
0.835808
-0.119746
-0.180975
-0.0248428
-0.983174
-0.824719
0.548459
0.13795
0.523205
0.844388
-0.115176
-0.205731
-0.00600503
-0.97859
-0.827001
0.535699
0.170575
0.524316
0.842568
-0.123172
-0.215753
-0.00847813
-0.976411
-0.823737
0.538523
0.177342
0.519037
0.845608
-0.124694
-0.216956
-0.0107712
-0.976122
-0.826759
0.533696
0.177869
0.513625
0.848424
-0.127928
-0.218534
-0.0148236
-0.975717
-0.829718
0.529109
0.177795
0.506679
0.851626
-0.134201
-0.217412
-0.0244136
-0.975774
-0.834271
0.523581
0.172784
0.505317
0.853427
-0.127737
-0.202235
-0.0267841
-0.978971
-0.838902
0.520523
0.159059
0.507963
0.853411
-0.11689
-0.183288
-0.0255065
-0.982728
-0.841653
0.520614
0.143464
0.508164
0.854494
-0.107744
-0.163601
-0.0270531
-0.986156
-0.845579
0.518756
0.126048
0.508656
0.854949
-0.101642
-0.148493
-0.0291711
-0.988483
-0.848068
0.517891
0.112116
0.506394
0.85712
-0.0943908
-0.12645
-0.034468
-0.991374
-0.85298
0.513961
0.0909284
0.504146
0.85857
-0.0932454
-0.108717
-0.0440181
-0.993098
-0.856748
0.510803
0.0711495
0.500747
0.8607
-0.091909
-0.0936919
-0.051662
-0.99426
-0.860508
0.506484
0.054771
0.49466
0.863903
-0.0947726
-0.0751842
-0.0661021
-0.994976
-0.865828
0.499301
0.0322538
0.488863
0.866836
-0.0980171
-0.0603361
-0.0784917
-0.995087
-0.870271
0.492376
0.0139298
0.485742
0.867901
-0.103931
-0.0490851
-0.0916293
-0.994583
-0.872723
0.488212
-0.00190714
0.484038
0.868761
-0.104694
-0.0412377
-0.0968636
-0.994443
-0.874075
0.485666
-0.01106
0.476227
0.872363
-0.110413
-0.0235964
-0.112842
-0.993333
-0.879005
0.475658
-0.033154
0.474442
0.872669
-0.115557
-0.012526
-0.124566
-0.992132
-0.880198
0.472157
-0.0481683
0.465946
0.876569
-0.120507
-0.00027332
-0.136053
-0.990702
-0.884813
0.461646
-0.0631536
0.462608
0.877992
-0.122982
0.00672111
-0.142186
-0.989817
-0.886538
0.45707
-0.0716776
0.460227
0.879189
-0.123362
0.0176505
-0.147986
-0.988832
-0.887626
0.45291
-0.0836253
0.449562
0.884663
-0.123552
0.0303083
-0.153346
-0.987708
-0.892735
0.440292
-0.0957511
0.455561
0.880937
-0.128118
0.0293503
-0.158705
-0.98689
-0.88972
0.445829
-0.0981556
0.446938
0.884954
-0.13078
0.0375612
-0.164629
-0.98564
-0.893776
0.435608
-0.106819
0.432186
0.891999
-0.13249
0.0550699
-0.172752
-0.983425
-0.900102
0.417726
-0.123783
0.420704
0.896611
-0.13819
0.0662719
-0.182293
-0.981008
-0.904774
0.403556
-0.136112
0.401863
0.904714
-0.141418
0.0787103
-0.187993
-0.979011
-0.912311
0.382297
-0.146758
0.389835
0.908935
-0.147868
0.0847601
-0.195306
-0.977073
-0.916976
0.368364
-0.153179
0.373984
0.914762
-0.152797
0.0970327
-0.202442
-0.974475
-0.922345
0.349612
-0.164472
0.364532
0.917144
-0.161129
0.0989917
-0.210223
-0.972629
-0.925914
0.338604
-0.167423
0.361992
0.91741
-0.165291
0.0985433
-0.213984
-0.971854
-0.926958
0.335515
-0.167865
0.358049
0.918751
-0.166426
0.098861
-0.214544
-0.971698
-0.928454
0.331463
-0.167646
0.358355
0.918494
-0.167182
0.100466
-0.215976
-0.971216
-0.928164
0.331244
-0.169673
0.355006
0.919794
-0.167182
0.0975089
-0.214286
-0.971892
-0.929765
0.328726
-0.165761
0.351855
0.922671
-0.157722
0.100623
-0.204803
-0.973617
-0.930631
0.326701
-0.164903
0.349254
0.924361
-0.153555
0.0960928
-0.198343
-0.975411
-0.932088
0.325911
-0.158096
0.347638
0.925986
-0.147299
0.0963567
-0.191548
-0.976742
-0.932664
0.32536
-0.155814
0.343015
0.928796
-0.140279
0.100144
-0.184647
-0.977689
-0.933976
0.321314
-0.15635
0.340283
0.93017
-0.13781
0.0958095
-0.18009
-0.978973
-0.935429
0.319925
-0.150401
0.338587
0.930506
-0.139709
0.0902716
-0.179917
-0.979531
-0.936595
0.319044
-0.144916
0.33573
0.93154
-0.139709
0.0902839
-0.179458
-0.979614
-0.937622
0.316273
-0.144352
0.333192
0.932337
-0.140468
0.0892526
-0.179501
-0.979701
-0.938625
0.313891
-0.143022
0.331707
0.932694
-0.141607
0.0895104
-0.180545
-0.979485
-0.939126
0.312227
-0.143374
0.331597
0.932384
-0.143885
0.0846123
-0.181291
-0.979783
-0.939619
0.312719
-0.139007
0.332161
0.932271
-0.143316
0.0803731
-0.179365
-0.980494
-0.939792
0.314163
-0.134508
0.331681
0.933187
-0.13838
0.0794448
-0.173792
-0.981573
-0.940041
0.314576
-0.13178
0.334754
0.932755
-0.133821
0.0784572
-0.16911
-0.982469
-0.939034
0.318387
-0.129792
0.337087
0.931942
-0.133631
0.0752207
-0.168143
-0.982888
-0.938464
0.321267
-0.12678
0.338825
0.931716
-0.13078
0.0739186
-0.164934
-0.983531
-0.937941
0.323578
-0.124755
0.344562
0.93024
-0.126216
0.068048
-0.158845
-0.984956
-0.936294
0.33079
-0.118033
0.347362
0.929581
-0.123362
0.0633811
-0.154527
-0.985953
-0.935587
0.334664
-0.112595
0.352116
0.928166
-0.120507
0.059139
-0.15056
-0.98683
-0.934086
0.340353
-0.107905
0.355537
0.926984
-0.119556
0.0535621
-0.14791
-0.987549
-0.933126
0.344707
-0.102239
0.359575
0.925814
-0.116509
0.0549279
-0.145644
-0.987811
-0.931498
0.348793
-0.103223
0.36729
0.922538
-0.118413
0.0551332
-0.148682
-0.987347
-0.928471
0.356114
-0.105472
0.376533
0.918482
-0.120888
0.054814
-0.152352
-0.986805
-0.92478
0.364939
-0.107711
0.394166
0.911305
-0.118984
0.0586145
-0.15413
-0.98631
-0.917168
0.381796
-0.114169
0.419365
0.900482
-0.115176
0.0580189
-0.153197
-0.986491
-0.905962
0.407017
-0.11649
0.437817
0.892258
-0.110413
0.0573212
-0.150261
-0.986983
-0.897235
0.425789
-0.116932
0.46281
0.879602
-0.110032
0.0496764
-0.149665
-0.987488
-0.885065
0.451553
-0.112962
0.484397
0.866667
-0.119365
0.0386674
-0.157517
-0.986759
-0.873993
0.473367
-0.109813
0.510618
0.850065
-0.129069
0.0294193
-0.167299
-0.985467
-0.859304
0.4994
-0.110434
0.531586
0.835561
-0.13876
0.020429
-0.176424
-0.984102
-0.846758
0.5203
-0.110854
0.545287
0.825642
-0.144833
0.0121606
-0.180554
-0.98349
-0.838161
0.534523
-0.108494
0.538349
0.828544
-0.153934
-0.00402187
-0.180135
-0.983634
-0.842713
0.530157
-0.093643
0.522738
0.837882
-0.157154
-0.0185837
-0.173103
-0.984728
-0.852291
0.517676
-0.0749165
0.502244
0.849724
-0.160372
-0.0342936
-0.165742
-0.985573
-0.864046
0.500498
-0.0541028
0.483955
0.860059
-0.161508
-0.0438875
-0.160474
-0.986064
-0.873991
0.484299
-0.0399167
0.459712
0.874121
-0.156775
-0.0481709
-0.151731
-0.987247
-0.886761
0.461401
-0.0276454
0.431798
0.889893
-0.14711
-0.047822
-0.140282
-0.988956
-0.900702
0.434064
-0.0180169
0.407441
0.903232
-0.134771
-0.040903
-0.129378
-0.990751
-0.912315
0.409186
-0.0157692
0.38376
0.915536
-0.120507
-0.0324333
-0.117055
-0.992596
-0.922863
0.384827
-0.0152274
0.353109
0.929706
-0.104694
-0.0212143
-0.103917
-0.99436
-0.935342
0.353338
-0.016971
0.326268
0.940761
-0.0922908
-0.0146573
-0.092587
-0.995597
-0.945164
0.326184
-0.0164191
0.296235
0.951541
-0.0825492
-0.0137346
-0.0821756
-0.996523
-0.955016
0.296339
-0.0112743
0.271503
0.959578
-0.0741382
-0.0131727
-0.0733196
-0.997222
-0.962347
0.271725
-0.00726624
0.244653
0.967262
-0.0674439
-0.0172816
-0.0651967
-0.997723
-0.969457
0.245262
0.000765202
0.222432
0.973066
-0.0605552
-0.0219053
-0.0571075
-0.998128
-0.974702
0.223342
0.00861274
0.19705
0.97886
-0.0548123
-0.0281083
-0.0502448
-0.998341
-0.97999
0.198264
0.0176134
0.171707
0.983973
-0.0481101
-0.033199
-0.0430281
-0.998522
-0.984588
0.173051
0.0252787
0.145279
0.988532
-0.0412141
-0.0388031
-0.0359312
-0.998601
-0.98863
0.146675
0.0331381
0.11948
0.992196
-0.0356575
-0.0470796
-0.0302124
-0.998434
-0.99172
0.120971
0.0431024
0.0977713
0.994643
-0.0335495
-0.0557309
-0.0281861
-0.998048
-0.993647
0.0994502
0.0526765
0.0880365
0.995513
-0.0346994
-0.0645145
-0.0290632
-0.997493
-0.994026
0.0900544
0.0616664
0.0843821
0.995508
-0.0429383
-0.0763469
-0.0365059
-0.996413
-0.993504
0.0873576
0.0729235
0.0875865
0.994772
-0.0525147
-0.0883434
-0.0447528
-0.995084
-0.992232
0.0917953
0.0839618
0.103725
0.992618
-0.0628518
-0.0962076
-0.0528831
-0.993955
-0.989942
0.109145
0.0900121
0.124021
0.989906
-0.0685917
-0.110471
-0.0549214
-0.992361
-0.986111
0.130651
0.102544
0.142959
0.987214
-0.0705046
-0.119881
-0.0534399
-0.991349
-0.982442
0.150174
0.110708
0.170452
0.982337
-0.0771974
-0.134269
-0.0544583
-0.989447
-0.976175
0.179018
0.122615
0.189361
0.978431
-0.0825492
-0.142085
-0.0558812
-0.988276
-0.971573
0.19887
0.128439
0.210857
0.972968
-0.0941999
-0.14926
-0.06319
-0.986777
-0.966054
0.222129
0.131901
0.239774
0.964288
-0.112509
-0.150521
-0.077563
-0.985559
-0.959089
0.253246
0.126548
0.262112
0.956419
-0.128688
-0.148708
-0.0917283
-0.984618
-0.953511
0.277217
0.118184
0.288156
0.946654
-0.144264
-0.139211
-0.107641
-0.984395
-0.94741
0.303742
0.100768
0.309301
0.938079
-0.156018
-0.136115
-0.118702
-0.983556
-0.941173
0.325451
0.0909721
0.332947
0.928278
-0.16567
-0.131116
-0.128411
-0.983015
-0.933785
0.349014
0.0789583
0.356944
0.917995
-0.172851
-0.121807
-0.13772
-0.982953
-0.92615
0.371913
0.0626597
0.380565
0.907913
-0.175683
-0.10939
-0.144447
-0.983448
-0.918262
0.393483
0.0443449
0.403193
0.897945
-0.176438
-0.0937658
-0.151252
-0.984038
-0.910299
0.413301
0.0232128
0.423925
0.88793
-0.178514
-0.0838311
-0.157786
-0.983909
-0.901809
0.432069
0.00754661
0.449683
0.875321
-0.177759
-0.0761109
-0.16074
-0.984058
-0.889939
0.456044
-0.00566073
0.473526
0.863081
-0.175683
-0.0703734
-0.161751
-0.984319
-0.877964
0.478464
-0.0158556
0.496109
0.851225
-0.171151
-0.0616312
-0.162098
-0.984848
-0.86607
0.49914
-0.0279562
0.51395
0.841296
-0.16756
-0.055227
-0.162476
-0.985166
-0.85604
0.51558
-0.0370425
0.52952
0.831963
-0.16567
-0.0485898
-0.165229
-0.985057
-0.846904
0.529658
-0.0470675
0.551994
0.817606
-0.163778
-0.0384113
-0.171272
-0.984475
-0.832963
0.549715
-0.0631357
0.571195
0.804463
-0.163022
-0.0341415
-0.175152
-0.983949
-0.820104
0.567592
-0.0725805
0.58604
0.794633
-0.15848
-0.0288599
-0.174992
-0.984147
-0.809768
0.581323
-0.079619
0.608776
0.778227
-0.154124
-0.023385
-0.176584
-0.984008
-0.792997
0.602645
-0.0893014
0.626869
0.765038
-0.147489
-0.0146733
-0.177675
-0.98398
-0.778987
0.61899
-0.100153
0.65513
0.743191
-0.135911
-0.00113714
-0.178921
-0.983863
-0.755515
0.644713
-0.116371
0.677057
0.725485
-0.123552
0.0111907
-0.178016
-0.983964
-0.735845
0.664817
-0.128646
0.700083
0.705473
-0.110413
0.0221564
-0.176013
-0.984138
-0.713718
0.686532
-0.138855
0.727184
0.68021
-0.0922908
0.035931
-0.171982
-0.984445
-0.685502
0.712556
-0.149503
0.749884
0.657206
-0.0758591
0.0473667
-0.167707
-0.984698
-0.659872
0.734816
-0.15689
0.766038
0.639563
-0.0643826
0.0546131
-0.164555
-0.984855
-0.640471
0.75092
-0.160984
0.78844
0.613361
-0.0463863
0.0670256
-0.16063
-0.984736
-0.61145
0.773296
-0.167758
0.807349
0.589226
-0.0316331
0.0767322
-0.157988
-0.984455
-0.585064
0.792371
-0.172764
0.823672
0.56673
-0.019557
0.0851205
-0.157662
-0.983818
-0.560642
0.808678
-0.178102
0.836301
0.548191
-0.00939549
0.0933454
-0.159249
-0.982816
-0.540266
0.821052
-0.184351
0.849843
0.527036
-0.000575243
0.099166
-0.160976
-0.981964
-0.517623
0.834458
-0.189069
0.862979
0.505179
0.00786157
0.105213
-0.164469
-0.980755
-0.494163
0.847198
-0.195084
0.874834
0.484129
0.016873
0.111294
-0.166967
-0.979661
-0.471465
0.858918
-0.199949
0.885605
0.464019
0.0197487
0.111162
-0.170489
-0.979069
-0.450939
0.869264
-0.202568
0.896663
0.4419
0.0268414
0.115684
-0.175349
-0.977686
-0.427333
0.87976
-0.208349
0.905694
0.422849
0.0302915
0.117206
-0.181092
-0.976457
-0.407408
0.887921
-0.213574
0.915407
0.40116
0.0331663
0.11773
-0.188032
-0.975081
-0.384928
0.896501
-0.219355
0.924559
0.379439
0.034891
0.117464
-0.19671
-0.9734
-0.362482
0.904064
-0.22644
0.933921
0.355735
0.0352742
0.114838
-0.205107
-0.971979
-0.338532
0.911803
-0.232406
0.941412
0.335825
0.0310581
0.107995
-0.212931
-0.971081
-0.3195
0.917541
-0.236723
0.948971
0.314709
0.0203238
0.0950811
-0.224069
-0.969924
-0.30069
0.922362
-0.242558
0.955242
0.295781
0.00517716
0.0786375
-0.237016
-0.968318
-0.285183
0.925385
-0.249667
0.959918
0.279968
-0.0132302
0.059184
-0.248609
-0.966794
-0.273961
0.92726
-0.255214
0.961922
0.271768
-0.0291415
0.0433149
-0.256841
-0.965483
-0.269872
0.927456
-0.258832
0.96119
0.27176
-0.0475355
0.0270049
-0.264152
-0.964103
-0.274562
0.925403
-0.261239
0.957294
0.278406
-0.0779621
0.000891102
-0.272497
-0.962156
-0.289115
0.920997
-0.261107
0.95228
0.288273
-0.100307
-0.0171795
-0.277489
-0.960575
-0.304742
0.91646
-0.259295
0.945734
0.301004
-0.122411
-0.0349386
-0.280334
-0.959266
-0.323059
0.911487
-0.254605
0.933336
0.326101
-0.150144
-0.0545611
-0.284517
-0.957117
-0.354835
0.901503
-0.247758
0.922517
0.345933
-0.171151
-0.0692645
-0.287858
-0.955165
-0.37969
0.893011
-0.241593
0.907413
0.372605
-0.194338
-0.084222
-0.291818
-0.952758
-0.411714
0.880913
-0.233418
0.898075
0.387626
-0.207862
-0.0937034
-0.293122
-0.951472
-0.429745
0.873971
-0.226924
0.878921
0.41921
-0.227512
-0.106038
-0.293323
-0.950115
-0.465032
0.8592
-0.213355
0.863044
0.44547
-0.238141
-0.110236
-0.293983
-0.949433
-0.492953
0.845654
-0.204613
0.846223
0.470418
-0.250227
-0.117124
-0.293909
-0.94863
-0.519797
0.83206
-0.193616
0.832875
0.48777
-0.261534
-0.125752
-0.293407
-0.947681
-0.538986
0.822188
-0.183033
0.819196
0.504774
-0.272252
-0.133879
-0.293284
-0.946605
-0.557669
0.811904
-0.172678
0.801683
0.527039
-0.282017
-0.140163
-0.292898
-0.945814
-0.581083
0.797772
-0.16094
0.784971
0.549917
-0.285327
-0.138762
-0.29279
-0.946054
-0.603792
0.782218
-0.153524
0.764863
0.574339
-0.291752
-0.140259
-0.293556
-0.945596
-0.628739
0.764172
-0.143974
0.746819
0.594899
-0.29725
-0.140806
-0.29539
-0.944944
-0.64995
0.747556
-0.136838
0.727581
0.61507
-0.303833
-0.141494
-0.298824
-0.94376
-0.671272
0.729653
-0.13039
0.700654
0.647877
-0.298897
-0.125956
-0.300025
-0.945579
-0.702296
0.700172
-0.12861
0.677324
0.677324
-0.287164
-0.10423
-0.298049
-0.948843
-0.728263
0.672606
-0.131278
0.66109
0.698376
-0.274281
-0.0848174
-0.293656
-0.952141
-0.745497
0.652715
-0.134899
0.638119
0.727823
-0.251155
-0.0563971
-0.281141
-0.958008
-0.76787
0.625487
-0.138354
0.619542
0.751382
-0.227139
-0.0304771
-0.266118
-0.963458
-0.784371
0.603826
-0.141972
0.596634
0.777343
-0.199414
0.00152804
-0.249587
-0.968351
-0.802512
0.577447
-0.1501
0.57026
0.802168
-0.177004
0.0286922
-0.234793
-0.971622
-0.820963
0.548998
-0.156909
0.557372
0.812071
-0.172851
0.0363118
-0.231832
-0.972078
-0.829468
0.535533
-0.158704
0.521083
0.838806
-0.157722
0.0610969
-0.220978
-0.973363
-0.851316
0.497567
-0.166396
0.495868
0.854951
-0.152229
0.077945
-0.218409
-0.972739
-0.864893
0.470484
-0.174941
0.477049
0.866348
-0.147868
0.089884
-0.215458
-0.972368
-0.874268
0.450576
-0.180655
0.456429
0.876837
-0.151091
0.10005
-0.219313
-0.970511
-0.884117
0.427853
-0.187829
0.429317
0.890426
-0.151091
0.118243
-0.221268
-0.968018
-0.89538
0.397721
-0.200281
0.395476
0.905741
-0.152418
0.134844
-0.221405
-0.965814
-0.908524
0.361404
-0.209694
0.37841
0.913066
-0.152039
0.144735
-0.220598
-0.964566
-0.914253
0.342996
-0.215629
0.351328
0.92395
-0.151281
0.16136
-0.218918
-0.962309
-0.922243
0.313675
-0.226001
0.33843
0.928967
-0.149954
0.169645
-0.21698
-0.961322
-0.925573
0.299901
-0.231027
0.32029
0.935678
-0.148058
0.175881
-0.212309
-0.961244
-0.930849
0.281836
-0.232569
0.303185
0.941948
-0.144264
0.183221
-0.206187
-0.961206
-0.935152
0.264991
-0.235097
0.289055
0.946351
-0.144454
0.18551
-0.203407
-0.961359
-0.939166
0.251088
-0.234353
0.275583
0.950304
-0.144833
0.188817
-0.201245
-0.96117
-0.942551
0.237535
-0.234893
0.263438
0.953364
-0.147299
0.185994
-0.200025
-0.961975
-0.946576
0.226024
-0.230014
0.246282
0.957468
-0.150333
0.179673
-0.197526
-0.963691
-0.952398
0.210329
-0.220678
0.236293
0.959713
-0.152039
0.178382
-0.196655
-0.964109
-0.955168
0.200691
-0.217663
0.23012
0.960789
-0.154692
0.176818
-0.197592
-0.964206
-0.956964
0.19453
-0.215355
0.227408
0.960849
-0.15829
0.177824
-0.20079
-0.96336
-0.957426
0.190928
-0.216524
0.229328
0.95992
-0.161129
0.181893
-0.204889
-0.961736
-0.956203
0.191244
-0.22159
0.229955
0.959289
-0.163967
0.182741
-0.208048
-0.960896
-0.95589
0.190999
-0.223143
0.22918
0.958488
-0.169639
0.183043
-0.213606
-0.959619
-0.956019
0.188874
-0.224398
0.223422
0.958759
-0.175683
0.17926
-0.217581
-0.95944
-0.958096
0.182867
-0.220479
0.2138
0.960708
-0.177004
0.17451
-0.21584
-0.960708
-0.961164
0.17451
-0.2138
0.207355
0.962154
-0.176815
0.165466
-0.212634
-0.96302
-0.964171
0.17043
-0.203294
0.19381
0.967558
-0.162076
0.164336
-0.194893
-0.966959
-0.967177
0.160771
-0.196777
0.175613
0.974332
-0.140848
0.160047
-0.169425
-0.972461
-0.971362
0.148235
-0.185692
0.159384
0.979787
-0.120888
0.153922
-0.145619
-0.977294
-0.975144
0.137158
-0.17402
0.148197
0.984749
-0.0911452
0.139756
-0.112092
-0.983821
-0.979033
0.133061
-0.154237
0.144517
0.987292
-0.0661047
0.127439
-0.0848204
-0.988213
-0.981262
0.134389
-0.138077
0.145378
0.987888
-0.0542379
0.116849
-0.0715806
-0.990567
-0.982452
0.137669
-0.12584
0.15997
0.985775
-0.0515572
0.102473
-0.0685316
-0.992372
-0.981789
0.153467
-0.111979
0.171376
0.984303
-0.042172
0.0895537
-0.0581916
-0.994281
-0.981127
0.166619
-0.0981206
0.190705
0.981336
-0.0247329
0.0673205
-0.0382102
-0.996999
-0.979336
0.188467
-0.0733508
0.207656
0.978115
-0.0130385
0.0488531
-0.0236822
-0.998525
-0.976981
0.206713
-0.0527017
0.227325
0.973818
0.000958738
0.0295296
-0.00590923
-0.999546
-0.973371
0.22725
-0.0300998
0.246677
0.96901
0.0130385
0.0164092
0.00927583
-0.999822
-0.968959
0.246848
-0.0136125
0.275807
0.960711
0.0310581
-0.000645191
0.0324964
-0.999472
-0.961213
0.275642
0.00958259
0.301597
0.952649
0.0387233
0.000901526
0.0403296
-0.999186
-0.953435
0.301386
0.0113044
0.321856
0.945575
0.0479185
0.0172558
0.0447447
-0.998849
-0.946631
0.322313
-0.00191532
0.337163
0.940034
0.0515572
0.0219183
0.0469111
-0.998659
-0.941191
0.337841
-0.00478729
0.364038
0.929376
0.0611293
0.0338982
0.0523685
-0.998052
-0.930767
0.365402
-0.01244
0.388322
0.918996
0.0682091
0.0433232
0.05573
-0.997506
-0.920505
0.390308
-0.0181726
0.411788
0.907755
0.0800647
0.0500074
0.0652173
-0.996617
-0.909906
0.414399
-0.0185388
0.434239
0.895798
0.0947726
0.048068
0.0820167
-0.995471
-0.899514
0.436828
-0.00744443
0.453588
0.882922
0.121269
0.0444955
0.113466
-0.992545
-0.8901
0.455603
0.012181
0.467559
0.870722
0.152418
0.045556
0.148462
-0.987868
-0.882787
0.468831
0.0297481
0.484342
0.85805
0.170773
0.0476484
0.169035
-0.984458
-0.87358
0.484951
0.0409862
0.502231
0.845626
0.180777
0.0554753
0.177117
-0.982625
-0.862952
0.503534
0.0420424
0.51393
0.837287
0.18662
0.0658614
0.178394
-0.981753
-0.8553
0.516843
0.036537
0.528302
0.828294
0.18662
0.0757428
0.172945
-0.982015
-0.845672
0.532935
0.0286296
0.53685
0.822779
0.18662
0.0865458
0.166325
-0.982266
-0.839227
0.54348
0.0180834
0.544203
0.818869
0.182474
0.090451
0.158966
-0.983132
-0.834063
0.551528
0.0124425
0.554844
0.814397
0.170017
0.09842
0.138671
-0.985436
-0.826113
0.563496
-0.00321224
0.558963
0.814054
0.157722
0.101597
0.121542
-0.987373
-0.822945
0.567929
-0.0147685
0.560218
0.815212
0.14692
0.105459
0.10573
-0.988787
-0.821605
0.56943
-0.0267397
0.560461
0.816571
0.13819
0.104872
0.0955405
-0.989886
-0.821514
0.569284
-0.0320888
0.558705
0.818715
0.13249
0.106926
0.0873095
-0.990426
-0.822445
0.567523
-0.0387618
0.553735
0.823927
0.120507
0.103429
0.0755442
-0.991764
-0.826244
0.561639
-0.0433861
0.551666
0.826312
0.113461
0.102145
0.0680775
-0.992437
-0.827787
0.559083
-0.046848
0.548591
0.829606
0.103931
0.097867
0.0597351
-0.993405
-0.830343
0.555145
-0.0484209
0.545904
0.832812
0.091718
0.0930143
0.0485522
-0.99448
-0.832669
0.551422
-0.0509586
0.542333
0.836079
0.0827403
0.0893429
0.0405314
-0.995176
-0.835399
0.547109
-0.0527162
0.53878
0.839742
0.0674439
0.0812127
0.0279121
-0.996306
-0.838522
0.542267
-0.0531592
0.535376
0.842589
0.0584497
0.0744978
0.0218244
-0.996982
-0.841322
0.538115
-0.0510868
0.531061
0.846156
0.0446623
0.0659218
0.0112909
-0.997761
-0.844765
0.532816
-0.0497839
0.525834
0.849723
0.0383401
0.0625263
0.0063384
-0.998023
-0.848286
0.527192
-0.049797
0.518816
0.854408
0.0285665
0.0513513
0.00220838
-0.998678
-0.853342
0.519598
-0.0427292
0.512545
0.858487
0.0172564
0.038963
-0.00317659
-0.999236
-0.857776
0.512826
-0.0350774
0.50201
0.864777
0.0120798
0.0355733
-0.00669105
-0.999345
-0.86413
0.502111
-0.034122
0.497548
0.867403
0.00766983
0.0304226
-0.00861274
-0.9995
-0.866903
0.497532
-0.0306739
0.495558
0.868558
0.00536891
0.0273051
-0.00940019
-0.999583
-0.868145
0.495498
-0.0283744
0.49589
0.868365
-0.00594414
0.0178649
-0.0170451
-0.999695
-0.868202
0.495632
-0.0239658
0.496335
0.867985
-0.0159144
0.00924548
-0.0236157
-0.999678
-0.868082
0.496028
-0.0197463
0.492761
0.869845
-0.0235828
0.000222261
-0.0272273
-0.999629
-0.870165
0.492573
-0.0136099
0.489793
0.871215
-0.0329746
-0.00562849
-0.0346613
-0.999383
-0.871821
0.489676
-0.0120733
0.487816
0.872
-0.0406393
-0.0109709
-0.0404264
-0.999122
-0.872877
0.487834
-0.0101541
0.485729
0.872977
-0.0444708
-0.0125731
-0.0438926
-0.998957
-0.874019
0.485782
-0.0103439
0.485778
0.872671
-0.0496422
-0.013756
-0.0491538
-0.998696
-0.873974
0.485828
-0.0118734
0.486695
0.871957
-0.0530891
-0.0168322
-0.0514007
-0.998536
-0.87341
0.486877
-0.0103395
0.487449
0.871344
-0.0561525
-0.0177074
-0.0544319
-0.99836
-0.872972
0.487644
-0.0111035
0.489394
0.870115
-0.0582583
-0.0200351
-0.0555691
-0.998254
-0.871833
0.489706
-0.00976237
0.488915
0.870435
-0.0574926
-0.0189592
-0.0552883
-0.99829
-0.872125
0.489169
-0.0105285
0.48787
0.870919
-0.0590239
-0.0218194
-0.055429
-0.998224
-0.872644
0.488291
-0.00803922
0.48794
0.870653
-0.0622776
-0.0244245
-0.0577011
-0.998035
-0.872535
0.488502
-0.0068894
0.487219
0.870932
-0.0639999
-0.0255558
-0.0590357
-0.997929
-0.872906
0.487845
-0.00650595
0.48673
0.871233
-0.0636172
-0.0253352
-0.0587163
-0.997953
-0.873185
0.487345
-0.00650611
0.486484
0.871185
-0.0661047
-0.0262018
-0.0610797
-0.997789
-0.873297
0.48714
-0.0068877
0.483648
0.872777
-0.0659134
-0.0260775
-0.0609047
-0.997803
-0.874874
0.484304
-0.00669652
0.483984
0.872201
-0.0708871
-0.0303704
-0.064216
-0.997474
-0.87455
0.484914
-0.00459041
0.483326
0.872197
-0.0752855
-0.0326332
-0.0679877
-0.997152
-0.874832
0.484406
-0.00439766
0.48171
0.872434
-0.0825492
-0.0393973
-0.0725434
-0.996587
-0.875445
0.483318
-0.000573265
0.482233
0.871408
-0.0899994
-0.0455907
-0.0776314
-0.995939
-0.874856
0.484378
0.00229159
0.48207
0.870718
-0.0972538
-0.0531444
-0.0817385
-0.995236
-0.874519
0.484942
0.00687011
0.481576
0.87022
-0.103931
-0.0590446
-0.0861029
-0.994535
-0.874413
0.485081
0.0099167
0.480863
0.869719
-0.111175
-0.0635227
-0.0919071
-0.993739
-0.874492
0.484915
0.0110522
0.479946
0.870029
-0.112699
-0.0621574
-0.0944162
-0.99359
-0.875093
0.483875
0.00876406
0.481185
0.86912
-0.114414
-0.061456
-0.0967509
-0.993409
-0.874462
0.485045
0.0068575
0.483973
0.86747
-0.115176
-0.0601336
-0.0983378
-0.993335
-0.873014
0.487673
0.00457127
0.484063
0.867242
-0.116509
-0.0606349
-0.0995839
-0.99318
-0.87293
0.487827
0.00438017
0.483954
0.867045
-0.118413
-0.0617303
-0.101153
-0.992954
-0.872914
0.487853
0.00456952
0.484027
0.866395
-0.122791
-0.0634023
-0.105232
-0.992424
-0.872753
0.488145
0.00399624
0.482512
0.866803
-0.125835
-0.0633814
-0.108736
-0.992048
-0.873593
0.48665
0.00247292
0.479991
0.867356
-0.13154
-0.065369
-0.114163
-0.991309
-0.874835
0.484418
0.00190078
0.476286
0.868901
-0.134771
-0.0652848
-0.117904
-0.990877
-0.876863
0.480739
0.000570012
0.469848
0.871773
-0.13876
-0.062963
-0.123694
-0.990321
-0.880499
0.474037
-0.00322816
0.463309
0.874438
-0.143885
-0.0614324
-0.13028
-0.989572
-0.884065
0.467317
-0.00664129
0.457672
0.876352
-0.150144
-0.0610032
-0.137519
-0.988619
-0.887026
0.461623
-0.00947851
0.450718
0.878993
-0.155639
-0.0607728
-0.143733
-0.987749
-0.890595
0.454655
-0.0113644
0.442511
0.882065
-0.161697
-0.0610182
-0.150278
-0.986759
-0.894685
0.446518
-0.0126777
0.433363
0.885755
-0.166237
-0.0590978
-0.15613
-0.985967
-0.89928
0.437106
-0.0153149
0.423053
0.889612
-0.172095
-0.0584865
-0.162723
-0.984937
-0.904215
0.426746
-0.0168101
0.413396
0.893479
-0.175494
-0.0557547
-0.167534
-0.984289
-0.908843
0.416686
-0.0194423
0.403155
0.897401
-0.179268
-0.0531573
-0.172598
-0.983557
-0.913586
0.406056
-0.0218806
0.392901
0.901256
-0.182663
-0.0518865
-0.176593
-0.982915
-0.918116
0.395666
-0.0226206
0.38486
0.904028
-0.186055
-0.0508057
-0.180526
-0.982257
-0.921575
0.387484
-0.0235477
0.376748
0.907089
-0.18775
-0.0493295
-0.182751
-0.981921
-0.925001
0.379198
-0.0241048
0.369992
0.909475
-0.189634
-0.0483501
-0.184992
-0.98155
-0.927776
0.372335
-0.0244723
0.361269
0.912503
-0.191892
-0.0481554
-0.187259
-0.98113
-0.931217
0.363693
-0.0237089
0.353654
0.915244
-0.193021
-0.0488078
-0.188019
-0.980952
-0.934102
0.356338
-0.0218226
0.343844
0.919093
-0.192457
-0.0492856
-0.187007
-0.981121
-0.937732
0.346839
-0.0190033
0.335316
0.92317
-0.187939
-0.0495566
-0.181928
-0.982062
-0.940801
0.338615
-0.0152542
0.327878
0.927556
-0.179268
-0.0467242
-0.173604
-0.983706
-0.943564
0.330911
-0.0135817
0.317896
0.934529
-0.159994
-0.0395403
-0.155533
-0.987039
-0.947301
0.320102
-0.0124919
0.310554
0.939457
-0.144833
-0.0343496
-0.141176
-0.989388
-0.949935
0.312234
-0.011573
0.305244
0.943382
-0.129829
-0.0277417
-0.127469
-0.991455
-0.95187
0.306237
-0.012738
0.302006
0.946369
-0.114795
-0.0215615
-0.113606
-0.993292
-0.953062
0.302456
-0.0139046
0.298374
0.948152
-0.10946
-0.0211493
-0.108088
-0.993916
-0.954215
0.298874
-0.0121978
0.293322
0.94988
-0.108126
-0.0210914
-0.106643
-0.994074
-0.955781
0.293864
-0.0112466
0.2915
0.95044
-0.108126
-0.0221705
-0.106291
-0.994088
-0.956314
0.292174
-0.00991221
0.287999
0.951376
-0.109269
-0.0208294
-0.107853
-0.993949
-0.957404
0.288533
-0.0112451
0.286935
0.951807
-0.108316
-0.0213485
-0.106689
-0.994063
-0.957712
0.287544
-0.0102932
0.284602
0.952658
-0.106982
-0.021068
-0.105354
-0.994212
-0.958414
0.285209
-0.00991344
0.28462
0.952716
-0.10641
-0.0212719
-0.104697
-0.994277
-0.958404
0.285255
-0.00953275
0.282593
0.953256
-0.106982
-0.0225007
-0.10491
-0.994227
-0.958976
0.283368
-0.00819774
0.280793
0.953894
-0.106028
-0.0235022
-0.103606
-0.994341
-0.959481
0.281696
-0.00667329
0.279352
0.954401
-0.105266
-0.0233131
-0.102856
-0.994423
-0.959906
0.280248
-0.00648309
0.279209
0.954589
-0.103931
-0.0242071
-0.101204
-0.994571
-0.959925
0.280209
-0.00514912
0.278116
0.954929
-0.10374
-0.0233008
-0.101262
-0.994587
-0.960265
0.279028
-0.00591207
0.278304
0.954895
-0.10355
-0.0254762
-0.100432
-0.994618
-0.960155
0.279445
-0.00362361
0.277394
0.95518
-0.103359
-0.0258791
-0.100113
-0.994639
-0.960408
0.278582
-0.00305158
0.27907
0.954795
-0.102405
-0.0261524
-0.0990454
-0.994739
-0.959915
0.28028
-0.0026704
0.279952
0.954413
-0.10355
-0.0282256
-0.099633
-0.994624
-0.959599
0.28137
-0.000953571
0.280706
0.953597
-0.108888
-0.0329555
-0.103806
-0.994051
-0.959228
0.282624
0.00228725
0.280506
0.952917
-0.115176
-0.0385934
-0.108699
-0.993325
-0.959076
0.283078
0.00628555
0.280731
0.952335
-0.119365
-0.0434969
-0.111615
-0.992799
-0.9588
0.283902
0.0100898
0.279545
0.951674
-0.127167
-0.0490822
-0.11811
-0.991787
-0.958877
0.283491
0.0136933
0.277846
0.951286
-0.133631
-0.053104
-0.123685
-0.9909
-0.959157
0.282414
0.0161516
0.274526
0.951432
-0.139329
-0.0546483
-0.129225
-0.990108
-0.960025
0.279425
0.0165185
0.27059
0.952166
-0.141987
-0.0528266
-0.132581
-0.989763
-0.961244
0.27532
0.0144247
0.265859
0.952867
-0.146161
-0.0492513
-0.137994
-0.989208
-0.962753
0.270188
0.010243
0.264116
0.952971
-0.148627
-0.046901
-0.141227
-0.988866
-0.96335
0.268146
0.00739507
0.26126
0.95331
-0.151471
-0.0435485
-0.14512
-0.988455
-0.964286
0.26484
0.00360119
0.258211
0.953654
-0.154502
-0.0405642
-0.149082
-0.987992
-0.965237
0.261378
0.000189461
0.255176
0.954038
-0.157154
-0.0391246
-0.152214
-0.987573
-0.966103
0.258154
-0.00151497
0.252513
0.954337
-0.159615
-0.0369354
-0.155334
-0.987171
-0.966888
0.255169
-0.00397506
0.248988
0.955073
-0.160751
-0.0344287
-0.157145
-0.986975
-0.967894
0.25128
-0.00624534
0.243872
0.956456
-0.160372
-0.0303314
-0.157762
-0.987011
-0.969333
0.245569
-0.00946309
0.24455
0.956816
-0.157154
-0.0307403
-0.154343
-0.987539
-0.969149
0.246334
-0.00833191
0.247384
0.957945
-0.145403
-0.0324577
-0.14179
-0.989365
-0.968374
0.249473
-0.00398389
0.25481
0.957819
-0.13287
-0.0376802
-0.127467
-0.991127
-0.966257
0.257556
0.00361092
0.262328
0.957207
-0.12222
-0.0389606
-0.116047
-0.992479
-0.964192
0.265117
0.00685108
0.266945
0.956759
-0.115557
-0.0406577
-0.108621
-0.993251
-0.962854
0.269841
0.0099039
0.270186
0.956323
-0.111556
-0.0434283
-0.103643
-0.993666
-0.961828
0.27332
0.0135287
0.273612
0.955829
-0.107363
-0.0441059
-0.0990369
-0.994106
-0.960828
0.276735
0.01506
0.277572
0.955108
-0.10355
-0.0447283
-0.0948202
-0.994489
-0.959663
0.280674
0.0164009
0.282048
0.954102
-0.100688
-0.0460069
-0.0913779
-0.994753
-0.958297
0.2852
0.0181224
0.289145
0.952525
-0.0953453
-0.0434696
-0.0864323
-0.995309
-0.956298
0.291933
0.0164144
0.297612
0.950824
-0.0857973
-0.0380698
-0.0779783
-0.996228
-0.953927
0.299756
0.0129904
0.299967
0.9494
-0.0930545
-0.0446681
-0.0834608
-0.995509
-0.952903
0.302777
0.0173724
0.29505
0.950302
-0.0993528
-0.0463018
-0.0896394
-0.994897
-0.954359
0.298145
0.0175526
0.295953
0.948711
-0.111175
-0.0579882
-0.0983298
-0.993463
-0.953441
0.300465
0.0259131
0.300736
0.947405
-0.10946
-0.0486471
-0.0993849
-0.993859
-0.952466
0.304215
0.0161998
0.310322
0.944828
-0.104884
-0.0405607
-0.0970711
-0.994451
-0.949766
0.312854
0.00819962
0.329087
0.940146
-0.0884716
-0.0221705
-0.0859719
-0.996051
-0.944039
0.329749
-0.00744877
0.355471
0.932153
-0.068783
-0.00425882
-0.0719733
-0.997398
-0.934678
0.354838
-0.0216145
0.373277
0.926189
-0.0532806
0.00801002
-0.0606472
-0.998127
-0.927685
0.372152
-0.030057
0.39387
0.918828
-0.0249246
0.0324725
-0.0410092
-0.998631
-0.918593
0.392521
-0.0459889
0.41119
0.911542
-0.0036432
0.0477701
-0.0255396
-0.998532
-0.910297
0.410412
-0.0540461
0.429382
0.902919
0.0191736
0.067051
-0.0106999
-0.997692
-0.900631
0.429677
-0.065136
0.454087
0.88934
0.0536635
0.0927442
0.0127218
-0.995609
-0.886117
0.45707
-0.0767043
0.477845
0.874926
0.0785356
0.104112
0.0323659
-0.994039
-0.872253
0.483173
-0.0756248
0.509623
0.854709
0.0987804
0.110365
0.0489213
-0.992686
-0.85329
0.516798
-0.0693984
0.537327
0.836065
0.110794
0.117943
0.0555868
-0.991463
-0.835086
0.545807
-0.0687397
0.563149
0.817124
0.123172
0.133877
0.0568692
-0.989365
-0.815439
0.573649
-0.0773684
0.591634
0.794538
0.13667
0.152265
0.0563499
-0.986732
-0.791697
0.604594
-0.0876415
0.62056
0.77081
0.144075
0.159498
0.0558174
-0.985619
-0.767767
0.634615
-0.0883046
0.646545
0.747495
0.152418
0.165805
0.0573302
-0.984491
-0.74464
0.661789
-0.0868716
0.673218
0.726381
0.13838
0.148459
0.0505547
-0.987626
-0.724388
0.685431
-0.0738037
0.701314
0.701314
0.127737
0.139149
0.0410638
-0.98942
-0.699139
0.711669
-0.0687887
0.728693
0.675881
0.110413
0.123146
0.0292787
-0.991957
-0.673677
0.736429
-0.0618969
0.758348
0.645581
0.0901904
0.105337
0.0151746
-0.994321
-0.643283
0.763541
-0.0564956
0.785491
0.615187
0.0674439
0.0816417
0.00502137
-0.996649
-0.613464
0.788365
-0.0462807
0.803083
0.594176
0.0448539
0.053375
0.00323999
-0.998569
-0.593471
0.804328
-0.0291122
0.811687
0.58314
0.0333579
0.0324601
0.0119876
-0.999401
-0.58319
0.812283
-0.00919858
0.824234
0.566186
0.00843679
-0.00444618
0.0213702
-0.999762
-0.566231
0.824001
0.0201314
0.834193
0.551165
-0.0184067
-0.041228
0.0290455
-0.998728
-0.549929
0.833891
0.046953
0.840569
0.540677
-0.0333579
-0.0666422
0.0421015
-0.996888
-0.53759
0.840176
0.0714211
0.846248
0.530214
-0.0523232
-0.0966694
0.0562249
-0.993727
-0.523946
0.845997
0.0988357
0.849461
0.523872
-0.0630431
-0.116031
0.0689052
-0.990853
-0.514736
0.849005
0.119318
0.84473
0.530166
-0.0731821
-0.136043
0.0804597
-0.98743
-0.517614
0.844068
0.140092
0.83762
0.541509
-0.0718434
-0.143591
0.0913735
-0.98541
-0.527044
0.835715
0.154292
0.821572
0.566214
-0.0664873
-0.149901
0.102027
-0.983423
-0.550044
0.817919
0.168698
0.806749
0.587604
-0.0622776
-0.155178
0.108988
-0.981856
-0.570155
0.801775
0.179109
0.791574
0.608523
-0.0557696
-0.15763
0.115164
-0.98076
-0.590392
0.785135
0.187082
0.770362
0.63544
-0.0525147
-0.164699
0.118748
-0.97917
-0.615968
0.762964
0.196136
0.753608
0.655631
-0.0471524
-0.168307
0.12312
-0.978015
-0.635412
0.744976
0.203132
0.734414
0.677268
-0.0440877
-0.170855
0.121622
-0.977761
-0.656844
0.725614
0.205035
0.7163
0.69679
-0.0373821
-0.163484
0.115498
-0.979762
-0.678371
0.707915
0.196645
0.706235
0.706777
-0.0412141
-0.162878
0.105549
-0.980984
-0.688987
0.699518
0.18966
0.689236
0.723649
-0.0358491
-0.150603
0.0946923
-0.984049
-0.708712
0.683641
0.174249
0.669633
0.741394
-0.0438961
-0.155444
0.082113
-0.984426
-0.726243
0.666028
0.170231
0.645373
0.76224
-0.0498337
-0.156904
0.068434
-0.98524
-0.747579
0.643667
0.163764
0.618385
0.784294
-0.0498337
-0.151662
0.0568794
-0.986794
-0.771102
0.617777
0.154121
0.59556
0.801413
-0.0551952
-0.152152
0.0450704
-0.987329
-0.78877
0.596411
0.148779
0.570545
0.819087
-0.0597896
-0.149562
0.0320425
-0.988233
-0.807533
0.572774
0.140786
0.548156
0.834153
-0.060938
-0.14342
0.0219663
-0.989418
-0.823988
0.551095
0.131675
0.52148
0.850684
-0.066296
-0.140848
0.00918935
-0.989989
-0.841559
0.525596
0.12461
0.497431
0.864893
-0.0672526
-0.135776
0.00105181
-0.990739
-0.856812
0.501956
0.117955
