0.997702
-0.0655209
0.0172564
0.0143262
-0.0449315
-0.998887
0.0662234
0.996839
-0.0438895
0.997715
-0.0655218
0.0164895
0.0135363
-0.0452635
-0.998883
0.066195
0.996824
-0.0442732
0.997705
-0.0657133
0.0162978
0.0133365
-0.0452535
-0.998887
0.0663777
0.996812
-0.0442733
0.997667
-0.0660951
0.0170647
0.0139811
-0.0468383
-0.998805
0.0668153
0.996713
-0.045805
0.997667
-0.0660951
0.0170647
0.0139171
-0.0477939
-0.99876
0.0668287
0.996668
-0.0467626
0.997693
-0.0659046
0.0162978
0.0130469
-0.0494606
-0.998691
0.0666244
0.996599
-0.0484867
0.99769
-0.0659044
0.0164895
0.0131741
-0.0504287
-0.998641
0.0666464
0.996551
-0.0494439
0.997655
-0.0664785
0.0162978
0.012838
-0.0521432
-0.998557
0.0672324
0.996425
-0.0511675
0.997664
-0.066287
0.0164895
0.0129876
-0.0529177
-0.998514
0.0670611
0.996396
-0.0519332
0.997664
-0.066287
0.0164895
0.012859
-0.0548281
-0.998413
0.0670859
0.996293
-0.0538477
0.997555
-0.0676247
0.0176399
0.0138264
-0.0564511
-0.99831
0.0685062
0.996113
-0.0553781
0.997202
-0.0724046
0.0185984
0.0142289
-0.0604044
-0.998073
0.0733885
0.995544
-0.0592051
0.996777
-0.077948
0.0189819
0.0143198
-0.0599399
-0.998099
0.0789376
0.995154
-0.0586305
0.994955
-0.0979945
0.0214741
0.0173318
-0.042928
-0.998928
0.0988113
0.994261
-0.0410131
0.993458
-0.110365
0.0293332
0.0259238
-0.0322007
-0.999145
0.111215
0.993369
-0.029129
0.992163
-0.121599
0.0287582
0.0262303
-0.0223387
-0.999406
0.122169
0.992328
-0.0189741
0.990643
-0.13648
-0
-0.00261682
-0.0189942
-0.999816
0.136455
0.990461
-0.0191736
0.988137
-0.153555
-0.00268446
-0.00518431
-0.0158818
-0.99986
0.153491
0.988013
-0.0164895
0.984823
-0.172829
-0.0159144
-0.0183575
-0.0125467
-0.999753
0.172587
0.984872
-0.015529
0.981399
-0.187204
-0.0425551
-0.0448854
-0.00822484
-0.998958
0.186659
0.982287
-0.0164746
0.978513
-0.194443
-0.0685917
-0.0694769
0.0022719
-0.997581
0.194129
0.980911
-0.0112862
0.9755
-0.198905
-0.094009
-0.094063
0.00919931
-0.995524
0.198879
0.979976
-0.00973568
0.972439
-0.205867
-0.10946
-0.109462
0.0114138
-0.993925
0.205866
0.978513
-0.0114354
0.969613
-0.213441
-0.119556
-0.120779
0.00734714
-0.992652
0.212751
0.976928
-0.0186554
0.963318
-0.225069
-0.146161
-0.151074
-0.00466609
-0.988511
0.221801
0.974332
-0.038497
0.958026
-0.235293
-0.163778
-0.171622
-0.0131077
-0.985076
0.229635
0.971836
-0.0529389
0.954424
-0.237904
-0.180212
-0.189452
-0.0163679
-0.981754
0.230614
0.971151
-0.0606933
0.954359
-0.241389
-0.175872
-0.185128
-0.0160318
-0.982584
0.234366
0.970296
-0.0599881
0.955618
-0.240733
-0.169828
-0.179845
-0.0201019
-0.983489
0.233345
0.970383
-0.0625046
0.960603
-0.234364
-0.149385
-0.160523
-0.0290769
-0.986604
0.226881
0.971714
-0.0655521
0.966634
-0.218428
-0.133821
-0.145057
-0.03617
-0.988762
0.211133
0.975182
-0.0666478
0.97415
-0.198241
-0.108316
-0.117874
-0.0370276
-0.992338
0.192711
0.979454
-0.0594378
0.97901
-0.183054
-0.0896175
-0.0981011
-0.0378089
-0.994458
0.178652
0.982376
-0.0549731
0.983604
-0.167177
-0.0676352
-0.0748519
-0.0372435
-0.996499
0.164072
0.985223
-0.0491464
0.984008
-0.166081
-0.0643826
-0.0713867
-0.0365476
-0.996779
0.163193
0.985435
-0.0478191
0.985217
-0.16609
-0.0419804
-0.0479286
-0.0319671
-0.998339
0.164472
0.985592
-0.039455
0.98526
-0.164544
-0.0467693
-0.0532232
-0.0350329
-0.997968
0.162571
0.985747
-0.043274
0.984971
-0.16566
-0.0488762
-0.0556842
-0.0367012
-0.997774
0.163498
0.9855
-0.0453742
0.985133
-0.164522
-0.0494507
-0.0563014
-0.0372377
-0.997719
0.162306
0.98567
-0.045947
0.985633
-0.161499
-0.0494507
-0.0553003
-0.0319259
-0.997959
0.159591
0.986356
-0.0403982
0.985654
-0.161891
-0.047727
-0.0531832
-0.0295361
-0.998148
0.160181
0.986367
-0.0377222
0.985657
-0.161115
-0.0502167
-0.0555243
-0.0286081
-0.998047
0.159364
0.986521
-0.0371436
0.985729
-0.161321
-0.0481101
-0.0529928
-0.0260999
-0.998254
0.159784
0.986557
-0.0342763
0.986048
-0.162344
-0.0368072
-0.0403561
-0.0186159
-0.999012
0.161498
0.986559
-0.0249077
0.986573
-0.160488
-0.0302915
-0.0338911
-0.0197391
-0.999231
0.159767
0.98684
-0.0249132
0.987046
-0.1594
-0.018215
-0.0217977
-0.0207566
-0.999547
0.158949
0.986996
-0.0239622
0.987764
-0.155825
-0.00632763
-0.00858016
-0.0137871
-0.999868
0.155718
0.987688
-0.0149554
0.987722
-0.156207
-0.00191747
-0.00333154
-0.00879121
-0.999956
0.156183
0.987685
-0.00920369
0.987572
-0.157154
-0.00210922
-0.00295686
-0.00516009
-0.999982
0.15714
0.987561
-0.00556064
0.987268
-0.159047
-0.00249272
-0.00337584
-0.00528266
-0.99998
0.159031
0.987257
-0.00575232
0.98693
-0.161129
-0.00268446
-0.00351445
-0.00486627
-0.999982
0.161113
0.986921
-0.00536895
0.987111
-0.159993
0.00383494
0.00280377
-0.00667034
-0.999974
0.160014
0.987096
-0.00613578
0.98694
-0.160742
0.0105459
0.00951473
-0.00718358
-0.999929
0.160806
0.98697
-0.00556034
0.985146
-0.171718
-0.000383495
-0.00320929
-0.0161787
-0.999864
0.171688
0.985013
-0.0164895
0.978741
-0.20387
-0.0224326
-0.0279334
-0.0241442
-0.999318
0.203189
0.9787
-0.0293257
0.970506
-0.238161
-0.0373821
-0.0450071
-0.0266573
-0.998631
0.236838
0.97086
-0.03659
0.958809
-0.277053
-0.0626604
-0.0751129
-0.0345532
-0.996576
0.27394
0.960233
-0.0539402
0.946077
-0.313145
-0.0829313
-0.101456
-0.0433038
-0.993897
0.307643
0.948717
-0.0727394
0.933747
-0.348103
-0.0833135
-0.10814
-0.0524739
-0.99275
0.341207
0.935987
-0.0866413
0.919954
-0.38499
-0.073947
-0.109845
-0.0720698
-0.991332
0.376324
0.920103
-0.10859
0.908207
-0.415357
-0.0513657
-0.0968041
-0.0890771
-0.991309
0.407172
0.905286
-0.121109
0.897738
-0.440506
-0.00460193
-0.0571023
-0.106002
-0.992725
0.436814
0.891469
-0.120316
0.888465
-0.45816
0.0268414
-0.0321636
-0.1205
-0.992192
0.457817
0.880664
-0.121796
0.877036
-0.47464
0.0743295
0.0103009
-0.136102
-0.990641
0.480314
0.869594
-0.114477
0.868749
-0.484468
0.102787
0.0355408
-0.146022
-0.988643
0.493975
0.862536
-0.109638
0.859111
-0.492135
0.140468
0.0763652
-0.148126
-0.986016
0.50606
0.857824
-0.0896743
0.858812
-0.486728
0.159805
0.102861
-0.141755
-0.984543
0.501858
0.861975
-0.0716752
0.858833
-0.479154
0.181154
0.138079
-0.124011
-0.982627
0.493295
0.868926
-0.0403438
0.86648
-0.463998
0.184171
0.155006
-0.100623
-0.982776
0.474538
0.880103
-0.0152653
0.876287
-0.447422
0.178702
0.163248
-0.0732339
-0.983863
0.453289
0.891319
0.00886699
0.885468
-0.43196
0.17134
0.167536
-0.0471728
-0.984737
0.43345
0.900658
0.0305989
0.893559
-0.4199
0.158858
0.161663
-0.0291605
-0.986415
0.418828
0.907102
0.0418256
0.906505
-0.397467
0.142367
0.156268
0.00261796
-0.987711
0.392209
0.917613
0.0644844
0.91412
-0.383579
0.13135
0.151854
0.0235222
-0.988123
0.375933
0.923209
0.0797499
0.927868
-0.358736
0.101833
0.128126
0.0502308
-0.990485
0.350207
0.932087
0.0925708
0.938023
-0.338676
0.0735646
0.101892
0.0666103
-0.992563
0.331257
0.938542
0.0969903
0.947291
-0.317381
0.0437045
0.0752488
0.0878163
-0.99329
0.311413
0.944223
0.10707
0.954545
-0.297773
0.0132302
0.0460547
0.103489
-0.993564
0.294487
0.949011
0.112499
0.9596
-0.280874
-0.0166813
0.01769
0.119394
-0.992689
0.280812
0.952289
0.119539
0.962642
-0.267194
-0.0438961
-0.00887671
0.130885
-0.991358
0.27063
0.954713
0.123623
0.963752
-0.256785
-0.0724171
-0.0372753
0.139173
-0.989566
0.264184
0.956396
0.124556
0.96177
-0.255862
-0.0976355
-0.0624292
0.142292
-0.987854
0.266647
0.956184
0.120879
0.957304
-0.256837
-0.13268
-0.0980242
0.143379
-0.984801
0.271957
0.95576
0.112081
0.952021
-0.258161
-0.164346
-0.128804
0.149131
-0.980393
0.277608
0.954522
0.108724
0.944927
-0.268336
-0.187374
-0.151158
0.149974
-0.977067
0.290284
0.951579
0.101153
0.93494
-0.285766
-0.210299
-0.172745
0.151102
-0.973307
0.309915
0.946312
0.0919068
0.92474
-0.306083
-0.226205
-0.187567
0.150647
-0.970631
0.331171
0.94001
0.0818985
0.914828
-0.325749
-0.2387
-0.199247
0.150051
-0.968393
0.35127
0.933473
0.0723665
0.905421
-0.345475
-0.246698
-0.207202
0.147561
-0.967106
0.370514
0.926754
0.0620219
0.892895
-0.375075
-0.249113
-0.210087
0.142303
-0.967271
0.398249
0.916007
0.0482627
0.882508
-0.401764
-0.244468
-0.206933
0.13507
-0.968987
0.422325
0.905727
0.0360619
0.873836
-0.426493
-0.233483
-0.197465
0.127524
-0.97198
0.444318
0.895456
0.0272179
0.864825
-0.451652
-0.219288
-0.184929
0.119507
-0.975459
0.466775
0.884154
0.0198292
0.856732
-0.473898
-0.203546
-0.17216
0.109253
-0.978992
0.48618
0.873776
0.0120146
0.851412
-0.492289
-0.180966
-0.152819
0.0972202
-0.98346
0.50174
0.864985
0.00754317
0.848196
-0.507506
-0.15166
-0.127384
0.0824751
-0.988418
0.514136
0.857692
0.00530678
0.843029
-0.52393
-0.121649
-0.105851
0.0601406
-0.992562
0.527349
0.849635
-0.00475807
0.835967
-0.540668
-0.094009
-0.0870513
0.0384899
-0.99546
0.541832
0.840355
-0.0148895
0.826307
-0.559485
-0.0647653
-0.0699444
0.0121655
-0.997477
0.558861
0.828752
-0.0290803
0.820304
-0.570226
-0.0440877
-0.0570757
-0.00491763
-0.998358
0.569073
0.821473
-0.03658
0.813077
-0.582014
-0.0128467
-0.0332007
-0.0243274
-0.999153
0.581208
0.812815
-0.0391033
0.807827
-0.589101
0.0193653
-0.00254755
-0.0363442
-0.999336
0.589414
0.807242
-0.0308606
0.805621
-0.590099
0.0525147
0.0268295
-0.052211
-0.998276
0.591823
0.805641
-0.0262302
0.807751
-0.583606
0.0833135
0.0621385
-0.0562501
-0.996481
0.586239
0.810086
-0.00917171
0.811976
-0.572557
0.113461
0.102327
-0.0517435
-0.993404
0.574651
0.81823
0.0165735
0.820128
-0.556448
0.133251
0.125832
-0.0517808
-0.990699
0.558173
0.829267
0.0275519
0.830257
-0.536298
0.15185
0.148675
-0.0494797
-0.987648
0.537186
0.842577
0.038653
0.845135
-0.508539
0.164724
0.166271
-0.0427833
-0.985152
0.508036
0.859975
0.0483974
0.85926
-0.480906
0.174362
0.180714
-0.0335016
-0.982965
0.478555
0.876132
0.0581198
0.872083
-0.454592
0.181154
0.192226
-0.0222034
-0.9811
0.450022
0.890423
0.0680212
0.885547
-0.428012
0.180589
0.194003
-0.0124859
-0.980921
0.422101
0.903687
0.0719789
0.895329
-0.406565
0.181909
0.197132
-0.00452315
-0.980366
0.399406
0.913611
0.0760974
0.905997
-0.382829
0.180589
0.197336
0.00457202
-0.980325
0.374471
0.923808
0.0796883
0.917048
-0.357993
0.175683
0.19365
0.0146608
-0.980961
0.348602
0.933609
0.0827702
0.928747
-0.333316
0.162265
0.179469
0.0212649
-0.983534
0.324377
0.942575
0.0795694
0.939448
-0.307956
0.150333
0.16745
0.029768
-0.985431
0.298994
0.950935
0.0795327
0.947287
-0.289143
0.138
0.154723
0.0356854
-0.987313
0.28055
0.956621
0.0785414
0.955936
-0.268296
0.119175
0.135709
0.0438787
-0.989777
0.260324
0.962337
0.0783554
0.956873
-0.27054
0.105838
0.121736
0.0426258
-0.991647
0.263769
0.961765
0.0737218
0.957491
-0.273492
0.091718
0.104454
0.032345
-0.994004
0.268886
0.96133
0.0595376
0.957756
-0.274959
0.0842689
0.0946997
0.0248589
-0.995195
0.271543
0.961135
0.0498473
0.958271
-0.273914
0.0817848
0.0924931
0.0263871
-0.995364
0.270486
0.961392
0.0506211
0.961341
-0.26465
0.0760503
0.0879608
0.0334308
-0.995563
0.260933
0.963765
0.0554172
0.968836
-0.241299
0.055961
0.0687461
0.0448886
-0.996624
0.237973
0.969412
0.0600781
0.975804
-0.215785
0.0352742
0.0481904
0.0548895
-0.997329
0.213273
0.974897
0.0639601
0.97941
-0.200876
0.0201321
0.032578
0.0588457
-0.997735
0.199236
0.977848
0.0641782
0.983589
-0.180399
-0.00306796
0.00856871
0.0636904
-0.997933
0.180222
0.981529
0.0641909
0.985935
-0.166406
-0.0155309
-0.00421524
0.0681391
-0.997667
0.167076
0.9837
0.0664793
0.988284
-0.149311
-0.0316331
-0.020523
0.0753724
-0.996944
0.151239
0.985913
0.0714251
0.989727
-0.136548
-0.0423635
-0.0315843
0.0801632
-0.996281
0.139436
0.987385
0.0750269
0.990964
-0.113745
-0.0710784
-0.0609146
0.0904678
-0.994035
0.119496
0.989383
0.0827216
0.991352
-0.0974477
-0.0878986
-0.0778525
0.102499
-0.991682
0.105647
0.989948
0.0940255
0.991023
-0.0794103
-0.107554
-0.0981543
0.114042
-0.988615
0.0907718
0.990297
0.105224
0.989287
-0.0621112
-0.13211
-0.12383
0.122223
-0.984747
0.0773107
0.990557
0.113222
0.986727
-0.0469576
-0.15545
-0.148186
0.131125
-0.980228
0.0664126
0.990253
0.122426
0.981528
-0.0395446
-0.187185
-0.180298
0.136057
-0.974157
0.0639904
0.989911
0.126414
0.975968
-0.0455078
-0.21311
-0.205185
0.137444
-0.969024
0.0733889
0.989464
0.124803
0.970453
-0.0571932
-0.234415
-0.224796
0.13873
-0.96448
0.0876822
0.988677
0.121774
0.964938
-0.0756444
-0.251341
-0.239308
0.139828
-0.960823
0.107825
0.987282
0.116823
0.959308
-0.100803
-0.263755
-0.248888
0.139281
-0.958465
0.133352
0.985109
0.108525
0.953935
-0.129187
-0.270776
-0.253635
0.134801
-0.957861
0.160244
0.982415
0.0958249
0.949815
-0.154696
-0.271883
-0.252756
0.132545
-0.958408
0.184298
0.979031
0.086793
0.947429
-0.1877
-0.259128
-0.23814
0.127241
-0.96286
0.2137
0.97395
0.075853
0.947865
-0.216481
-0.233856
-0.211217
0.122717
-0.969705
0.23862
0.968544
0.070595
0.946066
-0.24103
-0.216481
-0.19325
0.116464
-0.974213
0.260027
0.963504
0.0636032
0.942284
-0.274237
-0.19208
-0.169555
0.10384
-0.980035
0.288707
0.956039
0.0513489
0.939748
-0.30029
-0.1634
-0.141897
0.0922294
-0.985575
0.311029
0.949378
0.0440621
0.939436
-0.318561
-0.126406
-0.105061
0.083393
-0.990963
0.326223
0.944227
0.0448741
0.938841
-0.32762
-0.106028
-0.0852931
0.0770677
-0.993371
0.33362
0.941661
0.0444106
0.938126
-0.332019
-0.0983988
-0.0797069
0.0694899
-0.994393
0.336995
0.94071
0.0387261
0.938436
-0.331926
-0.095727
-0.0778487
0.0667802
-0.994726
0.336568
0.940939
0.0368289
0.938524
-0.333173
-0.0903814
-0.0738373
0.0620162
-0.99534
0.337225
0.940824
0.0336031
0.938365
-0.334332
-0.0877076
-0.0725452
0.0575971
-0.995701
0.337947
0.940694
0.0297929
0.938555
-0.334197
-0.0861794
-0.0723472
0.053643
-0.995936
0.337462
0.940975
0.0261687
0.939712
-0.331567
-0.0836957
-0.0701598
0.0526085
-0.996148
0.334693
0.941964
0.0261742
0.940234
-0.331751
-0.076815
-0.0620691
0.0548351
-0.996564
0.334823
0.941772
0.0309664
0.940385
-0.331804
-0.0747119
-0.0599584
0.0544969
-0.996712
0.334785
0.941773
0.0313536
0.940674
-0.331906
-0.0705046
-0.0555435
0.0543617
-0.996975
0.334735
0.941745
0.0327014
0.940815
-0.33297
-0.0632345
-0.0494775
0.0496436
-0.997541
0.335291
0.94163
0.0302309
0.941097
-0.333883
-0.0534721
-0.0412085
0.0437107
-0.998194
0.335617
0.941601
0.0273772
0.937665
-0.344249
-0.047727
-0.0397098
0.0303065
-0.998752
0.345265
0.938389
0.0147473
0.930578
-0.363069
-0.0469609
-0.0420759
0.0213559
-0.998886
0.363668
0.931517
0.00459682
0.921667
-0.385291
-0.0456201
-0.0433474
0.0145878
-0.998954
0.385554
0.92268
-0.0032563
0.905626
-0.42176
-0.0442792
-0.0453174
0.00756784
-0.998944
0.42165
0.906676
-0.0122595
0.893585
-0.44572
-0.0532806
-0.0584475
0.00215727
-0.998288
0.445072
0.89517
-0.0241235
0.877092
-0.476193
-0.0628518
-0.0742169
-0.00507652
-0.997229
0.474554
0.879326
-0.0397941
0.86174
-0.502237
-0.0718434
-0.0899605
-0.011898
-0.995874
0.49931
0.864648
-0.0554345
0.846988
-0.526391
-0.0743295
-0.0973851
-0.0161811
-0.995115
0.522617
0.850089
-0.0649678
0.827561
-0.556408
-0.0745207
-0.105154
-0.0232453
-0.994184
0.55144
0.830584
-0.0777453
0.809433
-0.58317
-0.068783
-0.107416
-0.0318878
-0.993703
0.577304
0.811724
-0.0884526
0.79423
-0.605491
-0.0507912
-0.0921446
-0.0373985
-0.995043
0.60059
0.794973
-0.0854958
0.782646
-0.621478
-0.0350826
-0.0827383
-0.0480034
-0.995414
0.616944
0.78196
-0.0889897
0.772324
-0.63507
-0.0141888
-0.0688033
-0.0614264
-0.995737
0.631492
0.770008
-0.091136
0.765715
-0.64304
0.0134219
-0.0478878
-0.0778089
-0.995818
0.641395
0.76187
-0.0903732
0.765169
-0.642581
0.0400645
-0.0268288
-0.0939978
-0.995211
0.64327
0.76043
-0.0891639
0.763058
-0.643057
0.0649567
-0.00344722
-0.104549
-0.994514
0.64632
0.758648
-0.0819934
0.767185
-0.635295
0.0884716
0.0230041
-0.110589
-0.9936
0.641013
0.76431
-0.0702281
0.77366
-0.622365
0.118794
0.0544356
-0.121507
-0.991097
0.631258
0.773238
-0.0601264
0.785253
-0.603903
0.13667
0.0706331
-0.13192
-0.988741
0.615133
0.786065
-0.060935
0.803042
-0.577863
0.145592
0.0796464
-0.138046
-0.987218
0.590576
0.804374
-0.0648324
0.82291
-0.548027
0.149954
0.0874649
-0.13859
-0.98648
0.561399
0.8249
-0.0661139
0.839585
-0.522013
0.150333
0.091869
-0.136312
-0.986397
0.535404
0.841975
-0.0664884
0.858139
-0.492453
0.145213
0.0917049
-0.131268
-0.987096
0.50516
0.860383
-0.0674862
0.873351
-0.467246
0.13762
0.090263
-0.122394
-0.988369
0.478656
0.875614
-0.0647177
0.889
-0.439396
0.128878
0.0882345
-0.111799
-0.989806
0.449325
0.891309
-0.0606196
0.903848
-0.410643
0.120127
0.0863707
-0.0998653
-0.991245
0.419044
0.906311
-0.0547955
0.915938
-0.385995
0.109841
0.0802343
-0.0920464
-0.992517
0.393217
0.917897
-0.0533388
0.930765
-0.352286
0.0978263
0.0748365
-0.0783322
-0.994114
0.357876
0.932608
-0.0465451
0.941356
-0.325868
0.0875166
0.0690226
-0.0679125
-0.995301
0.33028
0.942973
-0.0414376
0.953916
-0.291766
0.070122
0.0566966
-0.0542287
-0.996918
0.294669
0.954951
-0.0351874
0.964262
-0.259695
0.0525147
0.0433586
-0.0408647
-0.998223
0.261379
0.964826
-0.0281442
0.97304
-0.228324
0.0325913
0.0265969
-0.0292829
-0.999217
0.2291
0.973145
-0.0224207
0.980744
-0.195278
-0.00268446
-0.00675074
-0.0201605
-0.999774
0.195179
0.980541
-0.0210906
0.985254
-0.168429
-0.0300998
-0.0317672
-0.00721349
-0.999469
0.168122
0.985687
-0.0124576
0.98714
-0.146235
-0.064574
-0.0646347
0.00434132
-0.9979
0.146208
0.98924
-0.00516636
0.984848
-0.143195
-0.0978263
-0.097607
0.00857271
-0.995188
0.143344
0.989657
-0.00553398
0.979622
-0.156081
-0.126406
-0.12735
0.00398114
-0.99185
0.155313
0.987736
-0.0159769
0.976125
-0.172267
-0.1323
-0.134742
-0.00250376
-0.990878
0.170365
0.985047
-0.0256556
0.968533
-0.21009
-0.133441
-0.138559
-0.00976435
-0.990306
0.206751
0.977633
-0.0385669
0.960493
-0.246864
-0.128498
-0.137029
-0.0176186
-0.99041
0.242233
0.96889
-0.05075
0.951618
-0.288272
-0.10641
-0.117632
-0.0218381
-0.992817
0.283877
0.9573
-0.0546915
0.942575
-0.321642
-0.0899994
-0.103725
-0.0257574
-0.994272
0.317481
0.946511
-0.0576405
0.930349
-0.360311
-0.0680178
-0.0850434
-0.0315913
-0.995876
0.356676
0.932297
-0.060033
0.9163
-0.398205
-0.0427467
-0.0608404
-0.032907
-0.997605
0.395845
0.916706
-0.0543796
0.900457
-0.43458
-0.0178316
-0.0367853
-0.0352413
-0.998702
0.433387
0.899944
-0.0477194
0.887192
-0.461387
-0.00345145
-0.0226938
-0.0361638
-0.999088
0.460841
0.886462
-0.0425549
0.88327
-0.468857
-0.00268446
-0.0244763
-0.0403913
-0.998884
0.468225
0.88235
-0.0471523
0.883165
-0.469018
-0.00651937
-0.0275978
-0.0380823
-0.998893
0.46825
0.882367
-0.0465768
0.881064
-0.472895
-0.00977897
-0.0230283
-0.0222363
-0.999487
0.472436
0.880838
-0.0304816
0.880076
-0.474759
-0.00843679
-0.014343
-0.00882
-0.999858
0.474617
0.880072
-0.0145717
0.880032
-0.474735
-0.0130385
-0.0163905
-0.00292274
-0.999861
0.474631
0.880124
-0.0103533
0.882016
-0.471012
-0.0139971
-0.00873359
0.0133588
-0.999873
0.471139
0.882025
0.00766906
0.884135
-0.466928
-0.016873
-0.00336544
0.0297475
-0.999552
0.46722
0.883795
0.0247294
0.885171
-0.464657
-0.0237745
-0.00571274
0.0402406
-0.999174
0.46523
0.884576
0.0329653
0.884431
-0.465784
-0.0287582
-0.00648719
0.0493471
-0.998761
0.466626
0.883522
0.0406224
0.883387
-0.4674
-0.0341244
-0.0101436
0.0537284
-0.998504
0.468534
0.882412
0.0427218
0.882707
-0.468341
-0.0385317
-0.0144219
0.0549583
-0.998385
0.469702
0.881837
0.0417577
0.882764
-0.467937
-0.0419804
-0.0171272
0.0572429
-0.998213
0.469504
0.881906
0.0425176
0.87972
-0.473261
-0.0460032
-0.0203151
0.0592511
-0.998036
0.475057
0.878927
0.04251
0.866156
-0.495509
-0.065148
-0.0420538
0.0576313
-0.997452
0.498001
0.866689
0.0290796
0.849379
-0.522923
-0.0714609
-0.0495809
0.0557421
-0.997213
0.525449
0.850555
0.0214192
0.826623
-0.55762
-0.0758591
-0.0530135
0.0570399
-0.996963
0.560254
0.828134
0.017589
0.801198
-0.593019
-0.0800647
-0.0553352
0.0598026
-0.996675
0.595836
0.802965
0.0150989
0.780626
-0.619874
-0.0798736
-0.0528856
0.0618269
-0.996685
0.622757
0.782262
0.0154813
0.754
-0.651667
-0.0825492
-0.0556813
0.0618097
-0.996534
0.65451
0.755983
0.0103188
0.730424
-0.677486
-0.0865614
-0.0637256
0.0585839
-0.996246
0.680014
0.733199
-0.0003821
0.711747
-0.696891
-0.0880896
-0.0719247
0.052444
-0.99603
0.698744
0.715257
-0.0127968
0.701211
-0.707152
-0.0907633
-0.0859311
0.0425498
-0.995392
0.707756
0.70578
-0.0309299
0.703648
-0.703378
-0.100688
-0.103524
0.0387091
-0.993874
0.702967
0.709761
-0.0455788
0.716904
-0.685965
-0.124504
-0.132182
0.0416071
-0.990352
0.684526
0.726444
-0.0608436
0.739369
-0.656563
-0.149196
-0.147913
0.0577868
-0.987311
0.656853
0.752055
-0.0543882
0.760834
-0.625867
-0.171529
-0.163119
0.0713906
-0.98402
0.628111
0.776656
-0.0477744
0.780753
-0.594034
-0.193774
-0.179152
0.0842793
-0.980205
0.598606
0.800013
-0.0406209
0.796518
-0.566933
-0.210112
-0.190977
0.0938099
-0.977102
0.573661
0.818405
-0.03355
0.813704
-0.537179
-0.222094
-0.198079
0.102966
-0.974763
0.54649
0.83716
-0.02262
0.835463
-0.504466
-0.217979
-0.187294
0.111523
-0.975953
0.516645
0.856199
-0.00130995
0.858748
-0.465807
-0.213485
-0.182434
0.111391
-0.976888
0.478822
0.877847
0.0106775
0.881174
-0.430493
-0.195466
-0.164292
0.108858
-0.980387
0.443328
0.896005
0.0251958
0.902361
-0.401232
-0.157343
-0.126904
0.101532
-0.986705
0.411873
0.910332
0.0407007
0.918508
-0.376955
-0.119365
-0.0916649
0.0906583
-0.991654
0.384631
0.921784
0.0487168
0.932085
-0.355649
-0.068783
-0.044627
0.0756949
-0.996132
0.35948
0.931549
0.0546825
0.935372
-0.3528
-0.0247329
-0.00410209
0.0591057
-0.998243
0.353642
0.93383
0.0538386
0.934037
-0.356804
0.0162978
0.035307
0.0468276
-0.998279
0.355427
0.933005
0.0563365
0.926508
-0.3699
0.0689743
0.083652
0.0237665
-0.996212
0.366859
0.928767
0.0529627
0.915708
-0.389418
0.099162
0.109011
0.00321521
-0.994035
0.386776
0.921056
0.0453952
0.898534
-0.420136
0.126977
0.131099
-0.0191862
-0.991184
0.418868
0.907258
0.0378397
0.879282
-0.454706
0.141797
0.138848
-0.0400744
-0.989503
0.455615
0.88974
0.0278984
0.856956
-0.494398
0.145592
0.13357
-0.0597933
-0.989234
0.497781
0.867176
0.0147964
0.834321
-0.529898
0.152039
0.133578
-0.0732542
-0.988327
0.53485
0.844891
0.00966533
0.812135
-0.56132
0.159237
0.132737
-0.0880138
-0.987236
0.56817
0.822906
0.00302878
0.789449
-0.592802
0.159237
0.118224
-0.107718
-0.987127
0.602323
0.798112
-0.0149542
0.767698
-0.622189
0.153366
0.100506
-0.11946
-0.987739
0.632882
0.773699
-0.0291756
0.743349
-0.652993
0.145023
0.0819167
-0.126307
-0.988603
0.663869
0.746757
-0.0403992
0.721968
-0.678713
0.134581
0.0557369
-0.136823
-0.989026
0.689678
0.721546
-0.0609526
0.690935
-0.712738
0.120888
0.0223684
-0.146065
-0.989022
0.722571
0.686054
-0.0849784
0.663234
-0.74028
0.110032
-0.00567457
-0.15199
-0.988366
0.748391
0.654893
-0.105006
0.642227
-0.75941
0.104122
-0.0251225
-0.156619
-0.98734
0.766103
0.63148
-0.119663
0.611003
-0.786342
0.0913361
-0.0605817
-0.161486
-0.985014
0.789307
0.596313
-0.146306
0.603431
-0.79405
0.0731821
-0.089756
-0.158826
-0.983218
0.792348
0.586736
-0.167111
0.621277
-0.783317
0.0207073
-0.140673
-0.137492
-0.980463
0.770861
0.606226
-0.195612
0.6431
-0.765191
-0.0300998
-0.179925
-0.112777
-0.977194
0.744345
0.633849
-0.210204
0.662251
-0.745774
-0.0724171
-0.210884
-0.0927752
-0.973098
0.718993
0.659707
-0.218713
0.68498
-0.719733
-0.11308
-0.235305
-0.0716556
-0.969277
0.689518
0.690543
-0.218439
0.708681
-0.690702
-0.143885
-0.249544
-0.054634
-0.966821
0.659924
0.721073
-0.211078
0.732432
-0.659756
-0.168127
-0.257084
-0.0393404
-0.965588
0.630438
0.75045
-0.198427
0.756674
-0.625858
-0.189069
-0.25943
-0.0219798
-0.965512
0.600117
0.779628
-0.178998
0.782207
-0.589477
-0.201668
-0.255163
-0.00780978
-0.966867
0.56837
0.807748
-0.156521
0.80652
-0.553108
-0.208799
-0.247878
0.00427151
-0.968782
0.536733
0.833099
-0.133658
0.826499
-0.522709
-0.208987
-0.237896
0.0121493
-0.971215
0.510201
0.852425
-0.114309
0.845332
-0.493326
-0.205047
-0.225183
0.0190315
-0.974131
0.484466
0.869637
-0.0950006
0.868137
-0.455078
-0.198098
-0.208701
0.0274218
-0.977595
0.450314
0.890029
-0.0711694
0.888224
-0.423229
-0.178702
-0.181023
0.0350849
-0.982853
0.422242
0.905343
-0.0454511
0.905261
-0.394646
-0.157343
-0.154301
0.0396588
-0.987228
0.395846
0.917977
-0.0249927
0.918533
-0.370192
-0.13876
-0.13235
0.042797
-0.990279
0.372532
0.927969
-0.00968438
0.930211
-0.350854
-0.107744
-0.0970845
0.0478891
-0.994123
0.353952
0.935205
0.0104846
0.940153
-0.332331
-0.0752855
-0.0621386
0.0500276
-0.996813
0.335038
0.941835
0.026383
0.946672
-0.320407
-0.0339328
-0.0190249
0.0495452
-0.998591
0.321637
0.945983
0.0408074
0.946786
-0.321863
-0.000191748
0.0144404
0.0430728
-0.998968
0.321539
0.945806
0.0454286
0.939242
-0.342377
0.0245412
0.0361054
0.0274427
-0.998971
0.341352
0.939162
0.038137
0.922933
-0.382084
0.0469609
0.0562712
0.0132227
-0.998328
0.380824
0.924033
0.033704
0.902055
-0.425371
0.0731821
0.0798947
-0.00206548
-0.996801
0.424162
0.905017
0.0321217
0.879137
-0.468176
0.0890445
0.0913623
-0.0178095
-0.995658
0.467729
0.883456
0.0271167
0.852889
-0.513205
0.0959179
0.0906768
-0.0353179
-0.995254
0.514157
0.857539
0.0164135
0.828736
-0.55099
0.0980171
0.0881995
-0.0443642
-0.995114
0.552646
0.833332
0.0118308
0.80168
-0.590763
0.0911452
0.0763313
-0.0500562
-0.995825
0.592859
0.805291
0.00496464
0.767902
-0.63564
0.0793002
0.056317
-0.0563248
-0.996823
0.638088
0.769928
-0.00745454
0.737807
-0.671033
0.0731821
0.0436831
-0.0607233
-0.997198
0.673596
0.738937
-0.0154893
0.70561
-0.704528
0.0758591
0.0448713
-0.0624148
-0.997041
0.707178
0.706926
-0.0124274
0.681336
-0.728108
0.0750943
0.0426255
-0.0629504
-0.997106
0.730728
0.682566
-0.0118545
0.648836
-0.756864
0.0785356
0.0420855
-0.067358
-0.996841
0.759763
0.650092
-0.0118513
0.626082
-0.775536
0.0810203
0.0417884
-0.0703842
-0.996644
0.778636
0.627367
-0.0116579
0.620567
-0.780269
0.0779621
0.0345647
-0.0721069
-0.996798
0.783392
0.621274
-0.0177773
0.619696
-0.781017
0.0773886
0.0357792
-0.0703887
-0.996878
0.784026
0.62053
-0.0156755
0.619134
-0.781538
0.0766239
0.0340469
-0.0707676
-0.996912
0.784547
0.619831
-0.0172057
0.620386
-0.780656
0.0754767
0.034193
-0.0692219
-0.997015
0.783551
0.621115
-0.0162514
0.628562
-0.774345
0.0727996
0.033519
-0.0665447
-0.99722
0.777037
0.629255
-0.0158722
0.644851
-0.761624
0.0639999
0.0296437
-0.0587501
-0.997832
0.763733
0.645351
-0.0153077
0.653481
-0.754928
0.0551952
0.0239419
-0.0522677
-0.998346
0.756564
0.653722
-0.0160815
0.667363
-0.742879
0.0525147
0.025107
-0.0480321
-0.99853
0.74431
0.6677
-0.0134034
0.686614
-0.725896
0.0404477
0.00967856
-0.0465034
-0.998871
0.726958
0.68623
-0.0249042
0.712249
-0.701406
0.0270331
0.00324718
-0.0352198
-0.999374
0.701919
0.711891
-0.0228077
0.735404
-0.677399
0.0176399
-0.00222702
-0.0284477
-0.999593
0.677625
0.735066
-0.0224291
0.750879
-0.660373
0.00939549
-0.00953393
-0.025063
-0.99964
0.660371
0.750519
-0.0251152
0.775801
-0.630978
-0
-0.0148802
-0.0182956
-0.999722
0.630803
0.775585
-0.0235828
0.792654
-0.609594
-0.00977897
-0.0257474
-0.0174452
-0.999516
0.609128
0.792522
-0.0295234
0.808599
-0.588003
-0.0205156
-0.0407048
-0.0211222
-0.998948
0.586951
0.808583
-0.0410139
0.812814
-0.582061
-0.0231994
-0.0467392
-0.0254677
-0.998582
0.580645
0.812746
-0.0479056
0.812612
-0.582388
-0.0220492
-0.0489338
-0.0304809
-0.998337
0.580747
0.812339
-0.0532676
0.812657
-0.582657
-0.00997071
-0.0362383
-0.0334515
-0.998783
0.581614
0.81203
-0.0482991
0.814122
-0.579933
-0.0297165
-0.0620611
-0.0360134
-0.997422
0.577368
0.813868
-0.0653105
0.81172
-0.580337
-0.065722
-0.108782
-0.039668
-0.993274
0.573826
0.81341
-0.0953296
0.797171
-0.593358
-0.111556
-0.162239
-0.0325503
-0.986215
0.581547
0.804281
-0.122214
0.776469
-0.613907
-0.142177
-0.192142
-0.015772
-0.98124
0.600148
0.789221
-0.130204
0.743921
-0.648458
-0.161508
-0.213933
-0.00212904
-0.976846
0.6331
0.761248
-0.14031
0.714896
-0.676209
-0.177948
-0.240076
0.00164681
-0.970753
0.656724
0.736708
-0.161164
0.681432
-0.704826
-0.197159
-0.274795
0.00328264
-0.961497
0.678335
0.709373
-0.191445
0.643938
-0.734744
-0.213298
-0.310817
0.00351812
-0.950463
0.699097
0.678336
-0.226105
0.605325
-0.762604
-0.228072
-0.341292
0.0101925
-0.939902
0.719098
0.646785
-0.254101
0.575454
-0.78279
-0.236837
-0.364059
0.0141286
-0.931269
0.732334
0.622125
-0.276852
0.549303
-0.801302
-0.237024
-0.378571
0.014235
-0.925463
0.74495
0.59809
-0.29553
0.513943
-0.828021
-0.22415
-0.389055
0.00788642
-0.921181
0.764525
0.560641
-0.318093
0.488812
-0.846148
-0.212361
-0.399185
-0.00049528
-0.91687
0.775702
0.532948
-0.338012
0.469437
-0.861101
-0.195278
-0.399879
-0.0101537
-0.916512
0.787226
0.508332
-0.349103
0.449503
-0.876209
-0.173795
-0.393768
-0.0197242
-0.918998
0.801807
0.481527
-0.353889
0.432826
-0.888106
-0.154692
-0.386749
-0.0279309
-0.921762
0.814302
0.458789
-0.355563
0.417386
-0.898935
-0.133061
-0.372836
-0.0358672
-0.927204
0.828723
0.436612
-0.350126
0.410474
-0.904398
-0.116509
-0.354205
-0.0404005
-0.934295
0.840268
0.424772
-0.336925
0.410206
-0.907966
-0.0856063
-0.313424
-0.0522028
-0.948177
0.856444
0.415779
-0.305992
0.421885
-0.904534
-0.0618949
-0.282998
-0.0665214
-0.956811
0.861351
0.42118
-0.284046
0.445047
-0.894812
-0.0352742
-0.243719
-0.0831256
-0.966277
0.861704
0.438636
-0.255078
0.467971
-0.883647
-0.0130385
-0.211609
-0.0977175
-0.972457
0.858035
0.457841
-0.232717
0.501848
-0.86488
0.0115046
-0.175276
-0.114711
-0.977814
0.847011
0.488697
-0.209161
0.528357
-0.848336
0.0341244
-0.145179
-0.129874
-0.980844
0.836518
0.513282
-0.191781
0.566635
-0.821509
0.0636172
-0.104359
-0.148139
-0.983445
0.817333
0.550616
-0.169673
0.605148
-0.790944
0.0905723
-0.0678759
-0.164613
-0.98402
0.793214
0.58933
-0.153301
0.647941
-0.754355
0.105456
-0.0348787
-0.16769
-0.985223
0.760892
0.634688
-0.134964
0.685702
-0.718559
0.116128
-0.000755114
-0.160245
-0.987077
0.727882
0.676753
-0.110423
0.717972
-0.682255
0.138
0.0428322
-0.154577
-0.987052
0.694753
0.714587
-0.0817593
0.741706
-0.652054
0.157154
0.0760415
-0.151046
-0.985598
0.6664
0.742974
-0.0624487
0.765815
-0.619448
0.172662
0.105778
-0.143498
-0.983981
0.634302
0.771811
-0.0443689
0.785207
-0.591738
0.182474
0.135204
-0.123738
-0.983061
0.604293
0.796577
-0.0171552
0.804171
-0.566361
0.1804
0.149148
-0.101524
-0.983589
0.575382
0.81788
0.00282904
0.823638
-0.538537
0.177759
0.161851
-0.0771922
-0.983791
0.543529
0.839059
0.0235844
0.838866
-0.514235
0.178514
0.177951
-0.0508585
-0.982724
0.51443
0.85614
0.0488449
0.854031
-0.48966
0.175683
0.18868
-0.0231612
-0.981766
0.4848
0.871606
0.0726086
0.875913
-0.458512
0.150144
0.170591
0.00322927
-0.985337
0.451304
0.888682
0.0810466
0.891996
-0.430707
0.13724
0.17036
0.0390811
-0.984607
0.418713
0.901645
0.108235
0.904307
-0.40605
0.13173
0.173682
0.0680808
-0.982446
0.389953
0.911312
0.132089
0.920736
-0.373956
0.111366
0.16008
0.101743
-0.981847
0.355837
0.921849
0.153541
0.931072
-0.349548
0.104503
0.161332
0.137563
-0.977266
0.327225
0.926765
0.184474
0.940489
-0.32678
0.0932454
0.156175
0.171939
-0.972649
0.30181
0.929329
0.212741
0.949674
-0.305069
0.0710784
0.13802
0.203833
-0.969228
0.281193
0.930261
0.235681
0.954921
-0.293275
0.0460032
0.116773
0.228617
-0.966488
0.272929
0.928291
0.252558
0.955319
-0.295002
0.0184067
0.0932813
0.241815
-0.965828
0.28047
0.924392
0.258528
0.951953
-0.306203
-0.00498542
0.0781179
0.258536
-0.962838
0.296113
0.916187
0.270034
0.942448
-0.332126
-0.0385317
0.055015
0.26771
-0.961927
0.329796
0.904447
0.270575
0.930862
-0.359688
-0.0641913
0.0391903
0.272967
-0.961225
0.363263
0.892252
0.268191
0.912167
-0.400366
-0.0875166
0.029803
0.277788
-0.96018
0.408734
0.873236
0.265321
0.897752
-0.428614
-0.101642
0.0257513
0.281413
-0.959241
0.439748
0.858543
0.263676
0.878168
-0.463561
-0.118032
0.0180426
0.278671
-0.960217
0.478012
0.841102
0.253084
0.859133
-0.492367
-0.139519
-3.91479e-05
0.272567
-0.962137
0.511752
0.826609
0.234152
0.842499
-0.517351
-0.150144
-0.00729362
0.267735
-0.963465
0.538649
0.812813
0.221794
0.82884
-0.536961
-0.157154
-0.0133148
0.26188
-0.965009
0.559327
0.80193
0.209907
0.814753
-0.55303
-0.174173
-0.0361044
0.251423
-0.967204
0.578683
0.79432
0.184881
0.800113
-0.57343
-0.176061
-0.0375043
0.245112
-0.968769
0.598676
0.781728
0.174611
0.79062
-0.584486
-0.182474
-0.0477405
0.238261
-0.970027
0.610444
0.775634
0.160471
0.774388
-0.603861
-0.18888
-0.0597644
0.227379
-0.971971
0.629882
0.763971
0.13999
0.756311
-0.624093
-0.196219
-0.0745396
0.215773
-0.973594
0.649952
0.750966
0.116671
0.742533
-0.639025
-0.200729
-0.0841634
0.208292
-0.974439
0.664501
0.740447
0.100881
0.73124
-0.650097
-0.206549
-0.0942001
0.20366
-0.974499
0.675585
0.73205
0.087685
0.726021
-0.654486
-0.211049
-0.102384
0.200606
-0.974307
0.680008
0.728976
0.0786349
0.725468
-0.654492
-0.212923
-0.104868
0.200638
-0.974036
0.680219
0.728961
0.0769214
0.725408
-0.654437
-0.213298
-0.106189
0.19977
-0.974072
0.680079
0.729249
0.0754209
0.727158
-0.652736
-0.212548
-0.10964
0.195219
-0.974612
0.677658
0.732001
0.0703887
0.728499
-0.651422
-0.211986
-0.110245
0.193931
-0.974801
0.676117
0.733512
0.0694629
0.730049
-0.650293
-0.210112
-0.108444
0.193321
-0.975124
0.674735
0.734674
0.0706136
0.732907
-0.647314
-0.209362
-0.105349
0.196042
-0.97492
0.672123
0.736582
0.0754866
0.735481
-0.643837
-0.211049
-0.109145
0.194839
-0.974744
0.668696
0.739941
0.0730291
0.737361
-0.640752
-0.21386
-0.118989
0.18844
-0.97485
0.664937
0.744263
0.0627061
0.739233
-0.638904
-0.212923
-0.126025
0.179343
-0.975681
0.661553
0.748089
0.0520588
0.740427
-0.638944
-0.208612
-0.12569
0.173274
-0.976821
0.660281
0.749484
0.0479881
0.742893
-0.637354
-0.204672
-0.129
0.163714
-0.978037
0.656863
0.752979
0.0394039
0.743863
-0.636702
-0.20317
-0.131819
0.158252
-0.97856
0.655203
0.754697
0.0337881
0.745972
-0.635539
-0.199038
-0.128789
0.15556
-0.979395
0.653406
0.756235
0.0341929
0.748038
-0.634334
-0.19509
-0.125512
0.153438
-0.980155
0.65168
0.757679
0.0351603
0.75075
-0.6317
-0.193209
-0.12603
0.150141
-0.980599
0.648453
0.760534
0.0331055
0.754434
-0.627179
-0.193586
-0.126839
0.150069
-0.980506
0.644004
0.764281
0.0336669
0.758367
-0.621889
-0.195278
-0.11909
0.162353
-0.97952
0.640857
0.766091
0.0490622
0.758757
-0.621236
-0.195843
-0.116457
0.166438
-0.979151
0.640879
0.765744
0.0539387
0.760336
-0.618885
-0.197159
-0.11391
0.171785
-0.978527
0.639464
0.766467
0.0601171
0.761343
-0.617765
-0.196783
-0.112658
0.172845
-0.978485
0.638487
0.767132
0.0619981
0.762492
-0.617002
-0.194714
-0.110796
0.171984
-0.978849
0.63744
0.767939
0.062775
0.762835
-0.617522
-0.191704
-0.11929
0.156986
-0.98037
0.635494
0.770729
0.0460899
0.762424
-0.619127
-0.188127
-0.120057
0.150337
-0.981318
0.635843
0.770766
0.04029
0.762201
-0.620645
-0.183982
-0.119817
0.144043
-0.982291
0.636156
0.770747
0.0354256
0.761693
-0.621934
-0.18172
-0.120559
0.139524
-0.982852
0.636624
0.770539
0.0312949
0.760647
-0.624247
-0.178136
-0.1194
0.135192
-0.983599
0.638091
0.769441
0.0282982
0.759506
-0.626486
-0.175117
-0.122864
0.1262
-0.984367
0.638791
0.769148
0.0188773
0.758498
-0.628593
-0.171906
-0.127341
0.115742
-0.985083
0.639112
0.769074
0.00774458
0.757168
-0.631664
-0.166426
-0.126689
0.107937
-0.986053
0.640818
0.767691
0.00170168
0.753837
-0.639003
-0.152987
-0.117073
0.0984847
-0.988228
0.646548
0.762873
-0.000568457
0.74243
-0.653954
-0.145403
-0.118099
0.0858833
-0.989281
0.659431
0.751644
-0.013469
0.715945
-0.683209
-0.143695
-0.12245
0.079749
-0.989265
0.687334
0.725855
-0.0265629
0.68423
-0.714817
-0.144454
-0.121724
0.0833587
-0.989057
0.719036
0.694326
-0.0299738
0.653898
-0.742367
-0.145972
-0.121319
0.0875556
-0.988744
0.746792
0.664247
-0.032811
0.61949
-0.771599
-0.144454
-0.117886
0.0904883
-0.988896
0.776102
0.62964
-0.0349043
0.590312
-0.794351
-0.143316
-0.119715
0.089428
-0.988772
0.798248
0.600841
-0.0423054
0.559279
-0.816861
-0.141228
-0.121435
0.0877963
-0.988709
0.820037
0.570114
-0.0500925
0.530025
-0.836646
-0.13819
-0.121594
0.0862939
-0.988822
0.839219
0.540903
-0.055993
0.514681
-0.847231
-0.13154
-0.116992
0.0825873
-0.989693
0.849362
0.524765
-0.0566134
0.517143
-0.847984
-0.116128
-0.0893997
0.0814209
-0.992662
0.851217
0.523731
-0.0337032
0.528906
-0.842363
-0.103359
-0.0611307
0.0836576
-0.994618
0.846476
0.532377
-0.00724727
0.553029
-0.827666
-0.0955361
-0.0246726
0.0983477
-0.994846
0.832797
0.552536
0.0339684
0.594742
-0.798711
-0.0913361
-0.000793377
0.113031
-0.993591
0.803916
0.591003
0.0665904
0.623727
-0.776877
-0.0861794
0.0129988
0.120548
-0.992622
0.781534
0.618005
0.0852878
0.668209
-0.739817
-0.0785356
0.029762
0.13206
-0.990795
0.743378
0.659721
0.110262
0.710276
-0.699464
-0.079109
0.0315671
0.14392
-0.989086
0.703215
0.700027
0.124303
0.74017
-0.666726
-0.0873255
0.0232022
0.155114
-0.987624
0.67202
0.728983
0.13028
0.770908
-0.628473
-0.10355
0.00611978
0.169872
-0.985447
0.636917
0.759055
0.134802
0.790833
-0.599313
-0.124123
-0.0133389
0.185879
-0.982482
0.611886
0.778635
0.139005
0.792478
-0.593414
-0.140848
-0.030467
0.19213
-0.980896
0.609139
0.78163
0.13418
0.787236
-0.593504
-0.167371
-0.0610683
0.19505
-0.97889
0.613621
0.780839
0.117306
0.773837
-0.598436
-0.207487
-0.10374
0.203409
-0.973582
0.624831
0.774919
0.0953241
0.756616
-0.615857
-0.219662
-0.111373
0.209653
-0.971412
0.644304
0.759451
0.0900367
0.733957
-0.642502
-0.220224
-0.109222
0.20837
-0.971932
0.670356
0.73741
0.0827592
0.709285
-0.671159
-0.215545
-0.10905
0.197621
-0.974194
0.696436
0.714487
0.0669794
0.69079
-0.692647
-0.207487
-0.106802
0.186065
-0.976715
0.715125
0.696865
0.054556
0.665969
-0.722162
-0.186997
-0.0938113
0.167608
-0.98138
0.740057
0.671111
0.0438745
0.658107
-0.734557
-0.165291
-0.0717499
0.157349
-0.984933
0.749498
0.660051
0.0508481
0.665071
-0.729564
-0.159426
-0.0683033
0.153162
-0.985838
0.74365
0.666541
0.0520321
0.673383
-0.723492
-0.152039
-0.0627414
0.148986
-0.986847
0.736627
0.674065
0.054932
0.683616
-0.715822
-0.142367
-0.049327
0.149304
-0.98756
0.728173
0.682134
0.066757
0.701393
-0.699512
-0.13686
-0.041147
0.151954
-0.987531
0.711586
0.698278
0.0777965
0.722284
-0.67875
-0.13268
-0.0320143
0.158827
-0.986787
0.690855
0.716989
0.0929887
0.737126
-0.662449
-0.133441
-0.0317018
0.163351
-0.986058
0.675012
0.731079
0.0994097
0.75407
-0.642937
-0.134201
-0.0292305
0.171273
-0.98479
0.656143
0.746524
0.110358
0.773157
-0.619523
-0.135721
-0.0316092
0.176091
-0.983866
0.633427
0.764973
0.116563
0.789986
-0.59748
-0.13762
-0.038265
0.175975
-0.983651
0.611929
0.782337
0.116155
0.805502
-0.575191
-0.142556
-0.0484238
0.17587
-0.983222
0.590612
0.79889
0.113811
0.818667
-0.555457
-0.145782
-0.0540706
0.178172
-0.982513
0.571718
0.812233
0.11583
0.829645
-0.537934
-0.149385
-0.0555681
0.186682
-0.980848
0.555519
0.822057
0.124988
0.844624
-0.513541
-0.151281
-0.0519414
0.202638
-0.977875
0.532834
0.833795
0.144479
0.860176
-0.48663
-0.152608
-0.0469806
0.222352
-0.973834
0.50783
0.844838
0.168399
0.871821
-0.465568
-0.152229
-0.0422355
0.238174
-0.970304
0.488
0.852361
0.187982
0.882769
-0.44711
-0.144264
-0.0289114
0.254789
-0.966564
0.468917
0.857424
0.211993
0.889957
-0.434784
-0.13762
-0.0214145
0.261595
-0.96494
0.455541
0.861702
0.223497
0.902063
-0.410458
-0.133441
-0.0199962
0.269097
-0.962906
0.431141
0.87127
0.234535
0.910623
-0.392628
-0.128878
-0.0164593
0.277165
-0.960681
0.412911
0.876939
0.245931
0.91954
-0.373881
-0.121078
-0.0103528
0.284937
-0.95849
0.392861
0.882623
0.25814
0.925163
-0.360752
-0.118032
-0.0103996
0.286755
-0.957947
0.379428
0.887485
0.261544
0.928813
-0.350733
-0.119556
-0.0152786
0.28612
-0.958072
0.370235
0.891696
0.260394
0.929509
-0.34632
-0.126787
-0.0246315
0.284718
-0.958295
0.367975
0.893867
0.256118
0.929104
-0.345561
-0.13173
-0.0313919
0.281224
-0.959129
0.368483
0.895266
0.250438
0.928997
-0.343089
-0.13876
-0.0415232
0.275942
-0.960277
0.36775
0.897856
0.242103
0.928496
-0.339469
-0.150523
-0.0592586
0.264702
-0.962508
0.366585
0.902604
0.225658
0.928683
-0.334499
-0.160183
-0.0792687
0.242902
-0.966807
0.362305
0.910554
0.199064
0.928147
-0.331695
-0.168883
-0.0959898
0.225077
-0.969601
0.359623
0.916144
0.177065
0.928324
-0.328149
-0.174739
-0.10985
0.20692
-0.972171
0.355174
0.921685
0.156041
0.928416
-0.327181
-0.176061
-0.117176
0.19184
-0.974406
0.352582
0.925284
0.139769
0.928714
-0.324686
-0.17908
-0.124368
0.182223
-0.97536
0.349318
0.928102
0.128853
0.928963
-0.32078
-0.184736
-0.130433
0.183397
-0.974347
0.346431
0.929229
0.128529
0.92956
-0.314219
-0.192833
-0.135294
0.195813
-0.971264
0.342948
0.928937
0.139508
0.929664
-0.312864
-0.194526
-0.135898
0.19955
-0.970418
0.342427
0.928599
0.142997
0.929187
-0.313695
-0.195466
-0.136917
0.199088
-0.97037
0.343316
0.928418
0.14204
0.928471
-0.311274
-0.202607
-0.145085
0.198194
-0.969365
0.341894
0.929423
0.138856
0.927458
-0.31133
-0.207111
-0.150025
0.19753
-0.968749
0.342511
0.929546
0.136494
0.925949
-0.309836
-0.21592
-0.160061
0.195875
-0.967478
0.342052
0.930395
0.131777
0.925259
-0.306845
-0.223028
-0.168316
0.194804
-0.966292
0.339949
0.93161
0.128597
0.925367
-0.304323
-0.226018
-0.170449
0.198527
-0.96516
0.338591
0.931652
0.131838
0.925243
-0.304282
-0.226578
-0.170521
0.19995
-0.964854
0.338892
0.93136
0.133116
0.925833
-0.302903
-0.226018
-0.170235
0.199695
-0.964957
0.337423
0.931865
0.133319
0.926055
-0.300815
-0.227885
-0.171191
0.203303
-0.964034
0.336326
0.931761
0.136772
0.925423
-0.299041
-0.232737
-0.174592
0.208625
-0.962285
0.336318
0.931155
0.140856
0.928056
-0.296162
-0.225831
-0.166355
0.212879
-0.962813
0.333224
0.931112
0.148296
0.933037
-0.287925
-0.215732
-0.157301
0.21281
-0.964349
0.32357
0.933708
0.153269
0.942177
-0.280095
-0.183982
-0.1276
0.207809
-0.969811
0.309872
0.93721
0.160053
0.948242
-0.272621
-0.162832
-0.110555
0.197275
-0.974095
0.297682
0.94168
0.156925
0.951493
-0.269807
-0.147868
-0.0981787
0.189221
-0.977014
0.291585
0.94414
0.153553
0.95014
-0.271393
-0.153555
-0.108167
0.175008
-0.978607
0.29246
0.946424
0.136926
0.947257
-0.279827
-0.156207
-0.114288
0.160409
-0.980412
0.299402
0.946555
0.119968
0.945125
-0.289672
-0.151091
-0.110867
0.150658
-0.98235
0.307322
0.945194
0.110275
0.943843
-0.306193
-0.124123
-0.0892659
0.125383
-0.988084
0.318107
0.943676
0.0910088
0.941733
-0.321354
-0.0993528
-0.0716557
0.0969269
-0.992709
0.328641
0.941985
0.0682524
0.93894
-0.332915
-0.0869435
-0.0655784
0.0749061
-0.995032
0.337774
0.939977
0.0485003
0.93611
-0.345105
-0.0678265
-0.0507314
0.0583397
-0.997007
0.348029
0.936749
0.0371048
0.932297
-0.35819
-0.0502167
-0.0370947
0.0434169
-0.998368
0.359786
0.932639
0.0271905
0.928913
-0.369209
-0.0283748
-0.0175087
0.0327489
-0.99931
0.369884
0.928769
0.0239565
0.92001
-0.391664
-0.0134219
-0.00551313
0.0213104
-0.999758
0.391856
0.919861
0.0174465
0.903242
-0.429111
-0.00421843
-0.00315206
0.00319572
-0.99999
0.42912
0.903246
0.00153393
0.887775
-0.460177
0.00958723
0.00639379
-0.0084977
-0.999943
0.460233
0.887786
-0.00460177
0.870977
-0.491199
0.0111211
0.000643297
-0.0214949
-0.999769
0.491324
0.870782
-0.0184056
0.855281
-0.518
0.0130385
-0.00275658
-0.029711
-0.999555
0.518157
0.854864
-0.0268392
0.836953
-0.547243
0.00594414
-0.0170592
-0.0369434
-0.999172
0.547009
0.836158
-0.0402554
0.820116
-0.572197
0.00076699
-0.0271193
-0.0402084
-0.998823
0.571554
0.81913
-0.0484931
0.802159
-0.59707
0.00690286
-0.0252541
-0.0454742
-0.998646
0.596576
0.800899
-0.051556
0.782552
-0.622138
0.0235828
-0.0125751
-0.0536659
-0.99848
0.622458
0.781066
-0.0498198
0.763553
-0.644477
0.0404477
-0.00461523
-0.0680822
-0.997669
0.645728
0.761587
-0.0549588
0.746069
-0.663281
0.0586411
0.00287258
-0.0848603
-0.996389
0.665862
0.743544
-0.0614063
0.729763
-0.679219
0.0781532
0.0104728
-0.103191
-0.994607
0.683621
0.726645
-0.0681913
0.715517
-0.690177
0.108126
0.030019
-0.124257
-0.991796
0.69795
0.712892
-0.0681896
0.721984
-0.679511
0.130399
0.0518253
-0.134825
-0.989513
0.689966
0.721171
-0.0621254
0.735262
-0.661794
0.146351
0.0750455
-0.135109
-0.987985
0.673616
0.73741
-0.049676
0.757439
-0.633617
0.157533
0.0903175
-0.137278
-0.986406
0.646629
0.76137
-0.0467528
0.779599
-0.603131
0.168694
0.103478
-0.141608
-0.9845
0.617671
0.784971
-0.0479869
0.799581
-0.572585
0.181154
0.120119
-0.143071
-0.982396
0.588423
0.807265
-0.0456188
0.820611
-0.536333
0.197347
0.138575
-0.148273
-0.97919
0.554432
0.830881
-0.0473516
0.842692
-0.497434
0.205986
0.146875
-0.155683
-0.976827
0.517975
0.853418
-0.0581328
0.864613
-0.457254
0.208237
0.152589
-0.15591
-0.975914
0.478707
0.875563
-0.0650299
0.88371
-0.419624
0.207299
0.158326
-0.148783
-0.976113
0.440443
0.895422
-0.0650431
0.901139
-0.384652
0.199978
0.158653
-0.136683
-0.977828
0.403457
0.912886
-0.0621447
0.91449
-0.354572
0.194902
0.159497
-0.126789
-0.979023
0.371845
0.926393
-0.0593939
0.931955
-0.311647
0.185302
0.158214
-0.110299
-0.981225
0.326234
0.943775
-0.0534867
0.944339
-0.278965
0.174362
0.153171
-0.0962121
-0.983505
0.291139
0.95547
-0.0481275
0.954833
-0.247557
0.164346
0.149642
-0.0772175
-0.98572
0.256713
0.965791
-0.0366848
0.964414
-0.216178
0.152229
0.144788
-0.0499432
-0.988201
0.22123
0.975076
-0.0168659
0.969619
-0.199062
0.142177
0.138925
-0.0302828
-0.98984
0.201345
0.979519
-0.00170819
0.975782
-0.178387
0.126596
0.128671
6.08906e-05
-0.991687
0.176897
0.98396
0.0230127
0.980401
-0.161994
0.112128
0.117344
0.0229664
-0.992826
0.158256
0.986525
0.0415252
0.985736
-0.141973
0.0903814
0.0986078
0.0520047
-0.993767
0.136388
0.988503
0.0652625
0.989115
-0.130477
0.0680178
0.0779036
0.0722168
-0.994342
0.124827
0.988818
0.0815954
0.9906
-0.128547
0.0467693
0.0588181
0.0915911
-0.994058
0.1235
0.987465
0.0982911
0.991258
-0.129599
0.0247329
0.0385913
0.105538
-0.993666
0.126168
0.985934
0.109617
0.990316
-0.138565
0.00862854
0.0252602
0.118723
-0.992606
0.136516
0.983211
0.121074
0.988498
-0.151088
-0.00671112
0.0122001
0.123892
-0.992221
0.150744
0.980726
0.124311
0.984258
-0.175455
-0.0212824
0.00190784
0.130956
-0.991386
0.17673
0.975739
0.129229
0.978844
-0.201543
-0.0352742
-0.00780027
0.135517
-0.990744
0.204457
0.97006
0.131078
0.972386
-0.228367
-0.0481101
-0.0164438
0.13859
-0.990213
0.2328
0.96366
0.131008
0.966062
-0.251655
-0.0582583
-0.0229746
0.140932
-0.989753
0.257287
0.957501
0.130368
0.957939
-0.279391
-0.0655307
-0.0255327
0.144467
-0.98918
0.285835
0.949247
0.131257
0.948234
-0.309025
-0.0731821
-0.0285206
0.146644
-0.988778
0.316289
0.93968
0.130239
0.935646
-0.343915
-0.0793002
-0.0290101
0.148985
-0.988414
0.351745
0.927106
0.12942
0.923974
-0.375684
-0.0716522
-0.0150081
0.151587
-0.98833
0.382161
0.914266
0.134424
0.912347
-0.404416
-0.0638086
-0.00436511
0.146235
-0.98924
0.409395
0.902809
0.131651
0.90008
-0.433547
-0.043513
0.0198071
0.140471
-0.989887
0.435274
0.890115
0.135023
0.883937
-0.466823
-0.0270331
0.0390722
0.131346
-0.990566
0.46597
0.874542
0.134342
0.867511
-0.497389
-0.00536891
0.0659188
0.125656
-0.989881
0.493031
0.858379
0.141795
0.857009
-0.515236
0.00824505
0.0841533
0.124153
-0.988688
0.508384
0.848008
0.149759
0.836325
-0.547519
0.0279915
0.111369
0.119678
-0.986547
0.536803
0.828191
0.161066
0.820352
-0.570259
0.0427467
0.130564
0.113998
-0.984864
0.556755
0.813516
0.167974
0.798904
-0.598226
0.0622776
0.153263
0.102355
-0.98287
0.581604
0.794764
0.173458
0.778935
-0.621948
0.0802558
0.172517
0.0894827
-0.980934
0.602908
0.777929
0.176998
0.769119
-0.632682
0.0903814
0.180087
0.0788565
-0.980485
0.613208
0.770386
0.174588
0.756882
-0.643082
0.116509
0.205924
0.0654717
-0.976375
0.620262
0.762993
0.18198
0.749075
-0.647912
0.13819
0.217822
0.0438784
-0.975002
0.625652
0.76045
0.173998
0.743467
-0.648313
0.164157
0.233182
0.021239
-0.972201
0.626804
0.761078
0.166965
0.73434
-0.650085
0.195278
0.25268
-0.00520768
-0.967536
0.629998
0.759843
0.16044
0.730831
-0.643986
0.226205
0.265972
-0.0365229
-0.963289
0.628606
0.764165
0.14459
0.743038
-0.625942
0.236837
0.256623
-0.0603556
-0.964625
0.618094
0.777531
0.115784
0.759754
-0.603776
0.241306
0.244836
-0.0781496
-0.96641
0.602353
0.793314
0.0884517
0.771013
-0.586624
0.247813
0.237268
-0.0965002
-0.966639
0.590968
0.80409
0.0647841
0.791788
-0.559004
0.246141
0.220205
-0.114632
-0.968695
0.56972
0.821203
0.0323317
0.817348
-0.525298
0.236651
0.200325
-0.126011
-0.971592
0.540196
0.841536
0.00223557
0.832073
-0.505691
0.227885
0.189253
-0.127359
-0.973634
0.521381
0.853262
-0.0102685
0.852665
-0.47507
0.217417
0.174436
-0.1334
-0.97559
0.492477
0.869777
-0.0308763
0.872408
-0.446919
0.19791
0.150352
-0.139899
-0.978684
0.46508
0.883568
-0.0548541
0.894381
-0.413813
0.169828
0.121171
-0.141334
-0.982518
0.430582
0.899324
-0.0762644
0.913381
-0.380183
0.145592
0.0995103
-0.138284
-0.985381
0.394758
0.914516
-0.0884736
0.930922
-0.342786
0.126026
0.0864124
-0.12854
-0.987932
0.354849
0.930578
-0.0900396
0.947335
-0.302114
0.106219
0.0731433
-0.118794
-0.990221
0.311778
0.945841
-0.0904397
0.961014
-0.262975
0.0854152
0.0581421
-0.109812
-0.99225
0.270317
0.958533
-0.0902413
0.971301
-0.228702
0.0653393
0.0434325
-0.0995478
-0.994084
0.233854
0.968393
-0.0867578
0.980952
-0.192973
0.0222409
0.00559103
-0.0863996
-0.996245
0.19417
0.977393
-0.083675
0.982949
-0.183401
-0.0132302
-0.0277538
-0.0768513
-0.996656
0.181771
0.98003
-0.080631
0.979688
-0.194481
-0.0488762
-0.0633035
-0.0686707
-0.995629
0.190275
0.9785
-0.0795872
0.973797
-0.219262
-0.0603638
-0.0757533
-0.0624652
-0.995168
0.214432
0.973664
-0.0774382
0.963912
-0.248925
-0.0943908
-0.111814
-0.0567767
-0.992106
0.241601
0.966857
-0.0825611
0.954696
-0.269134
-0.126977
-0.145142
-0.0486222
-0.988215
0.259788
0.961875
-0.0854819
0.940681
-0.295032
-0.16756
-0.184913
-0.0317225
-0.982243
0.284477
0.954961
-0.0843959
0.92802
-0.313103
-0.201856
-0.219605
-0.0221008
-0.975339
0.30092
0.949462
-0.0892689
0.918335
-0.326601
-0.223589
-0.241231
-0.013985
-0.970367
0.313796
0.945059
-0.0916291
0.908215
-0.337791
-0.24707
-0.263754
-0.00362857
-0.964583
0.324931
0.941214
-0.0923893
0.898834
-0.348502
-0.265789
-0.283018
0.00153694
-0.959114
0.334661
0.937307
-0.0972506
0.883517
-0.364973
-0.293586
-0.313914
0.0038224
-0.949444
0.347643
0.93101
-0.111193
0.866863
-0.389836
-0.310767
-0.336045
0.0035593
-0.941839
0.368269
0.920877
-0.127917
0.849963
-0.422334
-0.314956
-0.345822
0.00375339
-0.938293
0.397455
0.906432
-0.142862
0.83994
-0.445649
-0.309673
-0.345178
0.0015947
-0.938536
0.418752
0.895206
-0.152489
0.836586
-0.459825
-0.297799
-0.334845
0.001045
-0.942273
0.433592
0.888009
-0.153096
0.841158
-0.460869
-0.282937
-0.319727
-0.00185875
-0.947508
0.436151
0.887466
-0.148916
0.844222
-0.459396
-0.276125
-0.316636
-0.0117852
-0.948474
0.432471
0.888153
-0.155411
0.847193
-0.455343
-0.273728
-0.31539
-0.0164217
-0.94882
0.427544
0.890164
-0.157523
0.850014
-0.44745
-0.277967
-0.319098
-0.0175374
-0.947559
0.41911
0.894137
-0.157687
0.845178
-0.428071
-0.320047
-0.361059
-0.0157533
-0.93241
0.394096
0.903608
-0.167873
0.847734
-0.41597
-0.329115
-0.366055
-0.00976433
-0.930542
0.383864
0.909326
-0.160545
0.846612
-0.392895
-0.359
-0.393984
-0.00917487
-0.919072
0.357805
0.919538
-0.162562
0.846726
-0.378051
-0.374342
-0.4078
-0.00928859
-0.913024
0.341692
0.925738
-0.162034
0.845013
-0.355915
-0.399097
-0.430338
-0.00957929
-0.902617
0.317432
0.934469
-0.161258
0.839614
-0.341571
-0.422348
-0.453865
-0.0139832
-0.890961
0.298421
0.939752
-0.166768
0.835913
-0.331317
-0.437582
-0.468795
-0.0163542
-0.883156
0.285449
0.943378
-0.168991
0.829737
-0.322443
-0.455596
-0.486273
-0.0169025
-0.873644
0.274
0.946438
-0.17082
0.817971
-0.311389
-0.483695
-0.513617
-0.0166421
-0.857858
0.259078
0.950137
-0.173547
0.818255
-0.308806
-0.484869
-0.514251
-0.0162541
-0.857486
0.256915
0.950986
-0.172103
0.818675
-0.306098
-0.485875
-0.514878
-0.0165738
-0.857103
0.254305
0.951856
-0.171172
0.83
-0.302376
-0.468689
-0.496129
-0.0162709
-0.868096
0.254865
0.95305
-0.163522
0.853554
-0.287797
-0.434303
-0.4585
-0.0190413
-0.88849
0.247435
0.957502
-0.148208
0.874961
-0.27442
-0.398921
-0.420614
-0.0226532
-0.906957
0.23985
0.961343
-0.135245
0.890435
-0.264155
-0.370605
-0.389984
-0.0231
-0.920532
0.234602
0.964204
-0.123585
0.905879
-0.25406
-0.338875
-0.355658
-0.0218512
-0.934361
0.229979
0.966942
-0.110153
0.917504
-0.251825
-0.30785
-0.322905
-0.0197408
-0.946226
0.232206
0.967571
-0.0994278
0.922623
-0.254182
-0.290101
-0.305094
-0.0207822
-0.952096
0.235976
0.966933
-0.0967234
0.92638
-0.260768
-0.271699
-0.288697
-0.0284873
-0.956997
0.241814
0.964981
-0.101673
0.928105
-0.268953
-0.257461
-0.277889
-0.0401792
-0.959773
0.247789
0.962315
-0.112029
0.928943
-0.284712
-0.236651
-0.259218
-0.0438049
-0.964825
0.264331
0.957612
-0.114495
0.924497
-0.317057
-0.211611
-0.239227
-0.0503835
-0.969656
0.296774
0.947067
-0.122428
0.9217
-0.342203
-0.182663
-0.213803
-0.0552549
-0.975313
0.323662
0.938
-0.124092
0.920044
-0.364663
-0.143316
-0.175657
-0.0569335
-0.982804
0.350233
0.929397
-0.116437
0.918294
-0.378309
-0.1167
-0.149721
-0.0589714
-0.986968
0.366497
0.923799
-0.110794
0.912749
-0.39937
-0.0859884
-0.12106
-0.0633888
-0.990619
0.390172
0.914596
-0.106206
0.905369
-0.422063
-0.0465778
-0.080631
-0.0631849
-0.994739
0.4169
0.904362
-0.091237
0.896894
-0.442228
-0.00402669
-0.0321607
-0.0561395
-0.997905
0.441075
0.895144
-0.0645735
0.890734
-0.454153
0.0184067
-0.00529944
-0.0508706
-0.998691
0.454495
0.88947
-0.0477189
0.887011
-0.460428
0.034891
0.00177287
-0.0721663
-0.997391
0.461745
0.884759
-0.063196
0.889309
-0.450208
0.0802558
0.0382701
-0.101614
-0.994088
0.455702
0.887123
-0.0731366
0.890252
-0.445337
0.0955361
0.0453524
-0.122038
-0.991489
0.453206
0.887007
-0.0884472
0.886742
-0.445709
0.122601
0.0588464
-0.154221
-0.986283
0.458503
0.881793
-0.110525
0.878506
-0.454518
0.14711
0.0845379
-0.155171
-0.984264
0.470193
0.877118
-0.0978945
0.872137
-0.45995
0.166804
0.107342
-0.152744
-0.982419
0.477342
0.874709
-0.0838419
0.866307
-0.463265
0.186809
0.130522
-0.151051
-0.979871
0.482157
0.873252
-0.0703908
0.857534
-0.475845
0.195466
0.134378
-0.159573
-0.977997
0.496566
0.864932
-0.0728957
0.85314
-0.483298
0.196407
0.135231
-0.158738
-0.978016
0.50385
0.860945
-0.070069
0.84791
-0.493088
0.194714
0.137669
-0.149888
-0.979071
0.511954
0.85697
-0.0592085
0.84358
-0.497086
0.20317
0.1516
-0.142505
-0.978115
0.51516
0.855919
-0.0448562
0.836824
-0.500483
0.221907
0.177195
-0.135912
-0.974746
0.518003
0.855012
-0.0250508
0.833575
-0.502019
0.230498
0.186729
-0.13663
-0.972864
0.519889
0.853996
-0.0201497
0.833602
-0.505089
0.223589
0.175139
-0.142209
-0.974219
0.523864
0.85127
-0.030085
0.8331
-0.503912
0.228072
0.184891
-0.134914
-0.973454
0.521305
0.853153
-0.0192283
0.834394
-0.502948
0.225458
0.183756
-0.131807
-0.974095
0.519636
0.854208
-0.0175592
0.83778
-0.495835
0.228632
0.190097
-0.127659
-0.97343
0.511847
0.858983
-0.0126931
0.845426
-0.48365
0.226578
0.195717
-0.114175
-0.973991
0.49694
0.867783
-0.00186765
0.859297
-0.464188
0.214796
0.195256
-0.0904393
-0.976573
0.47274
0.881107
0.0129214
0.869674
-0.448681
0.205798
0.195828
-0.0691028
-0.9782
0.453121
0.891016
0.0277675
0.879871
-0.429857
0.202607
0.204351
-0.0426667
-0.977967
0.429031
0.901888
0.0503004
0.885027
-0.420041
0.200729
0.20449
-0.0365923
-0.978184
0.418223
0.906767
0.0535092
0.890688
-0.410447
0.195466
0.198474
-0.0357469
-0.979454
0.409002
0.911183
0.0496237
0.895296
-0.405102
0.185302
0.188229
-0.0329942
-0.981571
0.40375
0.913676
0.0467122
0.896549
-0.403186
0.183417
0.187049
-0.0307367
-0.98187
0.401513
0.914602
0.0478587
0.896471
-0.403358
0.183417
0.187659
-0.0293697
-0.981795
0.401401
0.914571
0.0493648
0.896677
-0.40221
0.184925
0.189758
-0.0281908
-0.981426
0.399953
0.915113
0.0510444
0.896188
-0.401372
0.189069
0.194239
-0.0281934
-0.980549
0.398895
0.915481
0.0526956
0.896353
-0.400827
0.189445
0.194599
-0.0282352
-0.980476
0.39835
0.915719
0.0526918
0.897229
-0.39895
0.189257
0.193573
-0.0298572
-0.980631
0.396874
0.916486
0.0504374
0.89583
-0.395041
0.203546
0.209882
-0.0276268
-0.977336
0.391711
0.918248
0.0581631
0.896479
-0.39
0.210299
0.219233
-0.0220333
-0.975424
0.385049
0.920551
0.0657486
0.902032
-0.377083
0.210112
0.227851
0.00250375
-0.973693
0.366637
0.926176
0.0881771
0.909503
-0.36392
0.200917
0.229615
0.0368953
-0.972582
0.346529
0.930699
0.117118
0.918338
-0.351615
0.18172
0.217807
0.0655951
-0.973785
0.330477
0.933844
0.136823
0.924386
-0.339374
0.174173
0.217018
0.0923741
-0.971787
0.31371
0.936105
0.159039
0.936889
-0.312698
0.156397
0.205859
0.131804
-0.969665
0.282598
0.940664
0.187858
0.951541
-0.272385
0.142746
0.195019
0.175577
-0.964956
0.237776
0.946033
0.220189
0.960616
-0.240426
0.139329
0.191073
0.207443
-0.959405
0.201763
0.948242
0.245212
0.969504
-0.202916
0.13743
0.186036
0.2443
-0.951687
0.159538
0.948231
0.2746
0.977451
-0.165938
0.13059
0.173121
0.275639
-0.945543
0.120906
0.94683
0.298151
0.980603
-0.145651
0.13116
0.169915
0.298137
-0.939278
0.0977032
0.943345
0.317102
0.98282
-0.122559
0.138
0.170931
0.322365
-0.931055
0.0696226
0.938648
0.337776
0.984985
-0.107895
0.134771
0.163481
0.332053
-0.928986
0.0554817
0.93707
0.344706
0.984275
-0.115081
0.134011
0.165129
0.330037
-0.929413
0.0627289
0.936927
0.343851
0.98412
-0.118124
0.13249
0.164135
0.321425
-0.932602
0.0675772
0.939539
0.335709
0.984595
-0.118373
0.128688
0.159622
0.308097
-0.937868
0.0713695
0.943962
0.322246
0.984687
-0.122025
0.124504
0.156168
0.300029
-0.94106
0.0774778
0.946093
0.314491
0.984234
-0.129641
0.120317
0.153527
0.288446
-0.945108
0.0878197
0.948679
0.303802
0.983298
-0.138544
0.118032
0.152669
0.27479
-0.949306
0.0990864
0.951471
0.291352
0.981949
-0.150473
0.114604
0.150878
0.257719
-0.954367
0.11407
0.954431
0.27577
0.975689
-0.185146
0.117271
0.160422
0.238773
-0.957733
0.149319
0.953262
0.262669
0.970872
-0.213523
0.108697
0.156148
0.219774
-0.962973
0.181728
0.951897
0.246714
0.963279
-0.249747
0.0985896
0.149817
0.195227
-0.969248
0.22282
0.948427
0.225474
0.954361
-0.284713
0.0901904
0.143007
0.170531
-0.97492
0.262192
0.943323
0.203464
0.942622
-0.320851
0.0922908
0.145391
0.145656
-0.978594
0.30054
0.935863
0.183948
0.930245
-0.354334
0.0953453
0.148515
0.12597
-0.980854
0.33554
0.926595
0.169807
0.915971
-0.388701
0.0995436
0.151245
0.104685
-0.982937
0.371648
0.915398
0.154678
0.903433
-0.41632
0.102405
0.150718
0.0847936
-0.984934
0.401364
0.905255
0.139352
0.893305
-0.438331
0.0993528
0.140729
0.0628471
-0.988051
0.42685
0.896614
0.117827
0.882128
-0.459828
0.102024
0.135255
0.0398148
-0.99001
0.451172
0.887115
0.0973159
0.866768
-0.486637
0.109079
0.128469
0.00653547
-0.991692
0.481881
0.87358
0.0681825
0.848974
-0.515517
0.116128
0.119779
-0.0263084
-0.992452
0.514681
0.856476
0.0394129
0.829302
-0.545652
0.120507
0.105725
-0.0585463
-0.99267
0.548707
0.835964
0.00913666
0.812695
-0.569107
0.125075
0.0933103
-0.084771
-0.992022
0.575169
0.817882
-0.0157894
0.80701
-0.577671
0.122601
0.0758431
-0.104503
-0.991628
0.585647
0.809553
-0.0405228
0.813205
-0.572024
0.107172
0.0444285
-0.122596
-0.991462
0.580279
0.811023
-0.0742816
0.82693
-0.555984
0.0840778
0.00644733
-0.140139
-0.990111
0.562268
0.819294
-0.1123
0.836202
-0.543097
0.0762415
-0.0140462
-0.160183
-0.986987
0.548242
0.82425
-0.141574
0.848222
-0.525131
0.0689743
-0.035453
-0.186231
-0.981866
0.528453
0.830395
-0.176583
0.867967
-0.493237
0.0578754
-0.0538567
-0.209337
-0.976359
0.493692
0.844331
-0.208262
0.887117
-0.459189
0.0465778
-0.0614988
-0.217618
-0.974095
0.457429
0.861271
-0.221292
0.910382
-0.41319
0.0218575
-0.0794018
-0.226301
-0.970816
0.406078
0.882078
-0.238829
0.92352
-0.383365
0.0118881
-0.0824342
-0.228663
-0.970009
0.374586
0.894844
-0.242777
0.942512
-0.333775
-0.0162978
-0.099017
-0.232358
-0.967577
0.319166
0.913567
-0.25205
0.954731
-0.295823
-0.0312498
-0.103334
-0.231306
-0.967378
0.278944
0.926815
-0.251404
0.96666
-0.251613
-0.0475355
-0.107125
-0.228763
-0.96757
0.232579
0.940403
-0.24809
0.978158
-0.199642
-0.0578754
-0.103252
-0.225017
-0.968869
0.180404
0.953683
-0.240716
0.985334
-0.156991
-0.06687
-0.101291
-0.222743
-0.969601
0.137324
0.962154
-0.235378
0.991955
-0.104233
-0.0718434
-0.092875
-0.213557
-0.972506
0.0860245
0.971354
-0.22152
0.996421
-0.0522074
-0.0664873
-0.0752914
-0.190471
-0.978801
0.0384368
0.980304
-0.19372
0.997197
-0.00401543
-0.0747119
-0.0743604
-0.163669
-0.983709
-0.00827803
0.986507
-0.163509
0.995123
0.0381812
-0.0909542
-0.0846006
-0.143818
-0.985981
-0.0507268
0.988867
-0.139886
0.991958
0.0925166
-0.0863704
-0.0763454
-0.106905
-0.991334
-0.100948
0.989956
-0.0989816
0.988817
0.128509
-0.0756679
-0.0664045
-0.0749049
-0.994977
-0.133531
0.988876
-0.0655337
0.989418
0.134572
-0.0542379
-0.0492175
-0.0403592
-0.997972
-0.136488
0.990082
-0.0333088
0.993695
0.110006
-0.0216658
-0.0198227
-0.0178203
-0.999645
-0.110353
0.993771
-0.0155273
0.997316
0.0729897
0.0057524
0.00601693
-0.0034049
-0.999976
-0.0729683
0.997327
-0.00383493
0.998631
0.0486757
0.0191736
0.0189547
0.00495539
-0.999808
-0.0487614
0.998802
0.00402598
0.999198
0.0170535
0.0362324
0.035917
0.0184471
-0.999185
-0.017708
0.999684
0.0178198
0.998494
-0.0181906
0.0517487
0.0523126
0.0320271
-0.998117
0.016499
0.999321
0.0329305
0.997599
-0.0453663
0.0523232
0.053789
0.0317137
-0.998049
0.0436184
0.998467
0.0340778
0.993709
-0.095179
0.0590239
0.0619565
0.0281538
-0.997682
0.0932966
0.995062
0.0338736
0.987768
-0.138594
0.0714609
0.0759647
0.0274766
-0.996732
0.136178
0.989968
0.0376687
0.980576
-0.176933
0.084651
0.0906868
0.026295
-0.995532
0.173917
0.983872
0.0418297
0.971395
-0.218721
0.0924818
0.100356
0.0251475
-0.994634
0.215222
0.975463
0.0463782
0.969632
-0.232631
0.0754767
0.082682
0.0213647
-0.996347
0.230168
0.972331
0.0399503
0.968937
-0.236988
0.0706958
0.0801568
0.0305145
-0.996315
0.233957
0.971033
0.0485628
0.970037
-0.23568
0.0590239
0.0695406
0.0365557
-0.996909
0.232794
0.971143
0.0518497
0.971157
-0.2328
0.0515572
0.0627506
0.0409292
-0.99719
0.230035
0.971663
0.054357
0.971448
-0.233263
0.0433214
0.055124
0.0443154
-0.997496
0.230759
0.971403
0.0559085
0.972294
-0.230905
0.036424
0.0484446
0.046603
-0.997738
0.228685
0.97186
0.0564979
0.972838
-0.229261
0.0320164
0.0452133
0.052542
-0.997595
0.227027
0.971946
0.0614805
0.973854
-0.226349
0.0193653
0.0338729
0.0603866
-0.9976
0.224636
0.972173
0.0664748
0.974462
-0.224128
0.0138054
0.0306751
0.0719616
-0.996936
0.222448
0.971899
0.0769989
0.974009
-0.225991
0.0153392
0.0332911
0.0758407
-0.996564
0.224052
0.971173
0.081393
0.97433
-0.224885
0.0103542
0.027506
0.0732707
-0.996933
0.223437
0.971627
0.0775756
0.973468
-0.228819
-0.00134223
0.0123329
0.0583235
-0.998222
0.22849
0.97172
0.0595981
0.971728
-0.236091
-0.00230097
0.00840122
0.0443147
-0.998982
0.235953
0.97072
0.0450453
0.967236
-0.253744
0.00824505
0.0134225
0.0186795
-0.999735
0.253523
0.967091
0.0214734
0.964286
-0.264864
-0.000383495
-0.0021981
-0.0065547
-0.999976
0.264855
0.964263
-0.0069028
0.959348
-0.282199
0.00383494
-0.00503321
-0.0306936
-0.999516
0.28218
0.958865
-0.0308662
0.945896
-0.32399
0.0176399
0.00412761
-0.0423457
-0.999095
0.324444
0.945112
-0.0387173
0.930447
-0.365281
0.0289498
0.012285
-0.0478643
-0.998778
0.366221
0.929666
-0.0400477
0.917754
-0.39612
0.0285665
0.00972081
-0.0495022
-0.998727
0.39703
0.916863
-0.0415802
0.905308
-0.423303
0.0350826
0.0166567
-0.0471512
-0.998749
0.424428
0.90476
-0.0356356
0.881612
-0.469928
0.0438961
0.0215778
-0.0527771
-0.998373
0.471481
0.881125
-0.0363889
0.860259
-0.506248
0.0605552
0.0336808
-0.0620836
-0.997502
0.508743
0.86015
-0.0363572
0.839179
-0.538646
0.0750943
0.0391116
-0.0779483
-0.99619
0.542447
0.838918
-0.0443453
0.819402
-0.56611
0.0899994
0.046833
-0.0903658
-0.994807
0.571303
0.819362
-0.0475333
0.797575
-0.593658
0.106982
0.0586052
-0.100253
-0.993234
0.600367
0.798448
-0.0451678
0.77765
-0.616053
0.125455
0.0760129
-0.105952
-0.991462
0.624086
0.780546
-0.0355659
0.763804
-0.630523
0.138
0.0853732
-0.113234
-0.989894
0.639777
0.767866
-0.0326591
0.763961
-0.629914
0.139899
0.0843273
-0.117485
-0.989488
0.639728
0.767728
-0.036635
0.775948
-0.615432
0.13838
0.0810366
-0.1203
-0.989425
0.62557
0.778956
-0.0434738
0.793863
-0.591605
0.140658
0.0851762
-0.120848
-0.98901
0.602102
0.797119
-0.0455459
0.818716
-0.557556
0.13724
0.0840448
-0.120076
-0.989201
0.568014
0.821409
-0.0514488
0.837349
-0.529796
0.134771
0.0837898
-0.119236
-0.989324
0.540209
0.839702
-0.0554505
0.857611
-0.496532
0.134011
0.087171
-0.11646
-0.989363
0.506857
0.86017
-0.0565945
0.877237
-0.462855
0.127357
0.0829055
-0.11524
-0.989872
0.472844
0.878911
-0.0627196
0.89771
-0.424164
0.119175
0.0811867
-0.106605
-0.990981
0.433043
0.899289
-0.0612637
0.913258
-0.391482
0.112699
0.0812965
-0.0959432
-0.992061
0.399187
0.91517
-0.0557948
0.927233
-0.359104
0.106219
0.0832419
-0.0789006
-0.993401
0.365115
0.929956
-0.0432668
0.940832
-0.324676
0.097063
0.083027
-0.0568442
-0.994925
0.328546
0.944115
-0.0265239
0.951031
-0.297277
0.084651
0.0758652
-0.0409906
-0.996275
0.29964
0.953911
-0.0164303
0.961263
-0.26701
0.0684004
0.0631819
-0.0280973
-0.997606
0.268293
0.963284
-0.0101387
0.964748
-0.257446
0.0546209
0.0496557
-0.0257533
-0.998434
0.25845
0.965949
-0.0120618
0.964342
-0.259121
0.053855
0.0490711
-0.0248997
-0.998485
0.26007
0.965524
-0.0112965
0.961763
-0.268341
0.0548123
0.049029
-0.0282113
-0.998399
0.269458
0.962911
-0.0139761
0.95887
-0.279264
0.0507912
0.0444702
-0.0289281
-0.998592
0.28034
0.959779
-0.0153194
0.952442
-0.302536
0.036424
0.0263435
-0.0373353
-0.998956
0.30358
0.952406
-0.0275898
0.94435
-0.326701
0.0383401
0.0266273
-0.0402507
-0.998835
0.327864
0.94427
-0.0293116
0.932524
-0.359304
0.0360407
0.0212039
-0.0451505
-0.998755
0.360484
0.932128
-0.0344853
0.922732
-0.383453
0.0391065
0.0225536
-0.0475713
-0.998613
0.384781
0.922335
-0.0352473
0.906595
-0.419465
0.0461947
0.0258751
-0.0540059
-0.998205
0.421207
0.906164
-0.0381078
0.895049
-0.44324
0.0492592
0.0254741
-0.059461
-0.997906
0.44524
0.894429
-0.0419294
0.878802
-0.474072
0.0544294
0.0262859
-0.065797
-0.997487
0.476461
0.878024
-0.0453612
0.86557
-0.497821
0.0544294
0.020168
-0.0739471
-0.997058
0.500382
0.864122
-0.0539663
0.848667
-0.525406
0.060938
0.0199433
-0.0833424
-0.996321
0.528552
0.84676
-0.0602516
0.830912
-0.552207
0.0682091
0.0180693
-0.0957442
-0.995242
0.55611
0.828191
-0.0695771
0.82265
-0.566492
0.0483016
-0.01818
-0.111123
-0.99364
0.568257
0.816541
-0.101714
0.816588
-0.576278
0.0329746
-0.0461595
-0.122138
-0.991439
0.575372
0.808075
-0.126337
0.81027
-0.585663
0.0214741
-0.0680693
-0.130442
-0.989117
0.58209
0.79999
-0.145559
0.800556
-0.599223
0.00651937
-0.0982111
-0.141925
-0.984993
0.591156
0.787902
-0.172469
0.790935
-0.611901
-0
-0.116037
-0.149988
-0.981855
0.600798
0.776583
-0.189634
0.762525
-0.64687
0.0107377
-0.133749
-0.173857
-0.975646
0.632983
0.742518
-0.219089
0.739589
-0.672653
0.0233911
-0.147078
-0.195432
-0.969626
0.656793
0.713684
-0.243471
0.739848
-0.672629
0.0139971
-0.16881
-0.205739
-0.963937
0.651252
0.710804
-0.265763
0.740565
-0.671985
-0.000383495
-0.191513
-0.210511
-0.958649
0.644117
0.710015
-0.284591
0.738686
-0.673905
-0.0139971
-0.215851
-0.216826
-0.952048
0.638554
0.706285
-0.30563
0.738055
-0.674367
-0.0224326
-0.230479
-0.22072
-0.947714
0.634156
0.704636
-0.318331
0.735269
-0.677274
-0.0260747
-0.241694
-0.22606
-0.943653
0.633217
0.700141
-0.329908
0.737418
-0.675083
-0.0218575
-0.235273
-0.226394
-0.945194
0.633136
0.702145
-0.325776
0.733953
-0.678929
-0.0191736
-0.238486
-0.231177
-0.943229
0.635954
0.696859
-0.331588
0.729062
-0.684067
-0.022816
-0.24924
-0.234293
-0.939674
0.637454
0.690767
-0.341311
0.734111
-0.678031
-0.0368072
-0.275971
-0.248391
-0.928516
0.62042
0.691791
-0.369464
0.731128
-0.679444
-0.0617035
-0.338522
-0.28277
-0.897465
0.59233
0.67705
-0.436748
0.762892
-0.645674
-0.0331663
-0.259647
-0.258996
-0.930325
0.592097
0.718349
-0.365233
0.78105
-0.623637
-0.032208
-0.241433
-0.254004
-0.936585
0.575908
0.739296
-0.348956
0.805507
-0.591679
-0.032783
-0.22505
-0.254267
-0.940585
0.548188
0.765026
-0.337972
0.825857
-0.563811
-0.00882027
-0.168271
-0.23149
-0.958174
0.538187
0.792799
-0.28605
0.835369
-0.549643
-0.0070946
-0.156359
-0.225228
-0.961678
0.526982
0.804465
-0.27409
0.846587
-0.532237
-0.0036432
-0.138435
-0.213578
-0.967068
0.513931
0.819212
-0.254493
0.856222
-0.516553
0.00747809
-0.108774
-0.194413
-0.97487
0.505026
0.833892
-0.222648
0.870141
-0.492488
0.0176399
-0.0808516
-0.177978
-0.980707
0.486126
0.851927
-0.194684
0.888045
-0.459453
0.0166813
-0.0657078
-0.162745
-0.984478
0.455036
0.873165
-0.174715
0.908082
-0.418674
0.00997071
-0.0571756
-0.147526
-0.987404
0.414871
0.896074
-0.157904
0.924099
-0.382152
-0.00115049
-0.057125
-0.135159
-0.989176
0.37786
0.914162
-0.14673
0.9388
-0.344462
-0
-0.0426902
-0.116348
-0.992291
0.341806
0.931563
-0.123933
0.951581
-0.307292
-0.00805331
-0.0413133
-0.101885
-0.993938
0.304609
0.946145
-0.109647
0.962531
-0.270546
-0.0184067
-0.0435416
-0.087198
-0.995239
0.267652
0.95875
-0.0957107
0.971179
-0.237142
-0.0239662
-0.0428291
-0.0747133
-0.996285
0.23447
0.968598
-0.0827165
0.980661
-0.193502
-0.0293332
-0.0414022
-0.0586248
-0.997421
0.191284
0.979347
-0.0655025
0.986326
-0.162001
-0.0302915
-0.0382996
-0.0465396
-0.998182
0.160297
0.985693
-0.0521077
0.988548
-0.143539
-0.0465778
-0.0531709
-0.0424423
-0.997683
0.14123
0.988734
-0.0495883
0.988455
-0.1443
-0.0461947
-0.0528249
-0.0424568
-0.997701
0.142007
0.988623
-0.0495892
0.988798
-0.14435
-0.0379569
-0.044137
-0.0398539
-0.99823
0.142582
0.988724
-0.0457786
0.989588
-0.138463
-0.0392981
-0.0449904
-0.0382221
-0.998256
0.136719
0.98963
-0.0440536
0.990642
-0.125657
-0.0532806
-0.0580694
-0.0347579
-0.997707
0.123517
0.991465
-0.0417295
0.99136
-0.118993
-0.0551952
-0.0592186
-0.0305423
-0.997778
0.117043
0.992425
-0.0373251
0.991627
-0.113435
-0.0617035
-0.0650608
-0.026133
-0.997539
0.111544
0.993202
-0.0332943
0.993574
-0.0980509
-0.0565354
-0.0587852
-0.0202076
-0.998066
0.0967188
0.994976
-0.0258417
0.99466
-0.078934
-0.0664873
-0.0680964
-0.0178684
-0.997519
0.0775501
0.99672
-0.0231481
0.994997
-0.068218
-0.0729909
-0.0744511
-0.0191101
-0.997042
0.0666213
0.997487
-0.0240934
0.994632
-0.0695344
-0.0766239
-0.0782817
-0.0214343
-0.996701
0.0676627
0.997349
-0.0267625
0.994445
-0.073163
-0.0756679
-0.077788
-0.0265721
-0.996616
0.0709047
0.996966
-0.0321157
0.994517
-0.074894
-0.0729909
-0.0752771
-0.0281678
-0.996765
0.0725957
0.996794
-0.0336512
0.995047
-0.076853
-0.0630431
-0.0656334
-0.0316554
-0.997342
0.0746531
0.99654
-0.0365427
0.996527
-0.0688989
-0.0467693
-0.0487388
-0.0271861
-0.998441
0.06752
0.997253
-0.0304497
0.998457
-0.0509704
-0.0220492
-0.0223134
-0.00462075
-0.99974
0.0508552
0.998689
-0.00575094
0.999652
-0.0262663
-0.00230097
-0.00145804
0.0320657
-0.999485
0.0263266
0.999141
0.0320163
0.99979
-0.00613471
0.019557
0.0199333
0.0688534
-0.997428
0.00477237
0.997608
0.0689612
0.999627
-0.00747551
0.0262664
0.0268272
0.0888464
-0.995684
0.00510957
0.996017
0.0890139
0.99908
-0.0318116
0.0287582
0.0317743
0.0987732
-0.994603
0.0287993
0.994601
0.0996931
0.997269
-0.0589655
0.0444708
0.050978
0.113889
-0.992185
0.05344
0.991742
0.116584
0.994199
-0.0913797
0.0567268
0.06842
0.130386
-0.9891
0.0829873
0.987243
0.135881
0.989147
-0.129323
0.0697395
0.0882376
0.143326
-0.985734
0.117483
0.98119
0.153181
0.98273
-0.163347
0.0869435
0.112621
0.155163
-0.981449
0.146826
0.974291
0.170879
0.975456
-0.194225
0.10374
0.136133
0.161641
-0.977415
0.173069
0.967548
0.184114
0.967333
-0.215664
0.133251
0.169795
0.160869
-0.972261
0.188246
0.963125
0.192232
0.961471
-0.218231
0.167182
0.203688
0.157098
-0.96635
0.184623
0.96317
0.195496
0.957957
-0.215309
0.189634
0.222795
0.14178
-0.9645
0.18078
0.966199
0.183789
0.958569
-0.199285
0.203546
0.229575
0.117426
-0.966181
0.168643
0.972881
0.158312
0.964547
-0.173086
0.199226
0.217423
0.0932731
-0.971611
0.14959
0.98048
0.127599
0.967923
-0.150604
0.201105
0.214424
0.0779924
-0.973622
0.130946
0.985513
0.107784
0.970823
-0.12371
0.205423
0.215021
0.0698709
-0.974107
0.106154
0.989855
0.0944326
0.974739
-0.0963809
0.20148
0.207863
0.0614383
-0.976227
0.081711
0.993447
0.0799203
0.977642
-0.0638271
0.200353
0.203637
0.0498825
-0.977775
0.0524144
0.996714
0.0617648
0.978758
-0.0358619
0.201856
0.203181
0.0382061
-0.978396
0.027375
0.998626
0.044681
0.983314
-0.00848487
0.18172
0.181859
0.0202891
-0.983115
0.00465467
0.999758
0.0214936
0.985961
0.0156929
0.166237
0.16615
0.00667174
-0.986078
-0.0165836
0.999855
0.00397069
0.987539
0.0318232
0.154124
0.154381
-0.00576832
-0.987995
-0.0305521
0.999477
-0.0106093
0.989193
0.0525896
0.13686
0.137872
-0.0160943
-0.990319
-0.0498778
0.998486
-0.023171
0.990435
0.0610394
0.123743
0.125182
-0.0203298
-0.991926
-0.0580308
0.997928
-0.0277764
0.988991
0.0615214
0.134581
0.135725
-0.0148013
-0.990636
-0.0589534
0.997996
-0.0229884
0.98928
0.066111
0.130209
0.131505
-0.0156158
-0.991193
-0.0634954
0.99769
-0.0241423
0.990674
0.0677308
0.118223
0.119711
-0.0183354
-0.992639
-0.0650646
0.997535
-0.0262725
0.991266
0.0662437
0.114033
0.115552
-0.0195635
-0.993109
-0.0635563
0.997612
-0.0270472
0.992254
0.0653542
0.105647
0.107325
-0.0227119
-0.993965
-0.0625603
0.997604
-0.0295501
0.993281
0.0638918
0.0964904
0.0983791
-0.0270987
-0.99478
-0.0609435
0.997589
-0.0332023
0.994191
0.0631846
0.0871345
0.0892347
-0.0312103
-0.995522
-0.0601822
0.997514
-0.0366673
0.994464
0.0637764
0.0835046
0.0855859
-0.0306261
-0.99586
-0.0609549
0.997494
-0.0359149
0.995602
0.0644244
0.0680178
0.0700638
-0.0300462
-0.99709
-0.0621933
0.99747
-0.0344278
0.996001
0.0665601
0.0595982
0.0615574
-0.027782
-0.997717
-0.0647524
0.997396
-0.0317682
0.996198
0.0690681
0.0530891
0.0551105
-0.027696
-0.998096
-0.0674662
0.997227
-0.0313971
0.996264
0.0736809
0.0450454
0.0473719
-0.0301376
-0.998423
-0.0722071
0.996826
-0.0335154
0.996657
0.0746708
0.0331663
0.0361246
-0.038623
-0.998601
-0.0732853
0.99646
-0.0411914
0.996668
0.0717895
0.0387233
0.0416456
-0.0396657
-0.998345
-0.0701347
0.996631
-0.0425232
0.996547
0.0719729
0.0414056
0.0444607
-0.0413756
-0.998154
-0.0701268
0.996548
-0.0444327
0.996347
0.0646645
0.0557696
0.059036
-0.0497531
-0.997015
-0.0616968
0.996666
-0.0533889
0.994507
0.0452257
0.0943908
0.0969773
-0.0588897
-0.993543
-0.039375
0.99724
-0.0629522
0.988575
0.0227508
0.149006
0.150187
-0.0645795
-0.986546
-0.012822
0.997653
-0.0672586
0.982894
-0.000942338
0.184171
0.183422
-0.0852091
-0.979334
0.0166159
0.996363
-0.0835786
0.970407
-0.0297811
0.239631
0.234765
-0.115953
-0.965112
0.056528
0.992808
-0.10553
0.963439
-0.0501089
0.2632
0.252942
-0.153814
-0.955176
0.0883466
0.986828
-0.135516
0.960836
-0.0614348
0.270222
0.254119
-0.193614
-0.947596
0.110534
0.979153
-0.170419
0.962861
-0.0610081
0.263015
0.243522
-0.22446
-0.943565
0.116601
0.972572
-0.201267
0.969719
-0.0573366
0.237396
0.213887
-0.269814
-0.938857
0.117884
0.961204
-0.24938
0.976483
-0.0440308
0.211049
0.189198
-0.294332
-0.936789
0.103366
0.954689
-0.279079
0.981772
-0.0227826
0.188692
0.171874
-0.31739
-0.932589
0.0811359
0.948021
-0.307689
0.986622
0.00113509
0.163022
0.15343
-0.344465
-0.926177
0.055104
0.938798
-0.340031
0.989403
0.030364
0.141987
0.143548
-0.351539
-0.925102
0.0218241
0.935681
-0.352172
0.991433
0.0630093
0.114414
0.129267
-0.34774
-0.928637
-0.0187265
0.935471
-0.352906
0.991338
0.0943765
0.0913361
0.118281
-0.339275
-0.933221
-0.0570861
0.935941
-0.347499
0.989187
0.127207
0.0729909
0.111334
-0.327348
-0.938322
-0.0954677
0.936302
-0.337971
0.985927
0.156117
0.0597896
0.106941
-0.314081
-0.943354
-0.128495
0.936472
-0.326357
0.982235
0.181125
0.0490677
0.102522
-0.298954
-0.948744
-0.157172
0.936921
-0.312213
0.977965
0.206645
0.0297165
0.0890678
-0.284244
-0.954606
-0.188818
0.936218
-0.296386
0.973941
0.225385
0.025308
0.0858717
-0.263172
-0.96092
-0.209917
0.938052
-0.275668
0.972683
0.230603
0.0266498
0.0812057
-0.230463
-0.969687
-0.217471
0.945362
-0.242894
0.979909
0.192768
0.0511742
0.0908407
-0.202951
-0.974966
-0.177557
0.960027
-0.216385
0.984691
0.153213
0.0831224
0.11055
-0.180237
-0.977391
-0.134767
0.971618
-0.194415
0.989238
0.103564
0.103359
0.118774
-0.155851
-0.980614
-0.0854476
0.982336
-0.166475
0.99133
0.0706408
0.110794
0.119539
-0.13478
-0.983639
-0.0545522
0.988354
-0.142056
0.992571
0.0295088
0.118032
0.120584
-0.109545
-0.98664
-0.0161846
0.993544
-0.11229
0.993536
0.00990676
0.11308
0.113507
-0.0974627
-0.988745
0.00122587
0.99519
-0.0979573
0.993761
0.00895615
0.111175
0.111528
-0.0914804
-0.989542
0.00130785
0.995767
-0.0919085
0.993942
0.0099108
0.10946
0.109908
-0.0896718
-0.989889
4.87893e-06
0.995922
-0.0902179
0.994852
0.0114461
0.100688
0.101313
-0.0909403
-0.990689
-0.00218293
0.995791
-0.0916319
0.995416
0.00439001
0.0955361
0.0954804
-0.102748
-0.990114
0.00546954
0.994698
-0.102696
0.996507
-0.00133754
0.0835046
0.082732
-0.120809
-0.989222
0.0114112
0.992675
-0.120276
0.996227
-0.00248332
0.0867525
0.0857821
-0.123576
-0.98862
0.0131756
0.992332
-0.122897
0.996263
0.000382062
0.0863704
0.0858759
-0.111333
-0.990066
0.00923758
0.993783
-0.110949
0.996411
-0.000382119
0.084651
0.0841004
-0.109492
-0.990423
0.00964708
0.993988
-0.109067
0.996146
-0.000573026
0.0877076
0.087135
-0.107795
-0.990347
0.0100219
0.994173
-0.107329
0.996227
0.00248332
0.0867525
0.0864984
-0.110007
-0.99016
0.00708449
0.993928
-0.109807
0.996113
0.00573013
0.0878986
0.0880156
-0.10438
-0.990635
0.00349837
0.994521
-0.104478
0.99594
0.00611109
0.0898085
0.0899812
-0.0953676
-0.991367
0.00250648
0.995423
-0.0955303
0.99555
0.0064905
0.094009
0.0942182
-0.08614
-0.991818
0.00166055
0.996262
-0.0863683
0.995176
0.00419812
0.0980171
0.0980475
-0.077358
-0.992171
0.00341716
0.996995
-0.0773965
0.994762
0.000381487
0.102214
0.102004
-0.0679788
-0.992459
0.0065698
0.997687
-0.0676617
0.994706
-0.00591277
0.102596
0.102089
-0.0575261
-0.993111
0.011774
0.998327
-0.0566179
0.995264
-0.0118326
0.0964904
0.0958408
-0.0467628
-0.994298
0.0162773
0.998836
-0.0454073
0.996342
-0.0181514
0.0835046
0.0826233
-0.0448339
-0.995572
0.0218149
0.99883
-0.0431701
0.996101
-0.0278933
0.0836957
0.0823657
-0.0458364
-0.995548
0.0316054
0.998559
-0.0433603
0.995864
-0.0387833
0.082167
0.0801621
-0.0506934
-0.995492
0.0427738
0.997961
-0.0473748
0.995677
-0.0450876
0.0812114
0.0788486
-0.0519216
-0.995534
0.0491028
0.997633
-0.048142
0.995461
-0.0456516
0.0835046
0.0811068
-0.0520718
-0.995344
0.0497873
0.997599
-0.0481328
0.995269
-0.0425834
0.0873255
0.08516
-0.0502641
-0.995099
0.046764
0.997828
-0.0463999
0.99628
-0.0277071
0.0815937
0.0801727
-0.0490171
-0.995575
0.031584
0.998414
-0.0466135
0.997629
-0.0116694
0.0678265
0.0671892
-0.0483247
-0.996569
0.0149071
0.998763
-0.0474261
0.998618
-0.0141707
0.0505997
0.0497829
-0.0530349
-0.997351
0.0168167
0.998492
-0.0522562
0.998435
-0.0271923
0.0488762
0.0473267
-0.0549723
-0.997366
0.0298075
0.998118
-0.0535994
0.996447
-0.0558497
0.0630431
0.0598846
-0.0565289
-0.996603
0.0592238
0.996838
-0.0529835
0.99375
-0.0761778
0.0815937
0.0774604
-0.0557257
-0.995437
0.0803771
0.995536
-0.0494767
0.990782
-0.0893416
0.101833
0.097092
-0.0559065
-0.993704
0.0944722
0.994431
-0.0467168
0.993023
-0.075739
0.0903814
0.085349
-0.0672407
-0.99408
0.0813679
0.994858
-0.0603073
0.995202
-0.0573115
0.0793002
0.0749788
-0.0739812
-0.994437
0.0628594
0.995611
-0.0693291
0.997203
-0.0355804
0.065722
0.062716
-0.0798668
-0.994831
0.0406455
0.99617
-0.077412
0.998773
-0.0109166
0.0483016
0.0471598
-0.0878463
-0.995017
0.0151054
0.996074
-0.0872237
0.999052
0.0114945
0.0419804
0.0429129
-0.0988657
-0.994175
-0.00727709
0.995034
-0.0992653
0.998713
0.0327584
0.0387233
0.0423122
-0.117089
-0.99222
-0.0279694
0.992581
-0.118324
0.998021
0.0515237
0.0360407
0.042834
-0.137494
-0.989576
-0.0460313
0.989162
-0.139428
0.997381
0.0668445
0.0276081
0.0374286
-0.150442
-0.98791
-0.0618829
0.986357
-0.152549
0.996798
0.0771805
0.020899
0.0329612
-0.15849
-0.98681
-0.0728503
0.984339
-0.160527
0.99614
0.0853976
0.0203238
0.0342135
-0.164483
-0.985786
-0.0808409
0.982676
-0.16677
0.995705
0.0924809
0.00441018
0.0203454
-0.172084
-0.984872
-0.0903229
0.980732
-0.173227
0.995832
0.0903746
0.0122715
0.0266414
-0.159564
-0.986828
-0.0872261
0.983042
-0.161307
0.997252
0.0701019
0.0239662
0.0333172
-0.135427
-0.990227
-0.0661711
0.988304
-0.137391
0.998232
0.0396424
0.0442792
0.048322
-0.107627
-0.993016
-0.0345999
0.993401
-0.109352
0.996761
0.0154825
0.0789179
0.0798861
-0.0774953
-0.993787
-0.00927054
0.996872
-0.0784811
0.995409
-0.0158433
0.0943908
0.0935313
-0.048264
-0.994446
0.020311
0.998709
-0.0465606
0.994205
-0.0274586
0.103931
0.103605
-0.0130278
-0.994533
0.0286625
0.999538
-0.0101074
0.993253
-0.0438328
0.107363
0.109285
0.0441009
-0.993032
0.0387926
0.998065
0.0485937
0.991678
-0.0635977
0.111937
0.116704
0.0769576
-0.990181
0.0543588
0.995004
0.0837392
0.98537
-0.111954
0.128498
0.140646
0.108368
-0.984111
0.0962502
0.987787
0.122528
0.978815
-0.14788
0.141607
0.159466
0.116818
-0.980267
0.12842
0.982082
0.137925
0.974302
-0.16925
0.148627
0.169309
0.115087
-0.978821
0.14856
0.978831
0.140785
0.966103
-0.195253
0.168883
0.193862
0.116706
-0.974062
0.170479
0.973784
0.150602
0.955458
-0.230005
0.184925
0.216501
0.120423
-0.968827
0.200566
0.96571
0.164856
0.943593
-0.265027
0.198474
0.236416
0.119607
-0.964262
0.231817
0.956794
0.175517
0.925946
-0.30353
0.22471
0.271509
0.121446
-0.954743
0.262503
0.945051
0.194863
0.911899
-0.334789
0.237396
0.290124
0.116711
-0.949846
0.290291
0.935037
0.203559
0.903841
-0.352438
0.242608
0.298026
0.111724
-0.947997
0.307005
0.929142
0.206016
0.901411
-0.362689
0.236465
0.290513
0.101705
-0.951451
0.321031
0.926344
0.197044
0.902212
-0.366634
0.227139
0.277685
0.0908337
-0.956368
0.330006
0.92592
0.18376
0.903049
-0.363751
0.228445
0.277968
0.0894279
-0.956419
0.327468
0.927194
0.181869
0.908734
-0.356958
0.216294
0.264345
0.0911976
-0.960107
0.322993
0.929658
0.177234
0.912672
-0.348042
0.214234
0.262672
0.0979478
-0.959901
0.313102
0.932348
0.180815
0.926587
-0.32175
0.194714
0.238987
0.103986
-0.965439
0.290383
0.941097
0.173246
0.939015
-0.29194
0.18172
0.223487
0.116472
-0.967723
0.261352
0.949318
0.174614
0.950464
-0.262048
0.167182
0.206651
0.130939
-0.969614
0.232195
0.956131
0.178605
0.963673
-0.222036
0.148437
0.18304
0.144308
-0.972457
0.1945
0.9643
0.179707
0.975697
-0.184372
0.118413
0.145508
0.141106
-0.979243
0.163836
0.972675
0.164504
0.979059
-0.166404
0.117271
0.141326
0.140955
-0.979877
0.146526
0.975931
0.161521
0.979084
-0.166795
0.116509
0.1403
0.138782
-0.980334
0.147345
0.976176
0.15928
0.980891
-0.163621
0.105266
0.127921
0.134723
-0.982592
0.146591
0.977281
0.153079
0.977722
-0.171196
0.121459
0.144266
0.127745
-0.981259
0.152472
0.97692
0.149597
0.977114
-0.173021
0.123743
0.144713
0.114329
-0.982846
0.155906
0.97826
0.136751
0.978066
-0.177449
0.109079
0.12619
0.0881586
-0.988081
0.165717
0.980174
0.108617
0.978524
-0.183935
0.0930545
0.106797
0.0662532
-0.992071
0.176311
0.980703
0.084474
0.977845
-0.194116
0.0783444
0.0858674
0.0306361
-0.995835
0.190907
0.9805
0.0466256
0.977557
-0.199324
0.0682091
0.0711469
0.00760465
-0.997437
0.198295
0.979904
0.0216153
0.977348
-0.202211
0.062469
0.0615618
-0.010779
-0.998045
0.202489
0.979283
0.00191369
0.978573
-0.199922
0.0492592
0.0476096
-0.0130537
-0.998781
0.200322
0.979725
-0.00325574
0.978565
-0.202267
0.0387233
0.0355516
-0.019292
-0.999182
0.202849
0.97914
-0.0116876
0.978825
-0.202908
0.0270331
0.0224956
-0.0246361
-0.999443
0.203461
0.978888
-0.0195498
0.979173
-0.201219
0.0270331
0.0203702
-0.0351105
-0.999176
0.202002
0.978917
-0.0302804
0.979367
-0.200476
0.0254997
0.0166953
-0.0454862
-0.998825
0.2014
0.978642
-0.0412006
0.978642
-0.204829
0.0174481
0.00519313
-0.0602164
-0.998172
0.205505
0.976944
-0.0578666
0.976919
-0.213086
0.0149558
-0.00159627
-0.0772945
-0.997007
0.213605
0.973971
-0.0758506
0.975185
-0.221343
0.00460193
-0.0170179
-0.0956692
-0.995268
0.220736
0.970492
-0.097062
0.973015
-0.230682
-0.00517716
-0.0325373
-0.11496
-0.992837
0.228434
0.966214
-0.119364
0.971277
-0.23756
-0.0136137
-0.0458389
-0.130661
-0.990367
0.233493
0.962545
-0.137797
0.971892
-0.235145
-0.0115046
-0.0453004
-0.138833
-0.989279
0.231027
0.961994
-0.145583
0.972937
-0.231058
-0.00230097
-0.036074
-0.14205
-0.989202
0.228236
0.962515
-0.14654
0.973853
-0.227136
0.00441018
-0.0295981
-0.146102
-0.988827
0.225243
0.962841
-0.149005
0.977483
-0.210854
0.00824505
-0.0228869
-0.14478
-0.989199
0.209771
0.966736
-0.146346
0.983175
-0.182663
-0.00076699
-0.0281712
-0.147479
-0.988664
0.180479
0.972052
-0.150144
0.988043
-0.153734
-0.0116963
-0.0347693
-0.148267
-0.988336
0.150207
0.976925
-0.151839
0.993383
-0.110935
-0.0297165
-0.0462047
-0.149159
-0.987733
0.105142
0.982571
-0.153298
0.996829
-0.0708406
-0.0362324
-0.0464739
-0.14874
-0.987784
0.064586
0.986336
-0.151561
0.998447
-0.0296834
-0.0471524
-0.0511485
-0.152671
-0.986953
0.0220974
0.987831
-0.153952
0.998469
0.00363764
-0.0551952
-0.0539646
-0.155079
-0.986427
-0.0121479
0.987895
-0.154645
0.997342
0.0432468
-0.0586411
-0.05102
-0.160083
-0.985784
-0.0520195
0.986156
-0.157451
0.99617
0.0506621
-0.0712696
-0.0612074
-0.178078
-0.982111
-0.0624473
0.982711
-0.174295
0.997668
0.0419195
-0.053855
-0.0457121
-0.175491
-0.983419
-0.0506755
0.983588
-0.173166
0.999749
0.00901012
-0.0205156
-0.0188039
-0.160548
-0.986849
-0.0121854
0.986987
-0.160339
0.999844
-0.0172563
0.00383494
0.0012304
-0.148481
-0.988915
0.0176344
0.988765
-0.148436
0.997138
-0.068749
0.0314414
0.0223238
-0.12958
-0.991318
0.0722263
0.989183
-0.127674
0.993936
-0.0992414
0.047344
0.0359515
-0.113594
-0.992877
0.103912
0.988558
-0.109337
0.987337
-0.149555
0.0528976
0.038433
-0.0980064
-0.994443
0.153908
0.983884
-0.0910175
0.979866
-0.188665
0.0653393
0.0500412
-0.0847455
-0.995145
0.193286
0.978378
-0.0735981
0.965627
-0.246605
0.082167
0.06564
-0.0745205
-0.995057
0.251509
0.966247
-0.0557718
0.951623
-0.293261
0.091718
0.0736664
-0.0720424
-0.994677
0.298308
0.953314
-0.0469537
0.934666
-0.338072
0.110032
0.0927255
-0.0669741
-0.993437
0.343223
0.938734
-0.0312505
0.918316
-0.37626
0.122982
0.105998
-0.065601
-0.9922
0.381392
0.924189
-0.0203599
0.898311
-0.417934
0.135531
0.117128
-0.0695083
-0.990681
0.42346
0.905814
-0.0134881
0.873475
-0.461513
0.155071
0.137736
-0.0712566
-0.987903
0.466979
0.884267
0.00132602
0.854665
-0.493295
0.161886
0.140208
-0.0809253
-0.986809
0.499889
0.866089
-4.31348e-08
0.829243
-0.529802
0.177948
0.154698
-0.0883697
-0.984002
0.537052
0.843505
0.00867948
0.798901
-0.567245
0.199978
0.173685
-0.100747
-0.979635
0.57584
0.817363
0.0180349
0.770966
-0.596688
0.222654
0.194306
-0.112563
-0.974461
0.606512
0.794539
0.0291574
0.748388
-0.620456
0.234415
0.198863
-0.127263
-0.971729
0.632747
0.773847
0.0281432
0.711158
-0.655064
0.255236
0.221133
-0.136198
-0.965687
0.66735
0.743196
0.047998
0.682131
-0.680563
0.267452
0.239455
-0.13769
-0.961095
0.690911
0.719635
0.069042
0.65391
-0.705819
0.272437
0.247819
-0.140405
-0.958578
0.714834
0.694338
0.0831034
0.628821
-0.727567
0.274281
0.249401
-0.145382
-0.957425
0.736467
0.670455
0.0900366
0.611103
-0.742307
0.274834
0.253396
-0.145479
-0.956361
0.749896
0.654077
0.0991952
0.613982
-0.742026
0.269114
0.251853
-0.138954
-0.957738
0.748061
0.655811
0.101566
