0.997583
-0.0683953
0.0122715
0.0106527
-0.0239842
-0.999656
0.0686661
0.99737
-0.0231977
0.997565
-0.0685863
0.012655
0.0110041
-0.0243951
-0.999642
0.0688704
0.997347
-0.0235809
0.997563
-0.0685861
0.0128467
0.0110765
-0.0261293
-0.999597
0.0688941
0.997303
-0.0253059
0.997499
-0.0693505
0.0136137
0.0116342
-0.0288679
-0.999516
0.0697099
0.997175
-0.0279889
0.997515
-0.0689672
0.0143806
0.0122238
-0.0315932
-0.999426
0.0693819
0.997119
-0.0306716
0.997526
-0.0687757
0.0145723
0.0122618
-0.0338983
-0.99935
0.069225
0.997056
-0.0329711
0.997515
-0.0689672
0.0143806
0.0119576
-0.0354169
-0.999301
0.0694283
0.99699
-0.0345042
0.997522
-0.0685833
0.0157227
0.0132563
-0.036269
-0.999254
0.0691024
0.996986
-0.0352699
0.997782
-0.0649498
0.0145723
0.0123792
-0.0340422
-0.999344
0.0654032
0.997308
-0.0331627
0.998069
-0.0620862
0.00191747
0.000711095
-0.019447
-0.999811
0.0621117
0.997881
-0.0193653
0.997767
-0.0666782
0.00383494
0.00312301
-0.0107782
-0.999937
0.0667153
0.997716
-0.0105459
0.997176
-0.074902
0.00536891
0.00470732
-0.00900644
-0.999948
0.0749465
0.99715
-0.00862842
0.9969
-0.0783423
0.00728634
0.00664781
-0.00840824
-0.999943
0.0783991
0.996891
-0.00786137
0.996619
-0.0817823
0.00786157
0.00706648
-0.010007
-0.999925
0.0818548
0.9966
-0.00939522
0.996398
-0.0831106
0.016873
0.0160967
-0.0100012
-0.99982
0.0832644
0.99649
-0.00862732
0.99652
-0.0819665
0.0151475
0.0143256
-0.0106056
-0.999841
0.0821141
0.996579
-0.00939443
0.996588
-0.0812026
0.014764
0.0139828
-0.0101812
-0.99985
0.0813408
0.996646
-0.00901104
0.996576
-0.0808169
0.0174481
0.0167861
-0.0088639
-0.99982
0.080957
0.99669
-0.00747695
0.996756
-0.0792926
0.0138054
0.0130772
-0.0096961
-0.999867
0.0794159
0.996804
-0.00862772
0.996907
-0.0769967
0.0157227
0.015144
-0.00809302
-0.999853
0.0771126
0.996998
-0.00690195
0.996475
-0.0800394
0.0251163
0.0246208
-0.00717144
-0.999671
0.0801932
0.996766
-0.00517553
0.996037
-0.0832728
0.0312498
0.0306614
-0.00833582
-0.999495
0.0834913
0.996492
-0.00574953
0.995576
-0.0861185
0.0375737
0.0366557
-0.0122164
-0.999253
0.0865132
0.99621
-0.00900566
0.995251
-0.0889751
0.0394897
0.0381857
-0.0163118
-0.999137
0.0895425
0.9959
-0.0128367
0.99511
-0.0885778
0.0437045
0.0419273
-0.0218266
-0.998882
0.0894328
0.99583
-0.0180061
0.994848
-0.0891314
0.0483016
0.0463891
-0.0234065
-0.998649
0.0901415
0.995745
-0.0191512
0.994778
-0.0879715
0.0517487
0.0496611
-0.0257572
-0.998434
0.0891667
0.99579
-0.0212539
0.994531
-0.0875654
0.0569183
0.0549046
-0.0252366
-0.998173
0.0888418
0.995839
-0.0202909
0.994465
-0.0867909
0.0592153
0.0571781
-0.0257761
-0.998031
0.0881464
0.995893
-0.0206709
0.994305
-0.0908127
0.0557696
0.0534841
-0.0274109
-0.998192
0.0921772
0.995491
-0.0223977
0.994473
-0.0940977
0.0465778
0.0459548
-0.00877815
-0.998905
0.0944035
0.995524
-0.00440539
0.994493
-0.101609
0.0256914
0.028045
0.0218036
-0.999369
0.100984
0.994585
0.0245332
0.993558
-0.11327
0.00345145
0.00694557
0.0304675
-0.999512
0.11311
0.993097
0.031058
0.991841
-0.126582
-0.0151475
-0.0102339
0.0393777
-0.999172
0.127073
0.991174
0.037761
0.986889
-0.155687
-0.0425551
-0.0358187
0.0458227
-0.998307
0.157374
0.986743
0.0396454
0.980248
-0.1864
-0.0661047
-0.0580211
0.0484998
-0.997137
0.189072
0.981276
0.0367267
0.969029
-0.234255
-0.0781532
-0.0690399
0.0468679
-0.996512
0.237101
0.971045
0.0292434
0.958465
-0.274566
-0.0771974
-0.0673254
0.0452135
-0.996706
0.277152
0.960505
0.0248503
0.948143
-0.310605
-0.0674439
-0.0577521
0.0403058
-0.997517
0.312552
0.949684
0.0202776
0.94173
-0.334514
-0.0352742
-0.0245004
0.0363737
-0.999038
0.335475
0.941689
0.0260585
0.935383
-0.353624
-0.00306796
0.00567395
0.0236816
-0.999703
0.353592
0.935088
0.0241578
0.934952
-0.353461
0.0304831
0.0361008
0.00930946
-0.999305
0.352932
0.935403
0.0214641
0.938248
-0.340589
0.0607466
0.061806
-0.00774908
-0.998058
0.340398
0.94018
0.0137799
0.94496
-0.3166
0.0825492
0.0794297
-0.0227699
-0.99658
0.317397
0.948286
0.00363079
0.954754
-0.278859
0.103359
0.0981376
-0.0326587
-0.994637
0.280739
0.959777
-0.00381446
0.96388
-0.236143
0.123172
0.117988
-0.0360132
-0.992362
0.238775
0.971051
-0.00685024
0.968893
-0.201625
0.143505
0.138889
-0.0369326
-0.989619
0.204832
0.978766
-0.00778021
0.976755
-0.154281
0.148817
0.144826
-0.0368521
-0.988771
0.158032
0.98734
-0.0136516
0.985973
-0.108768
0.126596
0.124627
-0.024744
-0.991895
0.111019
0.993759
-0.0108415
0.992094
-0.07146
0.103168
0.102998
-0.00607315
-0.994663
0.0717052
0.997425
0.00133509
0.996593
-0.0332627
0.0754767
0.0760053
0.014921
-0.996996
0.0320366
0.999335
0.0173983
0.998928
-0.00670407
0.0458116
0.0459826
0.0280669
-0.998548
0.00540854
0.999584
0.0283451
0.99965
0.0180199
0.0193653
0.0186605
0.0384911
-0.999085
-0.0187488
0.999096
0.0381414
0.998922
0.0404372
-0.022816
-0.0248223
0.0498281
-0.998449
-0.0392376
0.997939
0.0507781
0.997871
0.0440366
-0.0481101
-0.050471
0.0541715
-0.997255
-0.0413095
0.99756
0.0562787
0.996981
0.0294485
-0.0718434
-0.0734296
0.0568807
-0.995677
-0.0252347
0.997947
0.0588714
0.996351
0.00458518
-0.0852242
-0.0853466
0.0580575
-0.994658
0.000387211
0.998303
0.058237
0.994345
-0.034333
-0.100498
-0.098525
0.0549899
-0.993614
0.0396401
0.997896
0.0512963
0.991631
-0.0765892
-0.103931
-0.100158
0.0515704
-0.993634
0.0814614
0.995728
0.0434678
0.987571
-0.10837
-0.113842
-0.108898
0.05052
-0.992768
0.113337
0.992826
0.0380908
0.981038
-0.157271
-0.113271
-0.106997
0.0478311
-0.993108
0.161605
0.986396
0.0300966
0.976259
-0.194774
-0.0947726
-0.0880354
0.0429798
-0.99519
0.19791
0.979906
0.0248124
0.9668
-0.243353
-0.0779621
-0.0726497
0.0307433
-0.996884
0.244992
0.96945
0.0120431
0.958003
-0.280207
-0.060938
-0.0574105
0.0207876
-0.998134
0.280951
0.959714
0.00382778
0.943956
-0.326768
-0.0465778
-0.0455201
0.0108877
-0.998904
0.326917
0.945042
-0.00459699
0.933694
-0.355443
-0.0433214
-0.0451904
0.00304682
-0.998974
0.35521
0.934693
-0.0132178
0.914236
-0.403576
-0.0360407
-0.0410946
-0.00386584
-0.999148
0.403093
0.914938
-0.0201191
0.902221
-0.430748
-0.0212824
-0.0273806
-0.00796199
-0.999593
0.430403
0.902437
-0.0189776
0.891571
-0.452858
-0.00460193
-0.0105282
-0.0105666
-0.999889
0.452759
0.89152
-0.0141887
0.891064
-0.453245
0.0239662
0.0264891
-0.000781544
-0.999649
0.453105
0.891386
0.0113097
0.89313
-0.447634
0.0440877
0.0553663
0.0121361
-0.998392
0.446379
0.894135
0.0356229
0.90277
-0.424017
0.0722259
0.0959889
0.0349227
-0.99477
0.419276
0.904981
0.0722281
0.9197
-0.381986
0.0907633
0.121372
0.0567581
-0.990983
0.37339
0.922424
0.0985628
0.93301
-0.345588
0.100307
0.134657
0.076804
-0.987911
0.333707
0.935238
0.118195
0.945384
-0.306893
0.109841
0.146586
0.0993007
-0.984201
0.291138
0.946549
0.138864
0.956588
-0.266304
0.118413
0.155704
0.123518
-0.980051
0.246365
0.955942
0.15962
0.965485
-0.229288
0.123552
0.159604
0.145963
-0.976331
0.205827
0.962352
0.17752
0.974067
-0.191619
0.120317
0.153698
0.170127
-0.973362
0.166045
0.966612
0.195166
0.981863
-0.155473
0.108507
0.13794
0.193165
-0.971422
0.13007
0.96877
0.211107
0.987205
-0.130032
0.0922908
0.118403
0.210113
-0.970481
0.106802
0.968991
0.222821
0.992352
-0.0967776
0.0766239
0.0978358
0.238141
-0.96629
0.075268
0.966397
0.245788
0.996828
-0.0685356
0.0404477
0.0563186
0.248434
-0.96701
0.056226
0.966221
0.251506
0.998046
-0.0601638
0.016873
0.0314048
0.249532
-0.967857
0.0540196
0.966496
0.250934
0.998361
-0.0551889
-0.0151475
-0.00127075
0.243235
-0.969967
0.0572158
0.968396
0.242766
0.997151
-0.0537796
-0.0528976
-0.0390346
0.232191
-0.971887
0.06455
0.971182
0.22943
0.994567
-0.0551705
-0.0882806
-0.0743586
0.217
-0.973335
0.0728562
0.974611
0.211718
0.991447
-0.0588121
-0.116509
-0.102331
0.203764
-0.973657
0.0810031
0.977252
0.196003
0.986146
-0.0645721
-0.152797
-0.138164
0.190022
-0.972009
0.0917996
0.979654
0.178468
0.980714
-0.0719636
-0.18172
-0.166251
0.181726
-0.969194
0.10277
0.980713
0.166257
0.975431
-0.0873917
-0.202231
-0.185447
0.169834
-0.967867
0.118929
0.98159
0.149454
0.975556
-0.103645
-0.193774
-0.174566
0.170107
-0.96984
0.133481
0.97996
0.147856
0.975747
-0.106693
-0.191139
-0.171376
0.170922
-0.970266
0.136191
0.979491
0.148492
0.976294
-0.107701
-0.18775
-0.167883
0.170719
-0.970912
0.13662
0.979416
0.148591
0.976686
-0.107744
-0.185678
-0.165794
0.17087
-0.971244
0.136372
0.979385
0.149023
0.977148
-0.10514
-0.184736
-0.164993
0.172766
-0.971045
0.134012
0.979335
0.151471
0.977321
-0.106486
-0.18304
-0.162758
0.175246
-0.970978
0.135473
0.978749
0.153941
0.977551
-0.106322
-0.181909
-0.161499
0.176408
-0.970978
0.135326
0.978558
0.155277
0.977414
-0.104979
-0.183417
-0.16283
0.179164
-0.970251
0.134718
0.978202
0.158024
0.977283
-0.105534
-0.183794
-0.163148
0.178923
-0.970242
0.135279
0.978187
0.157641
0.977091
-0.106651
-0.184171
-0.163495
0.177838
-0.970383
0.136245
0.978263
0.156327
0.977361
-0.110854
-0.180212
-0.159474
0.173772
-0.971788
0.139042
0.978527
0.152159
0.978503
-0.113075
-0.172473
-0.152927
0.163278
-0.974656
0.13837
0.980079
0.142476
0.979565
-0.117006
-0.163589
-0.145449
0.149657
-0.977981
0.138912
0.98179
0.129581
0.979421
-0.123279
-0.159805
-0.142349
0.139376
-0.979955
0.143081
0.982536
0.118959
0.978307
-0.134972
-0.157154
-0.139373
0.132419
-0.981346
0.153265
0.981961
0.110735
0.977881
-0.154458
-0.141038
-0.121885
0.127174
-0.984363
0.169979
0.97978
0.105535
0.975556
-0.18512
-0.118413
-0.097579
0.117894
-0.98822
0.1969
0.975619
0.0969486
0.970591
-0.211706
-0.114604
-0.0943374
0.103502
-0.990145
0.221482
0.971837
0.0804865
0.959435
-0.258592
-0.112318
-0.0934092
0.0843238
-0.992051
0.266007
0.962299
0.0567483
0.948567
-0.304512
-0.0865614
-0.0676179
0.0722353
-0.995093
0.309271
0.949765
0.0479295
0.936344
-0.344987
-0.065148
-0.051363
0.0489594
-0.997479
0.347307
0.93733
0.0281233
0.921777
-0.385545
-0.0410225
-0.033848
0.0253808
-0.999105
0.386241
0.92234
0.0103455
0.905814
-0.42354
-0.0107377
-0.0104578
0.00298481
-0.999941
0.423547
0.905873
-0.00172562
0.887162
-0.460291
0.032783
0.0300708
-0.0132255
-0.99946
0.460476
0.887669
0.00210811
0.870449
-0.48673
0.0735646
0.0695385
-0.0263618
-0.997231
0.487321
0.873155
0.0108998
0.85513
-0.506768
0.109269
0.102591
-0.0411842
-0.993871
0.508162
0.861098
0.016772
0.845842
-0.514503
0.140848
0.137801
-0.0443277
-0.989468
0.515327
0.856342
0.0334049
0.84318
-0.509788
0.170773
0.182157
-0.0279666
-0.982872
0.505832
0.859845
0.0692804
0.85379
-0.48974
0.176627
0.202163
-0.000765068
-0.979352
0.479763
0.871868
0.0983542
0.868921
-0.46552
0.168127
0.209202
0.0375806
-0.97715
0.448564
0.884239
0.130042
0.881455
-0.440092
0.17134
0.227089
0.0768607
-0.970836
0.414088
0.894657
0.167689
0.894686
-0.410211
0.176815
0.239671
0.106799
-0.964962
0.376955
0.905716
0.193867
0.916409
-0.360176
0.17455
0.235684
0.133127
-0.962668
0.323493
0.923337
0.206886
0.937476
-0.308704
0.160751
0.214417
0.148433
-0.965398
0.274161
0.939505
0.205344
0.952929
-0.266467
0.144644
0.191063
0.157342
-0.968885
0.235417
0.950915
0.200848
0.969915
-0.207471
0.127357
0.16444
0.172592
-0.97117
0.179509
0.962896
0.201516
0.97944
-0.169949
0.108697
0.139793
0.183283
-0.97307
0.14545
0.968259
0.203273
0.989449
-0.120111
0.0810203
0.103314
0.192877
-0.975769
0.101574
0.973844
0.203251
0.99519
-0.0851239
0.0484931
0.0643411
0.194639
-0.978763
0.0738775
0.977174
0.199179
0.998366
-0.0544211
0.0174481
0.0280601
0.200814
-0.979227
0.0497868
0.978117
0.202013
0.998783
-0.0484911
0.00901202
0.0186748
0.202691
-0.979065
0.0456493
0.978041
0.20335
0.998444
-0.0536574
0.0151475
0.0257699
0.203207
-0.978797
0.0494416
0.977665
0.204273
0.998199
-0.056716
0.019557
0.0307818
0.204381
-0.978407
0.0514942
0.977247
0.205759
0.998335
-0.0565316
0.0115046
0.022295
0.19414
-0.98072
0.0532082
0.979344
0.195077
0.998142
-0.0607459
-0.00479367
0.00542663
0.166972
-0.985947
0.0606926
0.984089
0.166991
0.997337
-0.071261
-0.0155309
-0.00571716
0.135904
-0.990706
0.0727094
0.988156
0.135134
0.997114
-0.0737438
-0.0180233
-0.0103123
0.103639
-0.994562
0.0752107
0.991877
0.102579
0.996754
-0.0796772
-0.0115046
-0.00603703
0.0685255
-0.997631
0.0802768
0.994463
0.0678221
0.996681
-0.0814025
-0.00076699
0.00302794
0.0464856
-0.998914
0.0813498
0.995597
0.0465778
0.996439
-0.0834989
-0.0116963
-0.0107421
0.0118679
-0.999872
0.083627
0.996437
0.0109287
0.997151
-0.0720165
-0.0224326
-0.0229813
-0.00679896
-0.999713
0.0718433
0.99738
-0.00843462
0.997699
-0.061487
-0.0285665
-0.0292065
-0.00953439
-0.999528
0.0611856
0.998062
-0.0113083
0.997778
-0.056884
-0.0346994
-0.0354148
-0.0116168
-0.999305
0.0564414
0.998313
-0.0136055
0.997351
-0.0610817
-0.0394897
-0.0407773
-0.0199773
-0.998968
0.0602298
0.997933
-0.0224151
0.997221
-0.0643372
-0.0375737
-0.0392468
-0.0249413
-0.998918
0.0633304
0.997616
-0.0273971
0.997129
-0.0674037
-0.0345077
-0.0365581
-0.0294261
-0.998898
0.0663141
0.997292
-0.0318058
0.99718
-0.0697125
-0.0277998
-0.0300958
-0.0321038
-0.999031
0.0687525
0.99705
-0.0341113
0.997313
-0.0731817
-0.0032597
-0.00655818
-0.0448774
-0.998971
0.0729601
0.996308
-0.0452368
0.997498
-0.0672365
-0.0218575
-0.0267591
-0.072886
-0.996981
0.0654405
0.995071
-0.0745028
0.997449
-0.0689626
-0.0184067
-0.0235035
-0.0738402
-0.996993
0.0673961
0.994883
-0.0752727
0.996884
-0.0766103
-0.0187902
-0.0242922
-0.071531
-0.997143
0.0750473
0.994492
-0.0731692
0.989279
-0.14016
-0.0410225
-0.0485354
-0.0506102
-0.997538
0.137739
0.988835
-0.0568704
0.977305
-0.210032
-0.0276081
-0.0330632
-0.0225052
-0.9992
0.209242
0.977436
-0.0289388
0.965088
-0.261903
0.00345145
0.00333096
-0.000903993
-0.999994
0.261905
0.965094
-4.37111e-08
0.94546
-0.325665
0.00690286
0.00721344
-0.000253816
-0.999974
0.325658
0.945485
0.00210919
0.918471
-0.395176
0.0157227
0.017928
0.0018884
-0.999837
0.395083
0.918603
0.00881917
0.890765
-0.453738
0.0256914
0.0306346
0.00354631
-0.999524
0.453431
0.891128
0.017059
0.862426
-0.505299
0.0299082
0.0355899
0.00159208
-0.999365
0.504931
0.862943
0.0193566
0.816042
-0.576128
0.0463863
0.0541335
-0.00371916
-0.998527
0.575451
0.817351
0.0281528
0.77633
-0.626478
0.0695482
0.0742019
-0.0187381
-0.997067
0.625943
0.779214
0.0319388
0.737584
-0.666449
0.108697
0.115492
-0.0340933
-0.992723
0.665305
0.744771
0.0518228
0.716608
-0.682792
0.142367
0.144392
-0.0544654
-0.988021
0.682366
0.72858
0.0595595
0.707162
-0.679766
0.194526
0.178933
-0.0941125
-0.97935
0.684036
0.727366
0.0550799
0.715975
-0.659756
0.228259
0.190242
-0.130203
-0.973065
0.671705
0.740114
0.0322907
0.742844
-0.621166
0.24967
0.192762
-0.158688
-0.968329
0.641113
0.767445
0.00185671
0.784449
-0.567228
0.250784
0.176849
-0.182993
-0.967077
0.594445
0.802973
-0.0432351
0.815681
-0.521138
0.251155
0.171784
-0.196369
-0.965365
0.552407
0.830575
-0.0706512
0.85277
-0.458341
0.250413
0.166192
-0.216405
-0.962055
0.49514
0.862028
-0.108371
0.881427
-0.402089
0.247813
0.162464
-0.234555
-0.958431
0.4435
0.885047
-0.141419
0.911096
-0.353055
0.212736
0.134118
-0.234105
-0.962916
0.389765
0.905841
-0.165941
0.931169
-0.318946
0.176627
0.109305
-0.217952
-0.969819
0.347816
0.922372
-0.168088
0.952463
-0.276407
0.128118
0.0750551
-0.19468
-0.977991
0.295266
0.941116
-0.164679
0.96664
-0.240162
0.0890445
0.0467264
-0.176467
-0.983197
0.25184
0.954558
-0.159358
0.978763
-0.199179
0.0484931
0.0170398
-0.156689
-0.987501
0.204288
0.967355
-0.149967
0.986427
-0.163572
0.0143806
-0.00890147
-0.140718
-0.99001
0.163962
0.976444
-0.140264
0.991953
-0.12563
-0.0157227
-0.0302957
-0.114947
-0.99291
0.122932
0.985396
-0.117828
0.995481
-0.0891881
-0.0325913
-0.0398491
-0.0808444
-0.99593
0.0861903
0.992728
-0.0840331
0.997719
-0.0493983
-0.0460032
-0.0481006
-0.0421438
-0.997953
0.0473585
0.99789
-0.0444237
0.998583
-0.0107231
-0.0521317
-0.0522174
-0.0078765
-0.998605
0.0102975
0.999912
-0.00842527
0.999185
0.0203115
-0.034891
-0.0354279
0.0267019
-0.999015
-0.0193598
0.999437
0.0273998
0.998337
0.0542276
-0.019557
-0.0228884
0.0615095
-0.997844
-0.0529077
0.996632
0.0626484
0.996039
0.0886606
-0.00671112
-0.0151582
0.0949479
-0.995367
-0.0876126
0.991526
0.0959157
0.991996
0.125055
0.0174481
0.00058735
0.133613
-0.991033
-0.126265
0.983112
0.13247
0.989439
0.138442
0.0429383
0.0212366
0.154578
-0.987752
-0.143384
0.978233
0.150005
0.988803
0.14106
0.0486846
0.0261361
0.157498
-0.987173
-0.146919
0.977393
0.152048
0.990231
0.123483
0.0647653
0.0438954
0.164799
-0.98535
-0.132347
0.978567
0.157769
0.9909
0.078062
0.10965
0.0938143
0.183618
-0.978511
-0.0965183
0.979893
0.174624
0.990361
0.0416124
0.13211
0.121841
0.191904
-0.973821
-0.0658756
0.980531
0.184985
0.988327
-0.0162993
0.151471
0.151728
0.194683
-0.96906
-0.0136938
0.980731
0.194884
0.983952
-0.0564743
0.169261
0.177059
0.191461
-0.965398
0.0221132
0.979874
0.198388
0.979263
-0.10252
0.174739
0.190855
0.177499
-0.965437
0.0679602
0.978766
0.193385
0.974196
-0.138595
0.178136
0.199971
0.164045
-0.965972
0.104657
0.976668
0.187527
0.964536
-0.186097
0.187185
0.215074
0.142999
-0.966072
0.153015
0.97207
0.177952
0.959642
-0.208354
0.18888
0.218
0.12684
-0.967671
0.177661
0.969794
0.167142
0.956441
-0.245041
0.158669
0.182973
0.079683
-0.979884
0.227468
0.966233
0.121048
0.949422
-0.272172
0.156586
0.179684
0.061962
-0.981771
0.257509
0.960252
0.107733
0.938738
-0.306129
0.15829
0.179196
0.0412476
-0.982948
0.29438
0.951096
0.0935778
0.921403
-0.35583
0.156207
0.168677
0.00408147
-0.985663
0.350091
0.934542
0.0637812
0.908978
-0.38738
0.153934
0.158388
-0.0206171
-0.987162
0.38558
0.92169
0.0426158
0.890844
-0.428046
0.152229
0.144334
-0.0510575
-0.988211
0.430772
0.902313
0.0162974
0.874562
-0.462301
0.146351
0.125978
-0.0748346
-0.989206
0.468264
0.883559
-0.00720784
0.856243
-0.498374
0.135911
0.0965329
-0.104095
-0.989871
0.507474
0.86069
-0.0410215
0.840395
-0.528794
0.118794
0.0591333
-0.128416
-0.989956
0.538738
0.838979
-0.0766507
0.827038
-0.551234
0.110222
0.0316417
-0.150115
-0.988162
0.561255
0.820735
-0.106709
0.815315
-0.568614
0.109269
0.0151545
-0.167695
-0.985723
0.57882
0.80533
-0.128107
0.802785
-0.585188
0.114414
0.000107491
-0.191741
-0.981446
0.596268
0.787902
-0.153864
0.804536
-0.582928
0.113652
-0.0140704
-0.210019
-0.977596
0.593737
0.784912
-0.17717
0.82034
-0.560737
0.112318
-0.0104869
-0.211121
-0.977404
0.571779
0.800626
-0.179071
0.851902
-0.516401
0.0871345
-0.0249387
-0.206196
-0.978193
0.523106
0.831152
-0.188537
0.874363
-0.480589
0.0672526
-0.0310615
-0.19373
-0.980563
0.484277
0.855279
-0.184318
0.896705
-0.440212
0.0461947
-0.0352447
-0.175044
-0.98393
0.441224
0.880666
-0.172478
0.920539
-0.389806
0.0256914
-0.0373196
-0.153215
-0.987488
0.388865
0.908062
-0.155588
0.938105
-0.346044
0.0145723
-0.0344164
-0.135001
-0.990248
0.344637
0.928455
-0.138555
0.950433
-0.31075
0.0105459
-0.0265487
-0.1149
-0.993022
0.309793
0.943521
-0.117455
0.96524
-0.261348
-0.00306796
-0.0282649
-0.0927072
-0.995292
0.259833
0.960782
-0.0968716
0.973775
-0.227512
-0.00076699
-0.018221
-0.0746266
-0.997045
0.226782
0.970912
-0.076815
0.979786
-0.195087
0.0442792
0.0362097
-0.0447396
-0.998342
0.196744
0.979765
-0.0367712
0.975892
-0.202886
0.080447
0.076847
-0.0255727
-0.996715
0.204277
0.978868
-0.00936505
0.963353
-0.239738
0.120317
0.122785
-0.00467353
-0.992422
0.238483
0.970826
0.0249338
0.948811
-0.280286
0.145592
0.150333
-0.00463135
-0.988625
0.277772
0.959906
0.037742
0.93515
-0.31471
0.162643
0.16806
-0.0100408
-0.985726
0.311851
0.949135
0.0435006
0.929681
-0.330234
0.163211
0.166264
-0.0191855
-0.985895
0.328707
0.943704
0.0370698
0.928548
-0.340902
0.14692
0.145746
-0.0292035
-0.988891
0.341405
0.939645
0.0225684
0.928849
-0.343642
0.13838
0.134693
-0.0347029
-0.99028
0.345104
0.938459
0.0140523
0.929424
-0.343449
0.134961
0.130044
-0.0374253
-0.990802
0.345341
0.938425
0.00987947
0.930696
-0.34169
0.13059
0.125492
-0.0370851
-0.991401
0.343595
0.939081
0.00836453
0.931382
-0.340322
0.129259
0.12443
-0.0360755
-0.991572
0.342117
0.939617
0.00874626
0.930934
-0.340968
0.13078
0.127276
-0.032731
-0.991327
0.342291
0.939505
0.0129265
0.93114
-0.340841
0.129639
0.125883
-0.0332153
-0.991489
0.342246
0.939534
0.0119779
0.930546
-0.342243
0.130209
0.126499
-0.0332451
-0.99141
0.343631
0.939023
0.0123572
0.926791
-0.348549
0.139899
0.13606
-0.035601
-0.990061
0.350065
0.936614
0.014429
0.918957
-0.357521
0.166426
0.164571
-0.0358423
-0.985714
0.358378
0.933217
0.0259001
0.898807
-0.387329
0.205235
0.204555
-0.043481
-0.977889
0.387689
0.920916
0.0401492
0.878033
-0.416103
0.236465
0.235399
-0.0547147
-0.970357
0.416707
0.90767
0.049909
0.850904
-0.453769
0.264679
0.261175
-0.071736
-0.962622
0.455796
0.888227
0.0574726
0.82656
-0.483646
0.287898
0.284965
-0.0815092
-0.955066
0.48538
0.87146
0.07045
0.804375
-0.511962
0.301458
0.298166
-0.0910169
-0.950165
0.513885
0.854173
0.0794378
0.7822
-0.540408
0.310038
0.307284
-0.0982655
-0.946531
0.541978
0.835646
0.0891952
0.755332
-0.572182
0.319502
0.319244
-0.104514
-0.941892
0.572326
0.81344
0.103723
0.72861
-0.602646
0.325492
0.328562
-0.109445
-0.93812
0.600978
0.790468
0.118264
0.698323
-0.636101
0.32821
0.334096
-0.115859
-0.935391
0.633029
0.762858
0.131611
0.670142
-0.665277
0.329115
0.34113
-0.117743
-0.932613
0.659197
0.737254
0.148041
0.637584
-0.696456
0.329296
0.346371
-0.12265
-0.930045
0.688124
0.70704
0.163032
0.608224
-0.722568
0.328572
0.351877
-0.125604
-0.927581
0.71151
0.679794
0.17786
0.597886
-0.733963
0.322226
0.346427
-0.125911
-0.929589
0.722856
0.667416
0.178984
0.606581
-0.73595
0.300726
0.323863
-0.116714
-0.938877
0.726066
0.666899
0.167551
0.619
-0.73223
0.28404
0.32514
-0.0902963
-0.941345
0.714928
0.675046
0.182184
0.649424
-0.718465
0.249113
0.310696
-0.0483051
-0.949281
0.694058
0.693884
0.191853
0.671546
-0.705889
0.225271
0.298712
-0.0203125
-0.954127
0.678084
0.708031
0.197216
0.697753
-0.686867
0.203358
0.290342
0.0116519
-0.956852
0.654861
0.72669
0.207557
0.733719
-0.656849
0.173795
0.266622
0.0430675
-0.962839
0.624955
0.752791
0.20673
0.765671
-0.625916
0.148248
0.2412
0.0657271
-0.968247
0.596298
0.777116
0.201297
0.78812
-0.601551
0.130399
0.222564
0.0809871
-0.971548
0.573875
0.794719
0.197711
0.8147
-0.569348
0.110032
0.200419
0.0984063
-0.974756
0.544147
0.816186
0.19428
0.839565
-0.535264
0.0928636
0.179515
0.112008
-0.977358
0.512743
0.837226
0.190126
0.861282
-0.501749
0.0802558
0.158369
0.114992
-0.980661
0.482817
0.857336
0.178502
0.887105
-0.457028
0.064574
0.131042
0.115234
-0.984657
0.442575
0.881956
0.162115
0.900988
-0.430584
0.0530891
0.110409
0.10923
-0.987866
0.41956
0.895917
0.145955
0.912279
-0.407529
0.0408309
0.0889217
0.0997641
-0.99103
0.3998
0.907726
0.127251
0.916645
-0.398773
0.0272248
0.0677254
0.0878276
-0.993831
0.393922
0.912834
0.107514
0.911361
-0.410477
0.0304831
0.0633158
0.0666283
-0.995767
0.406709
0.909433
0.0867122
0.902883
-0.429577
0.0162978
0.0408707
0.0480381
-0.998009
0.427939
0.901752
0.0609299
0.888256
-0.459346
-0.00134223
0.0129867
0.0280336
-0.999523
0.459165
0.887815
0.0308664
0.873827
-0.485983
-0.0157227
-0.00889371
0.0163552
-0.999827
0.486156
0.873815
0.00996946
0.858109
-0.512766
-0.0268414
-0.0284494
0.00471476
-0.999584
0.512679
0.858515
-0.0105421
0.839001
-0.542858
-0.0371905
-0.0472497
-0.0045942
-0.998873
0.542075
0.839812
-0.0295044
0.819043
-0.571915
-0.0456201
-0.0635922
-0.0114702
-0.99791
0.570197
0.820232
-0.0457639
0.802513
-0.594707
-0.0479185
-0.0717578
-0.0164755
-0.997286
0.592304
0.803773
-0.0558967
0.780391
-0.624092
-0.0387233
-0.0686028
-0.0239003
-0.997358
0.621517
0.780986
-0.061466
0.76177
-0.647235
-0.0281832
-0.0639857
-0.031876
-0.997442
0.644681
0.761624
-0.065696
0.742913
-0.668939
-0.0245412
-0.0716258
-0.0429879
-0.996505
0.665546
0.742074
-0.0798495
0.720826
-0.692901
-0.0172564
-0.073571
-0.0517323
-0.995947
0.6892
0.719174
-0.0882674
0.701908
-0.712212
-0.00882027
-0.0723057
-0.0589293
-0.99564
0.708588
0.699486
-0.09286
0.674961
-0.737852
0.00172573
-0.0710222
-0.0672963
-0.995202
0.734428
0.6716
-0.0978262
0.64908
-0.760684
0.00747809
-0.0793123
-0.0774461
-0.993837
0.756575
0.644486
-0.1106
0.626903
-0.778995
0.012655
-0.0871936
-0.0862924
-0.992447
0.774203
0.621064
-0.12202
0.612412
-0.79003
0.0283748
-0.0681747
-0.0885386
-0.993737
0.787594
0.606642
-0.108082
0.601048
-0.798198
0.0402561
-0.0572591
-0.0932474
-0.993995
0.797159
0.595134
-0.10175
0.594366
-0.802696
0.0490677
-0.0501759
-0.0979108
-0.993929
0.802628
0.588296
-0.0984709
0.59769
-0.799785
0.0557696
-0.040839
-0.0998434
-0.994165
0.800687
0.591925
-0.0923378
0.608384
-0.791708
0.0553867
-0.0354713
-0.0968432
-0.994667
0.79285
0.603175
-0.0870008
0.624608
-0.779197
0.0521317
-0.0250311
-0.0866965
-0.99592
0.780538
0.620755
-0.0736555
0.641982
-0.76535
0.0458116
-0.0218575
-0.0779947
-0.996714
0.766408
0.638872
-0.0667998
0.658914
-0.751251
0.0381485
-0.0212816
-0.0693122
-0.997368
0.751917
0.656368
-0.0616586
0.684142
-0.728862
0.0266498
-0.0195168
-0.0548209
-0.998305
0.729088
0.682462
-0.0517303
0.707058
-0.706787
0.022816
-0.0115231
-0.0437757
-0.998975
0.707061
0.70607
-0.0390964
0.737454
-0.674856
0.0270331
0.011139
-0.0278673
-0.99955
0.675306
0.737423
-0.0130337
0.757903
-0.651494
0.0337412
0.0288366
-0.0182138
-0.999418
0.651729
0.758435
0.00498255
0.787002
-0.614425
0.0557696
0.0615206
-0.0117887
-0.998036
0.613876
0.788887
0.028522
0.806393
-0.587344
0.0689743
0.0787343
-0.00896688
-0.996855
0.586116
0.809287
0.0390133
0.825915
-0.557604
0.0833135
0.0939719
-0.00955551
-0.995529
0.555907
0.830052
0.0445071
0.845609
-0.523738
0.103168
0.117536
-0.00584592
-0.993051
0.520701
0.85186
0.0566146
0.863082
-0.490242
0.121459
0.136445
-0.00521907
-0.990634
0.486285
0.871571
0.0623864
0.884453
-0.444984
0.140468
0.155846
-0.00205312
-0.987779
0.439834
0.895536
0.0675329
0.900813
-0.405934
0.154124
0.170971
0.00532216
-0.985262
0.399131
0.913887
0.0741971
0.918375
-0.365021
0.152797
0.167749
0.00940107
-0.985785
0.358395
0.930952
0.0698657
0.932588
-0.327446
0.15185
0.166705
0.0176105
-0.98585
0.320138
0.944706
0.0710103
0.950778
-0.275721
0.141418
0.154555
0.0263985
-0.987632
0.268577
0.960875
0.067713
0.964983
-0.22995
0.126216
0.13809
0.0362296
-0.989757
0.223022
0.972528
0.0667147
0.976339
-0.186045
0.110222
0.120239
0.0434084
-0.991796
0.179734
0.981582
0.0647511
0.983981
-0.152522
0.0922908
0.100225
0.0451618
-0.993939
0.14743
0.987268
0.0597249
0.989639
-0.127458
0.0661047
0.0723235
0.044792
-0.996375
0.124035
0.990832
0.0535461
0.993673
-0.105569
0.0383401
0.0432436
0.044557
-0.998071
0.103657
0.993413
0.0488403
0.996679
-0.0814024
0.00191747
0.00584075
0.0479854
-0.998831
0.0812152
0.995526
0.0483015
0.997821
-0.0593822
-0.0287582
-0.0253963
0.0566125
-0.998073
0.0608958
0.996629
0.0549811
0.996819
-0.0395863
-0.0691656
-0.0664973
0.0651591
-0.995657
0.0439211
0.997089
0.0623194
0.99455
-0.0394962
-0.0964904
-0.0936772
0.0677706
-0.993293
0.0457705
0.996919
0.0637013
0.99116
-0.042598
-0.125645
-0.122456
0.0706625
-0.989955
0.0510485
0.99659
0.0648215
0.986805
-0.0496167
-0.154124
-0.149888
0.0800451
-0.985457
0.061232
0.995556
0.0715519
0.982775
-0.0573522
-0.175683
-0.170199
0.0895589
-0.981332
0.0720155
0.994329
0.078255
0.976141
-0.07144
-0.205047
-0.197812
0.0968638
-0.975442
0.0895472
0.99273
0.0804211
0.97375
-0.0789658
-0.213485
-0.204801
0.10537
-0.973115
0.0993378
0.991293
0.0864319
0.968647
-0.0976543
-0.228445
-0.217643
0.109902
-0.969821
0.119814
0.989134
0.0852024
0.967607
-0.116519
-0.223963
-0.21112
0.112994
-0.970907
0.138435
0.98674
0.0847349
0.964519
-0.149506
-0.217604
-0.20231
0.111026
-0.973008
0.16963
0.982508
0.0768402
0.960478
-0.175209
-0.216294
-0.199675
0.107704
-0.973925
0.193936
0.978622
0.0684622
0.953103
-0.2171
-0.210862
-0.191904
0.10523
-0.975756
0.234026
0.970461
0.0586323
0.945453
-0.251133
-0.207487
-0.187388
0.101732
-0.977004
0.266466
0.962592
0.0491239
0.932403
-0.294204
-0.209924
-0.19087
0.0923916
-0.977258
0.306908
0.951266
0.0299913
0.919201
-0.333874
-0.208799
-0.191391
0.0846132
-0.97786
0.34415
0.938812
0.0138761
0.906159
-0.375547
-0.194526
-0.179558
0.0748306
-0.980897
0.382929
0.923778
0.000376128
0.891167
-0.414611
-0.184171
-0.173113
0.0644675
-0.98279
0.419348
0.907712
-0.014323
0.881505
-0.439695
-0.172095
-0.16202
0.0606747
-0.98492
0.443506
0.896096
-0.0177544
0.864786
-0.478569
-0.152039
-0.145977
0.0501054
-0.988018
0.480453
0.876619
-0.0265294
0.851349
-0.507841
-0.13154
-0.130579
0.0377112
-0.99072
0.508089
0.860625
-0.0342079
0.837183
-0.53578
-0.109841
-0.115987
0.0223408
-0.992999
0.534483
0.844062
-0.0434401
0.823104
-0.562163
-0.080447
-0.0937031
0.00527333
-0.995586
0.560106
0.827009
-0.0483359
0.803708
-0.592495
-0.0548123
-0.0825707
-0.0198286
-0.996388
0.589268
0.80533
-0.0648591
0.786062
-0.617338
-0.0316331
-0.0727199
-0.0415338
-0.996487
0.613856
0.785601
-0.0775409
0.770289
-0.637617
-0.00997071
-0.0607787
-0.057843
-0.996474
0.634792
0.768179
-0.0833094
0.753424
-0.657505
0.00632763
-0.0534229
-0.0708022
-0.996059
0.655361
0.750117
-0.0884699
0.742968
-0.669247
0.0103542
-0.0552595
-0.0767487
-0.995518
0.667042
0.739066
-0.094004
0.735649
-0.677363
-0
-0.0675564
-0.0733695
-0.995014
0.673986
0.731981
-0.0997344
0.708946
-0.70515
0.012655
-0.0484629
-0.0666094
-0.996602
0.703596
0.705923
-0.081396
0.677821
-0.734166
0.0394897
-0.0211358
-0.0731462
-0.997097
0.734923
0.675019
-0.0650972
0.643485
-0.762379
0.0685917
0.000527787
-0.0891668
-0.996017
0.765458
0.640958
-0.0569752
0.618236
-0.780712
0.0909542
0.0129575
-0.10558
-0.994326
0.785886
0.615907
-0.0551571
0.586969
-0.801993
0.110794
0.0156736
-0.125566
-0.991961
0.809458
0.583987
-0.0611335
0.555055
-0.821799
0.128688
0.0158143
-0.144254
-0.989414
0.831664
0.551214
-0.0670729
0.518284
-0.841483
0.152608
0.0248826
-0.163532
-0.986224
0.854847
0.514941
-0.0638177
0.475904
-0.86036
0.182474
0.0427536
-0.184599
-0.981883
0.878457
0.475084
-0.0510682
0.443311
-0.872776
0.204297
0.0591246
-0.198949
-0.978225
0.894416
0.445737
-0.0365936
0.400982
-0.887097
0.228632
0.0880542
-0.211097
-0.973491
0.911844
0.410484
-0.00653336
0.373394
-0.895135
0.243538
0.110554
-0.217717
-0.96973
0.921062
0.389015
0.0176665
0.334886
-0.905182
0.26172
0.144046
-0.225312
-0.963579
0.931183
0.360389
0.0549344
0.316811
-0.910109
0.267082
0.1787
-0.219271
-0.959159
0.931503
0.3516
0.0931693
0.314398
-0.912181
0.26283
0.206419
-0.204553
-0.956843
0.926577
0.355083
0.12398
0.333319
-0.909511
0.24837
0.227226
-0.178175
-0.957404
0.915023
0.375557
0.147275
0.356598
-0.90374
0.236837
0.23585
-0.158211
-0.958824
0.903998
0.397773
0.156729
0.405089
-0.888004
0.217604
0.232171
-0.130293
-0.963909
0.884307
0.44099
0.153388
0.434271
-0.876516
0.207674
0.239205
-0.110056
-0.964712
0.868441
0.468623
0.161873
0.479675
-0.85629
0.191516
0.247676
-0.0772566
-0.965758
0.841765
0.510684
0.175024
0.510457
-0.840278
0.182663
0.240821
-0.064228
-0.968442
0.825493
0.538337
0.169571
0.550667
-0.81699
0.171151
0.238932
-0.0421853
-0.97012
0.799798
0.575106
0.171975
0.584653
-0.794345
0.164913
0.236535
-0.0275422
-0.971233
0.776036
0.606842
0.171788
0.620066
-0.768687
0.156965
0.230596
-0.0126664
-0.972967
0.749895
0.639499
0.169402
0.650426
-0.744159
0.152229
0.230623
0.00252451
-0.97304
0.723712
0.667997
0.173262
0.676469
-0.720964
0.150333
0.231796
0.0146759
-0.972654
0.699042
0.692817
0.177045
0.693627
-0.705972
0.143126
0.222753
0.0212627
-0.974643
0.685028
0.70792
0.172006
0.70136
-0.698676
0.141228
0.224822
0.0288109
-0.973974
0.676423
0.714858
0.177285
0.713767
-0.6848
0.14692
0.236517
0.0382259
-0.970875
0.659239
0.727728
0.189251
0.729611
-0.667936
0.14673
0.235298
0.043731
-0.970939
0.642108
0.742933
0.189071
0.748936
-0.644785
0.152797
0.239198
0.0480221
-0.969783
0.617964
0.762854
0.190197
0.767243
-0.622797
0.153176
0.235482
0.0513995
-0.970519
0.596562
0.780694
0.186093
0.782942
-0.602603
0.154502
0.231234
0.0513393
-0.971543
0.577523
0.796388
0.179538
0.801945
-0.577074
0.154502
0.225329
0.0526671
-0.972858
0.553274
0.814992
0.172268
0.819282
-0.553126
0.151091
0.220667
0.0609435
-0.973443
0.529229
0.830866
0.171986
0.831152
-0.535071
0.151281
0.216104
0.0601587
-0.974515
0.512334
0.842663
0.165632
0.8418
-0.516922
0.15545
0.214958
0.0568629
-0.974967
0.495142
0.854142
0.158984
0.849172
-0.503237
0.160183
0.212972
0.0487578
-0.975841
0.483269
0.862772
0.148579
0.862645
-0.479331
0.161508
0.208623
0.046295
-0.9769
0.460781
0.876412
0.139936
0.87053
-0.463593
0.165102
0.210137
0.0468085
-0.976551
0.444994
0.884811
0.138166
0.880115
-0.444706
0.166237
0.208043
0.0465162
-0.977013
0.426751
0.894468
0.133458
0.888226
-0.426788
0.170017
0.210215
0.0485138
-0.976451
0.40849
0.903049
0.132809
0.895302
-0.410078
0.173984
0.21271
0.050389
-0.975815
0.391394
0.910657
0.132341
0.906817
-0.381947
0.178325
0.21606
0.0579139
-0.974661
0.361941
0.922368
0.135041
0.922763
-0.347034
0.16756
0.205353
0.0748723
-0.97582
0.326097
0.934859
0.140354
0.941339
-0.304982
0.144454
0.181868
0.0979079
-0.978437
0.284262
0.947312
0.147631
0.94977
-0.278788
0.142177
0.180952
0.118559
-0.97632
0.25533
0.953006
0.163051
0.962909
-0.237471
0.128118
0.167053
0.151789
-0.974194
0.211896
0.959462
0.18583
0.973188
-0.198433
0.116319
0.153407
0.183155
-0.971041
0.171383
0.962849
0.208686
0.983347
-0.157448
0.0907633
0.122959
0.208642
-0.970232
0.133824
0.965235
0.224527
0.989516
-0.132654
0.0571097
0.0860173
0.223664
-0.970863
0.116015
0.965597
0.232729
0.992901
-0.11802
0.014764
0.0417928
0.229971
-0.9723
0.111355
0.966015
0.233271
0.993309
-0.112277
-0.0270331
0.000149047
0.235328
-0.971916
0.115486
0.965409
0.23377
0.990741
-0.119112
-0.065148
-0.034748
0.241407
-0.969802
0.131242
0.963086
0.235033
0.984074
-0.144624
-0.103359
-0.0659917
0.242673
-0.967861
0.165058
0.959267
0.229264
0.976501
-0.180067
-0.118413
-0.0719047
0.245746
-0.966664
0.203164
0.952462
0.227024
0.966126
-0.209762
-0.150333
-0.0962568
0.247593
-0.964071
0.239447
0.945885
0.219015
0.951287
-0.246833
-0.184736
-0.122215
0.2482
-0.960968
0.28305
0.936734
0.205943
0.935426
-0.286503
-0.207111
-0.136781
0.246912
-0.959336
0.325991
0.925716
0.19178
0.918932
-0.32721
-0.220224
-0.143123
0.243659
-0.959242
0.367533
0.912997
0.177075
0.902216
-0.360804
-0.236278
-0.155841
0.2381
-0.958656
0.402144
0.901737
0.15859
0.888851
-0.390539
-0.239631
-0.154935
0.236005
-0.959321
0.431206
0.889821
0.149265
0.873429
-0.426917
-0.234228
-0.145151
0.230889
-0.962092
0.464814
0.874318
0.139698
0.857611
-0.461791
-0.226392
-0.135997
0.220899
-0.965768
0.495993
0.859042
0.126643
0.842244
-0.491307
-0.221907
-0.132269
0.210717
-0.968557
0.522619
0.845113
0.11249
0.828801
-0.517294
-0.213298
-0.124413
0.20129
-0.971599
0.545536
0.831799
0.102471
0.809925
-0.551797
-0.19885
-0.112223
0.186976
-0.975934
0.575697
0.812749
0.0895122
0.797769
-0.572677
-0.188692
-0.105194
0.175953
-0.978762
0.593716
0.800675
0.0801279
0.774708
-0.608181
-0.17304
-0.0965493
0.156675
-0.98292
0.624905
0.778183
0.0626576
0.751905
-0.643336
-0.144075
-0.0696522
0.139794
-0.987728
0.655581
0.752713
0.0603022
0.732438
-0.670524
-0.118032
-0.0480945
0.121975
-0.991367
0.679133
0.731792
0.0570907
0.714361
-0.69304
-0.0968721
-0.0288445
0.109153
-0.993606
0.699183
0.712588
0.0579843
0.70236
-0.708583
-0.0678265
0.0119976
0.107057
-0.994181
0.711721
0.697459
0.0836935
0.692739
-0.720381
-0.0341244
0.0600744
0.104792
-0.992678
0.718682
0.685617
0.11587
0.679892
-0.733299
-0.00441018
0.0920919
0.091348
-0.991552
0.727507
0.673742
0.129638
0.65671
-0.753388
0.0337412
0.140219
0.0780197
-0.987042
0.740993
0.652932
0.156875
0.631415
-0.773002
0.0615121
0.166536
0.0577027
-0.984346
0.757351
0.631775
0.165167
0.600456
-0.794555
0.0901904
0.190567
0.0326451
-0.981131
0.776619
0.606314
0.171018
0.576082
-0.81003
0.10946
0.205773
0.0141177
-0.978498
0.791067
0.586219
0.174815
0.542316
-0.830113
0.129639
0.217346
-0.0104356
-0.976039
0.811575
0.557498
0.174762
0.507905
-0.848494
0.148627
0.233848
-0.0302458
-0.971803
0.829064
0.528339
0.183057
0.474919
-0.86444
0.164913
0.245952
-0.0495479
-0.968015
0.844961
0.500289
0.189079
0.440484
-0.878864
0.183228
0.258231
-0.0714361
-0.963438
0.85982
0.471694
0.195484
0.418879
-0.886086
0.198474
0.264238
-0.0901693
-0.960233
0.868745
0.454666
0.196368
0.419297
-0.883022
0.210862
0.263442
-0.103926
-0.959061
0.868786
0.457681
0.189049
0.437758
-0.873426
0.213298
0.239869
-0.115183
-0.963948
0.866505
0.473139
0.159085
0.466079
-0.859248
0.210862
0.222851
-0.116633
-0.96785
0.856217
0.498085
0.137125
0.518075
-0.830763
0.203546
0.188119
-0.121475
-0.974605
0.834391
0.54321
0.0933492
0.557466
-0.805568
0.200729
0.16537
-0.12919
-0.977734
0.813563
0.578247
0.0611976
0.592441
-0.780831
0.198286
0.149246
-0.135493
-0.979473
0.791669
0.609873
0.0362642
0.636319
-0.746888
0.193021
0.133343
-0.139956
-0.981138
0.759814
0.650055
0.0105357
0.667775
-0.720785
0.185867
0.121533
-0.140773
-0.982554
0.734375
0.678714
-0.00640572
0.712172
-0.682222
0.16548
0.0982223
-0.13657
-0.985749
0.695099
0.718277
-0.0302519
0.739712
-0.655347
0.152797
0.0919288
-0.126523
-0.987695
0.666615
0.744656
-0.033345
0.767335
-0.627768
0.13078
0.0785783
-0.110356
-0.990781
0.636413
0.770538
-0.0353513
0.792627
-0.60187
0.0974447
0.0540141
-0.0898773
-0.994487
0.60731
0.793521
-0.0387297
0.819452
-0.5701
0.0590239
0.024544
-0.0679826
-0.997385
0.572621
0.818758
-0.041716
0.844067
-0.536088
0.012655
-0.0175897
-0.0512664
-0.99853
0.535949
0.842604
-0.052702
0.860306
-0.508944
-0.0291415
-0.0590727
-0.0427487
-0.997338
0.506343
0.859737
-0.0668416
0.869328
-0.490049
-0.0641913
-0.0966363
-0.0411641
-0.994468
0.484696
0.870722
-0.0831417
0.870359
-0.483398
-0.0938181
-0.132036
-0.0455522
-0.990198
0.474386
0.874214
-0.103473
0.864384
-0.489011
-0.11708
-0.160772
-0.0481571
-0.985816
0.476437
0.870947
-0.120246
0.852994
-0.507271
-0.122791
-0.171763
-0.0506753
-0.983834
0.492848
0.860295
-0.130356
0.836947
-0.526177
-0.150523
-0.210461
-0.0555538
-0.976023
0.505198
0.848559
-0.157235
0.823635
-0.537408
-0.181154
-0.24575
-0.0503267
-0.968026
0.511108
0.841819
-0.173519
0.804672
-0.55343
-0.214983
-0.287576
-0.0465193
-0.956628
0.519425
0.831596
-0.196586
0.785522
-0.577463
-0.222468
-0.3058
-0.0496846
-0.950799
0.537997
0.814904
-0.215617
0.760636
-0.608771
-0.225458
-0.32635
-0.0583575
-0.943446
0.561186
0.791197
-0.243061
0.739331
-0.636763
-0.218914
-0.339621
-0.0719149
-0.937809
0.581419
0.767699
-0.269427
0.714078
-0.667437
-0.211236
-0.351599
-0.0809989
-0.93264
0.605369
0.740248
-0.29251
0.686761
-0.697912
-0.20317
-0.367106
-0.0917755
-0.925641
0.62737
0.710279
-0.319236
0.661282
-0.725129
-0.19208
-0.373909
-0.0966462
-0.922416
0.650307
0.681798
-0.335042
0.639745
-0.745681
-0.186244
-0.388072
-0.104229
-0.915716
0.66342
0.658101
-0.356058
0.641336
-0.744641
-0.184925
-0.386815
-0.105651
-0.916085
0.662617
0.65905
-0.355797
0.662656
-0.71774
-0.21386
-0.392712
-0.0898592
-0.915261
0.637702
0.690488
-0.341411
0.689238
-0.675111
-0.263015
-0.415272
-0.0706246
-0.906952
0.593717
0.734328
-0.329032
0.711513
-0.634026
-0.30292
-0.432407
-0.055266
-0.899983
0.553872
0.771334
-0.31348
0.730917
-0.601022
-0.323315
-0.437059
-0.0483751
-0.898131
0.524156
0.797767
-0.29804
0.771309
-0.544324
-0.329839
-0.417026
-0.0407256
-0.907982
0.480803
0.837886
-0.258409
0.799891
-0.499462
-0.332734
-0.405784
-0.041625
-0.91302
0.442169
0.865335
-0.23597
0.820913
-0.46629
-0.329658
-0.392292
-0.0409725
-0.918928
0.41498
0.883683
-0.216557
0.848413
-0.426647
-0.313318
-0.364916
-0.0426443
-0.930063
0.383448
0.903412
-0.19187
0.874059
-0.386241
-0.294685
-0.337097
-0.04538
-0.940376
0.349839
0.921281
-0.169866
0.890555
-0.35337
-0.286429
-0.322554
-0.0465834
-0.945404
0.320735
0.934323
-0.155466
0.91224
-0.311095
-0.266528
-0.295046
-0.0475936
-0.954297
0.284192
0.949186
-0.135204
0.92913
-0.278544
-0.243166
-0.265931
-0.0464801
-0.962871
0.2569
0.959298
-0.11726
0.943879
-0.250908
-0.214796
-0.233701
-0.0477842
-0.971134
0.233402
0.966831
-0.10374
0.957144
-0.232937
-0.172095
-0.187733
-0.0465452
-0.981117
0.220528
0.971377
-0.0882804
0.9643
-0.231547
-0.128498
-0.142041
-0.0427287
-0.988938
0.223495
0.971885
-0.0740925
0.967578
-0.240789
-0.0762415
-0.0871559
-0.034992
-0.99558
0.237057
0.969947
-0.0548437
0.961924
-0.271569
-0.0308665
-0.0422765
-0.036264
-0.998448
0.270028
0.961735
-0.0463642
0.951075
-0.308942
0.00345145
-0.0134787
-0.0526494
-0.998522
0.308667
0.949622
-0.0542376
0.936421
-0.349713
0.0285665
0.0031046
-0.0731531
-0.997316
0.350864
0.933996
-0.0674164
0.917115
-0.394593
0.0565354
0.0237855
-0.0874038
-0.995889
0.397912
0.914689
-0.0707737
0.897948
-0.434006
0.0729909
0.0331057
-0.0987695
-0.99456
0.438854
0.89548
-0.0743219
0.870445
-0.48432
0.0880896
0.0388361
-0.110826
-0.993081
0.490732
0.867843
-0.077659
0.846691
-0.521492
0.105647
0.0538722
-0.113514
-0.992075
0.529351
0.845672
-0.0680177
0.823431
-0.553631
0.124314
0.0677831
-0.121541
-0.990269
0.563353
0.823845
-0.0625541
0.800772
-0.582311
0.140279
0.0752385
-0.134555
-0.988046
0.594225
0.801754
-0.0639355
0.776473
-0.610289
0.156965
0.0840859
-0.146518
-0.985628
0.624516
0.778511
-0.0624506
0.75274
-0.636587
0.167749
0.0853705
-0.15827
-0.983698
0.652759
0.75479
-0.0647908
0.721788
-0.66742
0.183228
0.0851432
-0.177101
-0.980503
0.686857
0.723316
-0.0710031
0.692506
-0.694901
0.193774
0.0781185
-0.194791
-0.977729
0.71717
0.692221
-0.0806096
0.657778
-0.72407
0.207487
0.0719032
-0.213848
-0.974217
0.749772
0.655737
-0.0886013
0.624832
-0.751904
0.210299
0.0396987
-0.238408
-0.970353
0.77975
0.614656
-0.119115
0.602242
-0.772617
0.200917
-0.00609606
-0.25612
-0.966626
0.798291
0.580918
-0.158956
0.581035
-0.790382
0.19415
-0.0436212
-0.268449
-0.962306
0.812709
0.550665
-0.190456
0.556945
-0.808123
0.191704
-0.0748982
-0.278744
-0.95744
0.827166
0.518883
-0.215772
0.527874
-0.826923
0.193774
-0.113844
-0.294982
-0.948697
0.841659
0.478732
-0.249853
0.512646
-0.836274
0.194526
-0.143547
-0.306852
-0.94087
0.846516
0.454409
-0.277351
0.510714
-0.837803
0.193021
-0.16177
-0.314141
-0.935492
0.844394
0.446544
-0.295968
0.519264
-0.83445
0.184548
-0.179676
-0.317712
-0.931008
0.835513
0.45028
-0.314907
0.532661
-0.827409
0.177948
-0.185931
-0.319527
-0.929157
0.825652
0.46184
-0.324041
0.547958
-0.819397
0.168316
-0.198185
-0.322652
-0.925537
0.81269
0.473798
-0.339192
0.559107
-0.812259
0.166237
-0.196334
-0.324512
-0.925281
0.805514
0.484693
-0.340911
0.564751
-0.809114
0.162454
-0.200854
-0.325693
-0.923895
0.800446
0.489141
-0.346449
0.575242
-0.802966
0.156018
-0.195025
-0.319866
-0.927174
0.794394
0.502922
-0.340599
0.586711
-0.795863
0.149575
-0.194391
-0.317723
-0.928043
0.786118
0.515417
-0.34112
0.596557
-0.789394
0.144833
-0.197314
-0.31918
-0.926926
0.777938
0.524386
-0.346167
0.598755
-0.787271
0.147299
-0.193892
-0.320916
-0.927048
0.777109
0.526515
-0.344796
0.600358
-0.78562
0.149575
-0.191263
-0.322651
-0.926992
0.776524
0.527919
-0.343966
0.601599
-0.784122
0.152418
-0.187979
-0.324422
-0.927046
0.776365
0.529058
-0.342571
0.60304
-0.782267
0.156207
-0.18283
-0.326144
-0.927472
0.776477
0.530743
-0.3397
0.607975
-0.77874
0.154692
-0.187476
-0.330136
-0.925129
0.771504
0.533454
-0.346709
0.615055
-0.773947
0.150712
-0.19442
-0.334101
-0.922268
0.764139
0.537943
-0.355961
0.632931
-0.761947
0.13724
-0.188695
-0.323739
-0.927139
0.750861
0.560919
-0.34868
0.667808
-0.734262
0.12203
-0.157586
-0.2997
-0.940929
0.727461
0.60913
-0.315851
0.703831
-0.702752
0.10374
-0.145003
-0.285091
-0.947469
0.695411
0.651815
-0.302557
0.736903
-0.67021
0.0882806
-0.132563
-0.271326
-0.953315
0.662874
0.690798
-0.288786
0.771662
-0.631308
0.0773886
-0.112597
-0.255345
-0.960271
0.625988
0.732291
-0.268123
0.801326
-0.594542
0.066296
-0.10151
-0.244348
-0.96436
0.589552
0.766037
-0.256155
0.832427
-0.551604
0.0528976
-0.0924909
-0.232427
-0.968206
0.546361
0.801068
-0.244497
0.858184
-0.510804
0.0509827
-0.0729252
-0.219619
-0.972856
0.508135
0.831172
-0.225724
0.881543
-0.46859
0.0574926
-0.046735
-0.207799
-0.977055
0.469785
0.858629
-0.205083
0.899947
-0.42945
0.0752855
-0.0121995
-0.197409
-0.980245
0.435829
0.88125
-0.182896
0.913811
-0.394418
0.0968721
0.0212825
-0.191688
-0.981225
0.405582
0.898716
-0.166772
0.917378
-0.374643
0.134391
0.0706007
-0.179127
-0.981289
0.391706
0.909701
-0.137877
0.913161
-0.369045
0.17304
0.118829
-0.165057
-0.9791
0.389893
0.914638
-0.10687
0.907292
-0.373776
0.192645
0.144102
-0.154018
-0.977504
0.395038
0.914642
-0.0858772
0.894037
-0.38853
0.223028
0.182551
-0.13868
-0.973367
0.409112
0.91094
-0.0530584
0.87821
-0.410633
0.245212
0.208949
-0.131774
-0.969008
0.430219
0.902229
-0.029924
0.8552
-0.443292
0.26856
0.239755
-0.121037
-0.963259
0.459511
0.888168
0.00277057
0.840426
-0.472271
0.265789
0.238824
-0.11749
-0.963929
0.486464
0.873588
0.0140482
0.836482
-0.485799
0.253568
0.231149
-0.10675
-0.967044
0.496857
0.867527
0.0229975
0.844048
-0.488031
0.222281
0.207883
-0.0843224
-0.974512
0.494335
0.868744
0.0302812
0.860125
-0.483775
0.161697
0.152829
-0.0580218
-0.986548
0.486649
0.873267
0.0240291
0.875379
-0.470926
0.109269
0.115852
-0.0150902
-0.993152
0.46935
0.882044
0.0413482
0.894509
-0.443186
0.0586411
0.0768004
0.0231201
-0.996778
0.440403
0.896131
0.054718
0.904628
-0.42616
0.00594414
0.0280762
0.0456704
-0.998562
0.425276
0.903494
0.0532796
0.900031
-0.434799
-0.0299082
-0.00655647
0.0551083
-0.998459
0.435777
0.89884
0.0467484
0.884661
-0.46158
-0.065722
-0.0450296
0.0557157
-0.997431
0.464056
0.885347
0.0285047
0.867688
-0.488248
-0.0934363
-0.0760653
0.0553429
-0.995566
0.491254
0.870948
0.0108816
0.84064
-0.525803
-0.129829
-0.118192
0.0558344
-0.99142
0.528541
0.848772
-0.0152093
0.810536
-0.567595
-0.144454
-0.139577
0.0523394
-0.988827
0.568814
0.821643
-0.0368004
0.78023
-0.608897
-0.143126
-0.146502
0.0445601
-0.988206
0.608094
0.791996
-0.0544375
0.758298
-0.635572
-0.145023
-0.156644
0.0382996
-0.986912
0.632808
0.771091
-0.0705162
0.733511
-0.664559
-0.142556
-0.164506
0.0299181
-0.985922
0.659469
0.746636
-0.0873789
0.7113
-0.690865
-0.129449
-0.159259
0.0209694
-0.987014
0.684608
0.722679
-0.0951108
0.685745
-0.719708
-0.108507
-0.150508
0.00563943
-0.988593
0.71211
0.694254
-0.104455
0.660465
-0.745489
-0.0896175
-0.14496
-0.00948906
-0.989392
0.736731
0.66645
-0.114333
0.635359
-0.769061
-0.0697395
-0.140203
-0.0260736
-0.98978
0.759383
0.638643
-0.12439
0.607652
-0.792957
-0.0444708
-0.12927
-0.0435034
-0.990655
0.783612
0.607723
-0.128941
0.583717
-0.811833
-0.0141888
-0.113469
-0.0642572
-0.991461
0.80399
0.580343
-0.129626
0.558091
-0.829376
0.025883
-0.0948083
-0.0947232
-0.990979
0.824346
0.550602
-0.131496
0.531214
-0.84496
0.0620863
-0.0844244
-0.125707
-0.988469
0.843021
0.519847
-0.138113
0.504958
-0.857691
0.0968721
-0.073542
-0.154575
-0.98524
0.860005
0.49038
-0.14113
0.485903
-0.865072
0.124694
-0.0631809
-0.177061
-0.98217
0.871726
0.469361
-0.14069
0.463081
-0.873603
0.149575
-0.0622125
-0.200383
-0.977741
0.88413
0.443468
-0.147142
0.442148
-0.880498
0.170962
-0.0526617
-0.21576
-0.975025
0.895395
0.422102
-0.141767
0.445131
-0.878025
0.175872
-0.0510083
-0.220946
-0.973951
0.894012
0.424565
-0.143136
0.46611
-0.868422
0.169072
-0.0437558
-0.213495
-0.975964
0.883644
0.447508
-0.137511
0.492593
-0.854962
0.162454
-0.0404149
-0.208946
-0.977092
0.869321
0.474743
-0.137478
0.520569
-0.838696
0.159994
-0.0398984
-0.211076
-0.976655
0.852887
0.502032
-0.143342
0.563008
-0.810252
0.162832
-0.0306454
-0.217358
-0.975611
0.825883
0.544286
-0.147205
0.602924
-0.780568
0.164913
-0.0200743
-0.221488
-0.974957
0.797546
0.584514
-0.14921
0.638935
-0.751417
0.164724
-0.0130167
-0.224663
-0.97435
0.76915
0.620402
-0.153326
0.681679
-0.714616
0.156965
-0.00910309
-0.222802
-0.974821
0.731595
0.663086
-0.158385
0.712643
-0.685561
0.148817
-0.0066692
-0.218743
-0.97576
0.701495
0.694376
-0.160458
0.748782
-0.648412
0.13743
-0.00561449
-0.21354
-0.976918
0.662792
0.730727
-0.163536
0.772917
-0.62128
0.128878
-0.00667736
-0.211069
-0.977448
0.634471
0.754626
-0.167288
0.800212
-0.588025
0.117842
-0.00916781
-0.208467
-0.977986
0.599647
0.781516
-0.172209
0.823569
-0.557861
0.102596
-0.0155571
-0.203023
-0.97905
0.567003
0.804719
-0.175882
0.842924
-0.530836
0.0877076
-0.0211758
-0.195621
-0.980451
0.537616
0.824588
-0.176134
0.862662
-0.501003
0.0693569
-0.03122
-0.189613
-0.981362
0.504817
0.844419
-0.179213
0.880424
-0.471248
0.0527062
-0.0396974
-0.18401
-0.982122
0.472522
0.862592
-0.180714
0.897411
-0.439492
0.0387233
-0.0443802
-0.177247
-0.983165
0.438957
0.880585
-0.178568
0.908575
-0.417001
0.0245412
-0.053788
-0.175051
-0.983089
0.414245
0.89189
-0.181477
0.922774
-0.385339
0.00115049
-0.0715227
-0.174208
-0.982108
0.378645
0.906182
-0.188315
0.933419
-0.358621
-0.0109294
-0.0774233
-0.171586
-0.982122
0.350334
0.917578
-0.187928
0.941385
-0.336426
-0.0247329
-0.0867473
-0.170578
-0.981518
0.325989
0.926132
-0.189764
0.947583
-0.317883
-0.032208
-0.089471
-0.167224
-0.981851
0.306728
0.933267
-0.1869
0.95081
-0.307648
-0.0362324
-0.0910343
-0.165701
-0.981965
0.296095
0.936961
-0.185556
0.950678
-0.309015
-0.0268414
-0.0783451
-0.155493
-0.984725
0.300121
0.93826
-0.172033
0.95232
-0.304912
-0.0107377
-0.0537066
-0.132888
-0.989675
0.300337
0.943064
-0.142928
0.958628
-0.284185
-0.0164895
-0.0496229
-0.109789
-0.992715
0.280305
0.952463
-0.119349
0.96661
-0.255959
-0.0122715
-0.0325631
-0.07519
-0.996637
0.254175
0.963759
-0.0810142
0.965952
-0.258363
0.0136137
0.000754747
-0.0498048
-0.998759
0.25872
0.964763
-0.047914
0.957712
-0.283314
0.0502167
0.0432516
-0.0307905
-0.99859
0.284461
0.958533
-0.0172346
0.944214
-0.318769
0.0827403
0.0798645
-0.0221053
-0.996561
0.319501
0.947575
0.00458612
0.922728
-0.366751
0.118604
0.122336
-0.0131405
-0.992402
0.365523
0.930226
0.0327419
0.904759
-0.404794
0.13249
0.139366
-0.012585
-0.990161
0.402479
0.914321
0.0450281
0.884515
-0.443953
0.143316
0.156955
-0.00609878
-0.987587
0.439316
0.896029
0.0642861
0.85713
-0.492092
0.152229
0.175365
0.000895256
-0.984503
0.48433
0.870543
0.0870629
0.836394
-0.526948
0.150902
0.179805
0.00369417
-0.983695
0.517799
0.849889
0.0978379
0.814836
-0.55996
0.149954
0.182729
0.00261633
-0.98316
0.550138
0.828515
0.104453
0.791539
-0.592001
0.15166
0.185721
-0.0034048
-0.982597
0.582214
0.80593
0.107252
0.773668
-0.617257
0.142936
0.173843
-0.0101339
-0.984721
0.609275
0.786696
0.0994656
0.756092
-0.640915
0.13249
0.159824
-0.0154923
-0.987024
0.634651
0.767456
0.0907202
0.726299
-0.677036
0.118794
0.146108
-0.0168153
-0.989126
0.671671
0.735758
0.0867071
0.700318
-0.705711
0.107363
0.129388
-0.022418
-0.991341
0.702006
0.708146
0.0756107
0.669083
-0.736231
0.101451
0.118269
-0.0292892
-0.992549
0.733717
0.676096
0.0674766
0.63492
-0.766432
0.0972538
0.111494
-0.0336656
-0.993195
0.764491
0.641442
0.0640775
0.603652
-0.792762
0.08446
0.0880172
-0.0390229
-0.995354
0.792375
0.608281
0.0462205
0.578426
-0.812666
0.0706958
0.0639395
-0.0412306
-0.997102
0.813225
0.58127
0.0281126
0.563343
-0.823814
0.0630431
0.0575713
-0.036978
-0.997656
0.824215
0.565653
0.0265967
0.562146
-0.825116
0.0563439
0.0499383
-0.0341384
-0.998169
0.825529
0.563931
0.0220141
0.579947
-0.813152
0.0494507
0.0426029
-0.0303456
-0.998631
0.813539
0.58126
0.0170438
0.613263
-0.788938
0.0385317
0.0278862
-0.0271263
-0.999243
0.789386
0.613873
0.00536489
0.649237
-0.759982
0.0302915
0.019238
-0.0234052
-0.999541
0.760342
0.649522
-0.000574965
0.681916
-0.730972
0.025883
0.0162538
-0.0202341
-0.999663
0.73125
0.682107
-0.00191688
0.71753
-0.696115
0.0239662
0.0133292
-0.0206788
-0.999697
0.6964
0.717633
-0.00555905
0.751263
-0.65969
0.0203238
0.00894513
-0.0206136
-0.999748
0.659942
0.751255
-0.0095852
0.784898
-0.619594
0.00613588
-0.00647081
-0.0180984
-0.999815
0.619591
0.784714
-0.0182147
0.823362
-0.567448
-0.00882027
-0.0138994
-0.00462581
-0.999893
0.567346
0.823396
-0.0116959
0.84718
-0.531025
-0.0172564
-0.0181855
0.00347838
-0.999829
0.530994
0.847349
-0.00671012
0.873461
-0.486437
-0.0210907
-0.0160934
0.0144495
-0.999766
0.486628
0.873596
0.00479263
0.895804
-0.443614
-0.0272248
-0.0201414
0.0206727
-0.999583
0.443992
0.895979
0.00958366
0.913968
-0.404505
-0.032208
-0.0234739
0.0265346
-0.999372
0.405106
0.914151
0.0147564
0.928487
-0.369865
-0.0333579
-0.0222537
0.0342498
-0.999166
0.370698
0.928454
0.0235696
0.945685
-0.324323
-0.0222409
-0.0108903
0.0367712
-0.999264
0.324903
0.945231
0.031242
0.957269
-0.288782
-0.0155309
-0.00445024
0.0389876
-0.99923
0.289165
0.956601
0.0360364
0.964622
-0.263565
-0.00613588
0.00590915
0.0448834
-0.998975
0.26357
0.963597
0.044853
0.966387
-0.25709
-0.00115049
0.0118983
0.0491943
-0.998718
0.256817
0.965135
0.0505997
0.966287
-0.25746
-0.00210922
0.0110413
0.0496214
-0.998707
0.257232
0.965014
0.0507912
0.963827
-0.266528
-0.000958738
0.0118486
0.0464404
-0.998851
0.266266
0.962708
0.0479185
0.959185
-0.28275
0.00402669
0.01784
0.0462956
-0.998768
0.282216
0.958076
0.0494503
0.950629
-0.309402
0.0239662
0.0408992
0.0483574
-0.997992
0.307622
0.949701
0.0586243
0.940723
-0.337003
0.0383401
0.0565141
0.0442813
-0.997419
0.334435
0.940462
0.0607019
0.928163
-0.36953
0.0442792
0.0614219
0.0347489
-0.997507
0.36707
0.928569
0.0549499
0.914524
-0.402656
0.0389149
0.0534235
0.0248593
-0.998262
0.400989
0.915014
0.0442457
0.893711
-0.447067
0.0375737
0.0509882
0.0180062
-0.998537
0.445737
0.894319
0.0388875
0.871497
-0.488633
0.0415972
0.0532314
0.00993545
-0.998533
0.487503
0.872433
0.0346693
0.850577
-0.523885
0.0454285
0.0524418
-0.00145106
-0.998623
0.52323
0.851788
0.0262393
0.830224
-0.555198
0.0498337
0.0504789
-0.0141507
-0.998625
0.55514
0.831598
0.0162775
0.815018
-0.577514
0.0471524
0.0334828
-0.0343007
-0.998851
0.578468
0.81566
-0.00861895
0.817307
-0.575612
0.0260747
-0.000663439
-0.0461927
-0.998932
0.576202
0.816417
-0.0381355
0.828017
-0.560643
-0.00824505
-0.0448393
-0.0515514
-0.997663
0.558907
0.826452
-0.0678242
0.839523
-0.542511
-0.0297165
-0.0699871
-0.0537412
-0.996099
0.538798
0.838328
-0.0830858
0.856941
-0.511845
-0.0605552
-0.104517
-0.0575209
-0.992858
0.504707
0.85715
-0.102788
0.869299
-0.486305
-0.0884716
-0.135665
-0.0626248
-0.988774
0.475305
0.871542
-0.120414
0.878918
-0.465682
-0.103168
-0.151435
-0.0673364
-0.986171
0.452295
0.882386
-0.129704
0.888941
-0.446601
-0.101642
-0.146593
-0.0671756
-0.986913
0.433929
0.892208
-0.125184
0.898223
-0.426937
-0.104503
-0.147891
-0.0696639
-0.986547
0.413914
0.901594
-0.125714
0.90514
-0.412068
-0.104503
-0.14611
-0.0706997
-0.986739
0.399215
0.908406
-0.1242
0.907927
-0.405794
-0.104884
-0.145738
-0.0710281
-0.98677
0.392975
0.911201
-0.123628
0.911308
-0.398739
-0.102596
-0.141465
-0.0692249
-0.98752
0.38666
0.914448
-0.119493
0.914235
-0.392523
-0.100498
-0.137682
-0.0676803
-0.988161
0.381075
0.917249
-0.115919
0.91903
-0.381708
-0.0983988
-0.132312
-0.0635716
-0.989167
0.371317
0.922094
-0.108929
0.929662
-0.352072
-0.108507
-0.138781
-0.061839
-0.988391
0.341275
0.933928
-0.10635
0.937983
-0.322889
-0.126216
-0.155325
-0.0659229
-0.985661
0.309938
0.944138
-0.111987
0.946622
-0.29013
-0.140468
-0.166313
-0.0663029
-0.983842
0.276129
0.954688
-0.111016
0.954036
-0.257137
-0.153934
-0.176223
-0.0658694
-0.982144
0.242406
0.964128
-0.108155
0.96089
-0.223724
-0.163211
-0.181626
-0.0642269
-0.981268
0.209051
0.972534
-0.102349
0.964809
-0.201547
-0.168883
-0.184562
-0.0615783
-0.98089
0.187296
0.977541
-0.0966092
0.966379
-0.183955
-0.179646
-0.194247
-0.0645495
-0.978827
0.168464
0.980813
-0.0981119
0.969183
-0.16549
-0.182474
-0.196133
-0.0702035
-0.978061
0.149049
0.98371
-0.100498
0.971877
-0.142641
-0.187374
-0.199211
-0.0736858
-0.977182
0.125579
0.987028
-0.100029
0.974351
-0.118468
-0.191328
-0.201579
-0.0815317
-0.976073
0.100034
0.989605
-0.103321
0.979602
-0.0947757
-0.177193
-0.185527
-0.0878077
-0.978708
0.0771989
0.991619
-0.1036
0.985418
-0.0700296
-0.155071
-0.161064
-0.0900699
-0.982826
0.0548597
0.99347
-0.100036
0.990086
-0.0408402
-0.134391
-0.137573
-0.0889874
-0.986486
0.0283292
0.995195
-0.0937237
0.993159
-0.0121885
-0.116128
-0.116745
-0.0849442
-0.989523
0.0021964
0.996311
-0.085786
0.995086
0.0267192
-0.0953453
-0.0930326
-0.0774281
-0.992648
-0.0339051
0.99664
-0.0745618
0.994865
0.0557611
-0.08446
-0.0803023
-0.0730087
-0.994093
-0.061598
0.995771
-0.0681561
0.993969
0.0890526
-0.0639999
-0.0582596
-0.065633
-0.996142
-0.0929095
0.993862
-0.060049
0.991959
0.114437
-0.0540465
-0.0472379
-0.0613963
-0.996995
-0.117411
0.991532
-0.0554969
0.987534
0.151328
-0.0433214
-0.0354847
-0.0541093
-0.997904
-0.153355
0.987002
-0.0480649
0.983385
0.180557
-0.0187902
-0.0123774
-0.0365778
-0.999254
-0.181109
0.982884
-0.0337352
0.982108
0.188315
0.00115049
0.00445158
-0.0171076
-0.999844
-0.188266
0.98196
-0.0176398
0.983759
0.177507
0.0266498
0.0256473
0.00794011
-0.99964
-0.177655
0.984087
0.00325857
0.987471
0.147832
0.0551952
0.0513091
0.0299763
-0.998233
-0.149226
0.988558
0.0220155
0.989512
0.115501
0.0867525
0.0805359
0.0574516
-0.995095
-0.119918
0.991645
0.0475471
0.990041
0.0841099
0.11289
0.106555
0.0763553
-0.991371
-0.0920038
0.993527
0.0666326
0.989751
0.0537612
0.1323
0.126978
0.0926296
-0.987571
-0.0653479
0.994248
0.0848538
0.988158
0.02331
0.15166
0.148293
0.108793
-0.982941
-0.0394119
0.993791
0.104048
0.984285
-0.0158551
0.175872
0.176444
0.128145
-0.975934
-0.00706353
0.991629
0.128928
0.979817
-0.0498305
0.193586
0.198834
0.143262
-0.969506
0.0205774
0.98843
0.150279
0.974679
-0.0824283
0.207862
0.218803
0.159889
-0.96258
0.046109
0.983687
0.173876
0.970789
-0.108035
0.214234
0.23047
0.171593
-0.957831
0.0667186
0.979226
0.191479
0.967809
-0.130877
0.214983
0.236163
0.176871
-0.955481
0.0870264
0.975494
0.202085
0.961292
-0.159973
0.224337
0.252564
0.186149
-0.949505
0.110135
0.969411
0.219347
0.953051
-0.195279
0.231431
0.268162
0.189283
-0.944596
0.140654
0.962309
0.232763
0.948012
-0.218236
0.231618
0.273988
0.189505
-0.942878
0.161877
0.95732
0.239448
0.942261
-0.24642
0.226765
0.275864
0.187266
-0.942778
0.189854
0.950899
0.244432
0.936924
-0.268978
0.223215
0.278117
0.18686
-0.942197
0.21172
0.944846
0.249881
0.931346
-0.291124
0.218727
0.280599
0.190954
-0.940639
0.232075
0.937435
0.259533
0.932093
-0.299618
0.203546
0.267166
0.189224
-0.94489
0.244591
0.935106
0.256422
0.931659
-0.308175
0.192457
0.258004
0.188179
-0.947641
0.255823
0.932533
0.254829
0.932711
-0.308126
0.187374
0.252285
0.186241
-0.949561
0.257688
0.932938
0.251444
0.936496
-0.302619
0.177193
0.239892
0.184278
-0.953149
0.255788
0.935127
0.245171
0.946079
-0.284614
0.154692
0.211678
0.181696
-0.960301
0.245209
0.941266
0.232146
0.948596
-0.28042
0.14673
0.202126
0.180024
-0.962672
0.243537
0.942845
0.22745
0.951578
-0.277932
0.13135
0.181937
0.164775
-0.969406
0.247786
0.946363
0.207362
0.951898
-0.279214
0.126216
0.171805
0.145266
-0.974362
0.253721
0.949177
0.186249
0.952382
-0.279753
0.121269
0.161486
0.125431
-0.978871
0.258631
0.951843
0.164635
0.952876
-0.280096
0.116509
0.150993
0.104797
-0.982964
0.263115
0.954235
0.142151
0.95222
-0.283478
0.113652
0.145049
0.0922787
-0.985112
0.26877
0.954529
0.128988
0.947601
-0.297601
0.116128
0.143308
0.0711225
-0.987119
0.285509
0.952037
0.110044
0.943321
-0.310829
0.116319
0.139291
0.0526818
-0.988849
0.301235
0.949005
0.0929917
0.937436
-0.327332
0.118604
0.135368
0.0288297
-0.990376
0.320762
0.94447
0.0713363
0.932895
-0.339456
0.120317
0.132665
0.0133145
-0.991071
0.334823
0.940528
0.057455
0.926757
-0.354431
0.124504
0.131925
-0.00325186
-0.991254
0.351736
0.935077
0.0437446
0.921604
-0.366509
0.127737
0.132217
-0.0129698
-0.991136
0.364917
0.930324
0.0365056
0.9157
-0.380118
0.130399
0.130682
-0.0251857
-0.991104
0.380021
0.924595
0.0266123
0.909146
-0.395096
0.13173
0.127827
-0.0363172
-0.991131
0.396376
0.917922
0.0174862
0.902938
-0.410229
0.128118
0.120288
-0.044962
-0.99172
0.412593
0.910873
0.00874757
0.895893
-0.421416
0.140658
0.134282
-0.0449415
-0.989924
0.423491
0.905753
0.0163256
0.890154
-0.432346
0.143885
0.138529
-0.0440495
-0.989378
0.434092
0.900631
0.0206815
0.875238
-0.464593
0.134581
0.125154
-0.0512384
-0.990813
0.46722
0.884041
0.0132998
0.855745
-0.499843
0.133631
0.121473
-0.0569631
-0.990959
0.502936
0.864241
0.0119715
0.823922
-0.551899
0.128688
0.109691
-0.0674755
-0.991673
0.555987
0.831177
0.00494393
0.796518
-0.591212
0.126596
0.103482
-0.0729885
-0.99195
0.595693
0.803207
0.00304324
0.762699
-0.634545
0.125075
0.0959039
-0.0802883
-0.992147
0.639604
0.768705
-0.000380528
0.729272
-0.673562
0.120317
0.0830492
-0.0874067
-0.992705
0.679165
0.733944
-0.00780447
0.697508
-0.706662
0.118794
0.0727973
-0.0950426
-0.992808
0.71287
0.701139
-0.0148498
0.661881
-0.740197
0.118413
0.0619023
-0.103456
-0.992706
0.747048
0.664384
-0.0226555
0.630328
-0.767157
0.118984
0.0544727
-0.109182
-0.992528
0.774415
0.6321
-0.0270314
0.604563
-0.78736
0.120698
0.0483799
-0.11495
-0.992193
0.795087
0.605682
-0.0314018
0.573883
-0.809564
0.123552
0.0443553
-0.119921
-0.991792
0.817735
0.574653
-0.0329121
0.551638
-0.824215
0.127928
0.0488223
-0.121204
-0.991426
0.832654
0.553154
-0.0266209
0.539499
-0.832759
0.124314
0.0510036
-0.11505
-0.992049
0.84044
0.54155
-0.0195956
0.536686
-0.834716
0.123362
0.0491227
-0.115045
-0.992145
0.842351
0.53853
-0.0207394
0.549201
-0.826046
0.126596
0.0629028
-0.110196
-0.991917
0.83332
0.552725
-0.00855912
0.573675
-0.808941
0.128498
0.0896464
-0.0939283
-0.991535
0.814163
0.580338
0.0186344
0.596336
-0.793522
0.121269
0.0990229
-0.0771978
-0.992086
0.796604
0.603625
0.032541
0.625799
-0.771547
0.114414
0.108762
-0.0589359
-0.992319
0.772364
0.633437
0.0470331
0.648188
-0.753765
0.108126
0.117005
-0.0417201
-0.992255
0.752438
0.655819
0.0611514
0.679062
-0.727353
0.099162
0.123897
-0.0195853
-0.992102
0.72355
0.685984
0.0768169
0.696902
-0.711759
0.0878986
0.120133
-0.00497379
-0.992745
0.707033
0.702406
0.0820393
0.723557
-0.685716
0.079109
0.12938
0.0221512
-0.991348
0.678031
0.727532
0.104746
0.743261
-0.664621
0.0764327
0.144538
0.0479792
-0.988335
0.653202
0.745638
0.131724
0.762152
-0.643795
0.0682091
0.146591
0.0689916
-0.986788
0.630583
0.762082
0.146956
0.781998
-0.619986
0.0639999
0.155277
0.0943432
-0.983356
0.603629
0.77892
0.170046
0.799019
-0.598073
0.0622776
0.163254
0.116086
-0.979731
0.57872
0.79299
0.190393
0.814563
-0.576723
0.0622776
0.166423
0.129498
-0.977514
0.55569
0.806611
0.201464
0.825912
-0.55991
0.0661047
0.172632
0.139528
-0.975054
0.536719
0.81672
0.211896
0.838368
-0.540626
0.0697395
0.175927
0.147259
-0.973327
0.515936
0.828274
0.218568
0.853501
-0.517146
0.0639999
0.167609
0.156158
-0.973407
0.4934
0.841531
0.219959
0.868289
-0.49276
0.0571097
0.160928
0.170912
-0.972055
0.469229
0.853216
0.2277
0.882682
-0.467677
0.0463863
0.148056
0.183041
-0.971893
0.446041
0.86474
0.230809
0.895639
-0.443318
0.0360407
0.136038
0.195887
-0.971145
0.423466
0.874698
0.235753
0.902401
-0.430409
0.0205156
0.117963
0.200971
-0.972469
0.414436
0.879977
0.232128
0.900715
-0.434278
0.0107377
0.10734
0.198541
-0.974197
0.420941
0.878626
0.225445
0.897951
-0.43997
0.0105459
0.104742
0.190375
-0.976108
0.42745
0.877601
0.217031
0.898521
-0.438754
0.0124633
0.102489
0.182108
-0.977923
0.426798
0.879961
0.208596
0.898936
-0.437891
0.0128467
0.101345
0.17934
-0.978553
0.426195
0.880959
0.205593
0.900396
-0.43455
0.0212824
0.110951
0.182044
-0.977011
0.420686
0.882058
0.212125
0.909487
-0.414468
0.0323997
0.114576
0.174977
-0.977883
0.399632
0.893084
0.206628
0.925728
-0.377846
0.0161061
0.0829103
0.161211
-0.983431
0.368989
0.911725
0.180565
0.941772
-0.335953
0.0141888
0.0722463
0.160955
-0.984314
0.3284
0.928024
0.175854
0.957878
-0.287163
0.00287621
0.0512668
0.161137
-0.9856
0.282564
0.944231
0.169072
0.969623
-0.244459
0.00843679
0.0486606
0.158975
-0.986083
0.239716
0.956539
0.166042
0.978652
-0.205222
0.0111211
0.0424245
0.148773
-0.987961
0.201097
0.967342
0.154303
0.987345
-0.158477
0.00594414
0.0274435
0.133822
-0.990625
0.156196
0.978252
0.136478
0.993424
-0.11422
0.00786157
0.0217982
0.121286
-0.992378
0.112396
0.986024
0.122978
0.998266
-0.0588324
-0.00210922
0.00443694
0.110916
-0.99382
0.0587027
0.992087
0.110984
0.999804
-0.0184062
-0.00728634
-0.00533263
0.104047
-0.994558
0.0190642
0.994402
0.103928
0.999223
0.0366117
-0.0145723
-0.0180276
0.0958946
-0.995228
-0.0350396
0.994718
0.0964802
0.996073
0.0834682
-0.0295248
-0.036725
0.0860875
-0.99561
-0.0805601
0.992785
0.0888148
0.991047
0.126867
-0.0415972
-0.0518611
0.0787029
-0.995548
-0.123028
0.988793
0.0845777
0.985536
0.161677
-0.0507912
-0.0630726
0.0717563
-0.995426
-0.157293
0.984231
0.0809158
0.97897
0.194144
-0.0626604
-0.0764783
0.0645086
-0.994982
-0.189128
0.97885
0.0779997
0.970052
0.230176
-0.0775797
-0.0924787
0.0546463
-0.994214
-0.224605
0.971614
0.0742961
0.96564
0.247792
-0.0783444
-0.09243
0.0457131
-0.994669
-0.24289
0.967734
0.0670459
0.957013
0.27554
-0.0905723
-0.101238
0.0247028
-0.994556
-0.271803
0.960972
0.051536
0.953323
0.284602
-0.100879
-0.106586
0.00459292
-0.994293
-0.282515
0.958635
0.034713
0.955432
0.281644
-0.0884716
-0.0926352
0.00147553
-0.995699
-0.280302
0.959518
0.0274999
0.95989
0.269208
-0.0783444
-0.0825522
0.00432666
-0.996577
-0.267947
0.963072
0.0263768
0.966487
0.248009
-0.066296
-0.0701066
0.00655476
-0.997518
-0.246959
0.968735
0.0237222
0.97382
0.222212
-0.0479185
-0.0502947
0.00504355
-0.998722
-0.221686
0.974985
0.0160876
0.980427
0.19248
-0.0414056
-0.041922
-0.00139096
-0.99912
-0.192368
0.9813
0.0067054
0.986354
0.162006
-0.0293332
-0.0288521
-0.00532181
-0.99957
-0.162092
0.986775
-0.000574981
0.993
0.116873
-0.0170647
-0.016118
-0.00904061
-0.999829
-0.117007
0.993106
-0.00709357
0.997
0.0773885
0.00115049
0.00191859
-0.00985173
-0.99995
-0.0773733
0.996952
-0.00997066
0.999036
0.0392906
0.019557
0.020105
-0.013601
-0.999705
-0.039013
0.999135
-0.0143778
0.999289
-0.00498193
0.0373821
0.0372659
-0.0216601
-0.999071
0.005787
0.999753
-0.0214591
0.996894
-0.050124
0.0607466
0.0591409
-0.0329196
-0.997707
0.0520088
0.9982
-0.0298529
0.992424
-0.0871881
0.0865614
0.0829149
-0.0446181
-0.995557
0.0906629
0.995192
-0.0370509
0.988362
-0.112486
0.102405
0.0958508
-0.0622206
-0.993449
0.118121
0.991703
-0.0507147
0.983641
-0.13321
0.121269
0.111771
-0.0766308
-0.990775
0.141274
0.988121
-0.0604882
0.983972
-0.126536
0.125645
0.11482
-0.0895143
-0.989345
0.136435
0.987915
-0.0735507
0.987531
-0.0989844
0.122411
0.112857
-0.0969634
-0.988869
0.109752
0.990354
-0.0845832
0.991
-0.062791
0.118223
0.111306
-0.104119
-0.988317
0.0743667
0.992581
-0.0961927
0.993413
-0.0236245
0.112128
0.108896
-0.109983
-0.98795
0.035672
0.993653
-0.106686
0.993588
0.0144804
0.112128
0.113041
-0.109349
-0.987555
-0.00203915
0.993898
-0.110285
0.993042
0.0527942
0.105266
0.110454
-0.107559
-0.988044
-0.0408407
0.992796
-0.112642
0.991731
0.0848281
0.0962996
0.1041
-0.0929175
-0.990217
-0.0750503
0.992054
-0.10098
0.988933
0.11601
0.0924818
0.10182
-0.0773262
-0.991793
-0.107906
0.990234
-0.0882826
0.984323
0.150064
0.0926727
0.102398
-0.0584167
-0.993027
-0.143604
0.986949
-0.0728672
0.98057
0.16937
0.0989712
0.108941
-0.0505964
-0.99276
-0.163137
0.984253
-0.0680647
0.980505
0.172652
0.0938181
0.104234
-0.0522641
-0.993179
-0.166571
0.983595
-0.0692414
0.980881
0.15879
0.112509
0.122141
-0.0522309
-0.991138
-0.151506
0.98593
-0.070627
0.982435
0.123276
0.140089
0.146616
-0.0455259
-0.988145
-0.115437
0.991328
-0.0628005
0.982335
0.0859221
0.166237
0.170042
-0.0389953
-0.984665
-0.078122
0.995538
-0.0529168
0.981449
0.0499134
0.185113
0.18681
-0.0317667
-0.981882
-0.0431287
0.998248
-0.0405018
0.980742
0.00921496
0.19509
0.195264
-0.0251996
-0.980427
-0.0041184
0.99964
-0.0265136
0.976683
-0.0372861
0.211424
0.210564
-0.0256913
-0.977242
0.0418693
0.998974
-0.0172411
0.97254
-0.0683648
0.222468
0.220917
-0.029561
-0.974845
0.0732214
0.997222
-0.0136464
0.96877
-0.0937277
0.229565
0.226822
-0.0390893
-0.973152
0.100185
0.99483
-0.016609
0.964644
-0.120104
0.234601
0.230612
-0.0462956
-0.971944
0.127596
0.991681
-0.0169612
0.961973
-0.141753
0.233483
0.228266
-0.0522419
-0.972196
0.150009
0.988523
-0.017898
0.959996
-0.162975
0.227699
0.22094
-0.0587061
-0.973519
0.172026
0.984882
-0.02035
0.959406
-0.186443
0.211611
0.202229
-0.0682051
-0.97696
0.19658
0.980096
-0.0277323
0.959607
-0.204689
0.193021
0.183025
-0.0668774
-0.980831
0.213674
0.97654
-0.0267128
0.959193
-0.229543
0.165102
0.153445
-0.0678674
-0.985824
0.237494
0.97093
-0.0298758
0.955789
-0.260364
0.13667
0.12282
-0.0688249
-0.99004
0.267177
0.963055
-0.0338043
0.949773
-0.290897
0.115366
0.099739
-0.068041
-0.992685
0.296619
0.954332
-0.0356097
0.942261
-0.321131
0.0949635
0.076265
-0.0703433
-0.994603
0.326078
0.944419
-0.0417906
0.935628
-0.342687
0.084651
0.0653783
-0.0674291
-0.99558
0.34688
0.937027
-0.0406843
0.929103
-0.361878
0.0762415
0.0551132
-0.0683688
-0.996137
0.365693
0.929715
-0.0435774
0.916492
-0.392868
0.0754767
0.0512494
-0.0718121
-0.996101
0.396756
0.916787
-0.045681
0.901764
-0.425656
0.0750943
0.0461406
-0.0779449
-0.995889
0.42976
0.901522
-0.0506478
0.893016
-0.44394
0.0737558
0.0427486
-0.0794695
-0.99592
0.44799
0.892525
-0.0519897
0.891375
-0.445472
0.0836957
0.0578447
-0.0713414
-0.995773
0.44956
0.892449
-0.0378238
0.891271
-0.445206
0.0861794
0.0613713
-0.069872
-0.995666
0.449298
0.892698
-0.0349521
0.892498
-0.442403
0.0878986
0.0608117
-0.0750742
-0.995322
0.446932
0.893668
-0.0401003
0.898514
-0.430248
0.0869435
0.0596334
-0.0765871
-0.995278
0.434875
0.899456
-0.0431574
0.909086
-0.410501
0.0710784
0.0464145
-0.0697531
-0.996484
0.414016
0.909188
-0.0443583
0.92128
-0.38347
0.0647653
0.0453856
-0.0593822
-0.997203
0.386244
0.921642
-0.0373036
0.929574
-0.363499
0.0613207
0.0442277
-0.05517
-0.997497
0.365973
0.929959
-0.0352079
0.9382
-0.341998
0.0530891
0.0390199
-0.0478929
-0.99809
0.343887
0.93848
-0.0315884
0.946554
-0.319356
0.045237
0.0355581
-0.0360765
-0.998716
0.320578
0.946948
-0.0227927
0.953875
-0.298367
0.0331663
0.02558
-0.0292962
-0.999243
0.299113
0.954002
-0.0203126
0.959293
-0.280784
0.0302915
0.0244357
-0.0243337
-0.999405
0.281354
0.959463
-0.0164819
0.964787
-0.262616
0.014764
0.0105177
-0.017568
-0.99979
0.26282
0.96474
-0.0141873
0.969508
-0.244232
0.0201321
0.0210207
0.00103214
-0.999779
0.244158
0.969716
0.00613461
0.973565
-0.227857
0.0159144
0.0184656
0.00906905
-0.999788
0.227664
0.973653
0.0130368
0.9764
-0.215721
0.0103542
0.0134183
0.0127445
-0.999829
0.215552
0.976372
0.0153384
0.977356
-0.211416
0.00882027
0.012025
0.0138774
-0.999831
0.211258
0.977298
0.0161055
0.978528
-0.20598
0.00747809
0.0109501
0.0157214
-0.999816
0.205825
0.97843
0.0176394
0.978621
-0.205412
0.0103542
0.0137948
0.0153246
-0.999787
0.205209
0.978556
0.0178306
0.978739
-0.204849
0.0103542
0.0124907
0.00913958
-0.99988
0.20473
0.978751
0.011504
0.979009
-0.203534
0.0107377
0.0123858
0.00682555
-0.9999
0.20344
0.979044
0.00920321
0.979582
-0.200716
0.0115046
0.0132713
0.00745857
-0.999884
0.200607
0.979621
0.00997004
0.979139
-0.202582
0.0157227
0.0174548
0.00676637
-0.999825
0.20244
0.979242
0.0101612
0.979642
-0.200532
0.00939549
0.00931999
-0.00132061
-0.999956
0.200536
0.979686
0.000575235
0.980767
-0.194696
-0.0138054
-0.0177566
-0.0185637
-0.99967
0.194375
0.980688
-0.0216638
0.979513
-0.198941
-0.0312498
-0.0405809
-0.0429999
-0.998251
0.197249
0.979068
-0.0501922
0.97824
-0.202983
-0.0429383
-0.0584799
-0.0711973
-0.995746
0.199062
0.97659
-0.0815185
0.977624
-0.205398
-0.0454285
-0.0653564
-0.0912994
-0.993676
0.199952
0.974411
-0.102681
0.975797
-0.213234
-0.0484931
-0.0747302
-0.116757
-0.990345
0.205513
0.97
-0.129866
0.973907
-0.222035
-0.0469609
-0.0798236
-0.141434
-0.986724
0.212446
0.964726
-0.155467
0.96767
-0.247324
-0.0494507
-0.0926518
-0.166216
-0.981727
0.234586
0.95457
-0.183757
0.957115
-0.286734
-0.0414056
-0.0957282
-0.178119
-0.979342
0.273435
0.941306
-0.197929
0.944223
-0.327671
-0.032783
-0.0994052
-0.188701
-0.976991
0.313946
0.925756
-0.210748
0.930976
-0.364254
-0.0245412
-0.103743
-0.199503
-0.97439
0.350029
0.90968
-0.223522
0.916705
-0.399426
-0.0105459
-0.102813
-0.210293
-0.972217
0.386111
0.89232
-0.233843
0.903165
-0.429286
0.00249272
-0.102125
-0.22049
-0.970028
0.41697
0.875841
-0.242979
0.88743
-0.460214
0.025883
-0.0910453
-0.230055
-0.968909
0.45186
0.857483
-0.246058
0.881552
-0.470113
0.0431298
-0.0781328
-0.235391
-0.968755
0.465577
0.850638
-0.24424
0.886312
-0.460929
0.0446623
-0.073321
-0.234904
-0.969249
0.457247
0.855783
-0.241994
0.900945
-0.429715
0.0603638
-0.0351955
-0.211013
-0.976849
0.432504
0.877963
-0.205236
0.91239
-0.40611
0.0511742
-0.0350426
-0.202061
-0.978746
0.407819
0.891205
-0.19859
0.929369
-0.366299
0.0458116
-0.0165955
-0.165432
-0.986082
0.368779
0.915673
-0.159826
0.939932
-0.338958
0.0404477
-0.00696993
-0.13752
-0.990474
0.341292
0.930696
-0.131622
0.956462
-0.289739
0.0350826
0.00712342
-0.0969942
-0.995259
0.291769
0.952178
-0.0907074
0.967434
-0.252211
0.0214741
0.00400941
-0.0695571
-0.99757
0.253092
0.965169
-0.0662807
0.975666
-0.218897
0.012655
0.00428205
-0.0386829
-0.999242
0.21922
0.974981
-0.0368043
0.98161
-0.190758
0.00728634
0.00609166
-0.00684848
-0.999958
0.1908
0.981613
-0.0055605
0.985431
-0.170015
0.00460193
0.00821741
0.0205681
-0.999755
0.169879
0.985227
0.0216655
0.990525
-0.137238
-0.00517716
0.0032445
0.0610706
-0.998128
0.137298
0.988654
0.0609371
0.993354
-0.114405
-0.012655
-0.00200302
0.0927472
-0.995688
0.115085
0.989095
0.0919016
0.996591
-0.0800488
-0.0199404
-0.00926631
0.131564
-0.991264
0.081973
0.988071
0.130373
0.998182
-0.0484619
-0.0358491
-0.0273607
0.165678
-0.9858
0.0537132
0.984988
0.164051
0.998506
-0.0294936
-0.0460032
-0.03893
0.20685
-0.977598
0.0383486
0.977928
0.205393
0.998284
-0.0145488
-0.0567268
-0.0514373
0.245243
-0.968096
0.0279966
0.969352
0.244074
0.997552
-0.000765113
-0.0699307
-0.0671744
0.267688
-0.961161
0.019455
0.963505
0.266981
0.996773
0.00573393
-0.0800647
-0.0785549
0.274756
-0.9583
0.0165034
0.961497
0.27432
0.996203
0.0045845
-0.0869435
-0.0848481
0.275
-0.957693
0.0195189
0.961433
0.274345
0.995799
0.0026732
-0.0915271
-0.08874
0.274597
-0.957456
0.0225736
0.961556
0.273681
0.995258
0.00190839
-0.0972538
-0.0940212
0.275208
-0.956776
0.0249391
0.961383
0.274082
0.995263
-0.0055344
-0.097063
-0.091948
0.270738
-0.958252
0.0315819
0.962637
0.268946
0.997199
-0.014533
-0.0733733
-0.0670772
0.260318
-0.96319
0.0330985
0.965414
0.258614
0.997257
-0.0152989
-0.0724171
-0.0666417
0.240123
-0.968452
0.0322053
0.970622
0.238444
0.997278
-0.0181684
-0.0714609
-0.0657092
0.220709
-0.973124
0.0334522
0.975171
0.218914
0.997191
-0.0107081
-0.0741382
-0.0703225
0.207128
-0.975783
0.0258049
0.978255
0.205793
0.997428
-0.00554643
-0.0714609
-0.069039
0.193596
-0.978649
0.0192626
0.981066
0.192715
0.997438
-0.00612028
-0.0712696
-0.0693214
0.163072
-0.984176
0.0176455
0.986595
0.16223
0.996619
-0.0147157
-0.0808292
-0.0785267
0.118634
-0.989828
0.0241551
0.992829
0.117077
0.996469
-0.0246531
-0.0802558
-0.0781827
0.075904
-0.994045
0.0305981
0.99681
0.0737085
0.996032
-0.0355386
-0.0815937
-0.0806132
0.0282004
-0.996346
0.0377097
0.99897
0.0252236
0.995555
-0.0513964
-0.0789179
-0.080263
-0.0246528
-0.996469
0.0492694
0.998374
-0.0286685
0.995299
-0.0653632
-0.0714609
-0.0757963
-0.0664455
-0.994907
0.060282
0.995647
-0.0710874
0.99441
-0.079106
-0.0699307
-0.0779172
-0.102842
-0.991641
0.0712529
0.991547
-0.108431
0.993505
-0.091508
-0.0676352
-0.079675
-0.135059
-0.987629
0.0812412
0.986603
-0.141472
0.992774
-0.100279
-0.0659134
-0.0808139
-0.152645
-0.984971
0.0887106
0.98318
-0.159646
0.991757
-0.112294
-0.0617035
-0.081155
-0.177865
-0.980703
0.0991526
0.977627
-0.185513
0.990723
-0.11988
-0.0639999
-0.0867179
-0.195105
-0.976941
0.104629
0.973428
-0.203691
0.989602
-0.127646
-0.066296
-0.0913332
-0.201584
-0.975204
0.111117
0.971118
-0.211146
0.988989
-0.132969
-0.0649567
-0.0914519
-0.204055
-0.974678
0.116347
0.969887
-0.213969
0.987674
-0.142059
-0.065722
-0.0950466
-0.210708
-0.972917
0.124363
0.967172
-0.221613
0.986805
-0.148313
-0.0649567
-0.0959404
-0.212437
-0.972454
0.130428
0.965854
-0.223863
0.986536
-0.150982
-0.0628518
-0.0942522
-0.210822
-0.97297
0.13365
0.965794
-0.222214
0.986962
-0.148337
-0.062469
-0.0919541
-0.201115
-0.975242
0.132101
0.968271
-0.212133
0.987305
-0.14684
-0.0605552
-0.0872925
-0.183112
-0.979209
0.132698
0.972064
-0.193606
0.986767
-0.149468
-0.0628518
-0.0871731
-0.162191
-0.982901
0.136719
0.975373
-0.173075
0.986439
-0.153872
-0.0571097
-0.079397
-0.142835
-0.986557
0.143646
0.977712
-0.153115
0.985422
-0.159913
-0.0580668
-0.0802292
-0.135823
-0.987479
0.150024
0.977742
-0.146672
0.984697
-0.165808
-0.0536635
-0.07653
-0.134755
-0.987919
0.156574
0.976908
-0.145383
0.982377
-0.176091
-0.0626604
-0.0875643
-0.137419
-0.986635
0.165127
0.974735
-0.150416
0.979742
-0.188836
-0.0666787
-0.0930112
-0.134208
-0.986579
0.177353
0.972795
-0.149053
0.977094
-0.201964
-0.0670613
-0.0939683
-0.126728
-0.987477
0.190936
0.97116
-0.142804
0.974744
-0.212221
-0.0695482
-0.0968951
-0.121303
-0.987875
0.201211
0.969664
-0.138802
0.972745
-0.220593
-0.0714609
-0.0992633
-0.11763
-0.988084
0.209559
0.968247
-0.136321
0.970889
-0.228016
-0.0733733
-0.101716
-0.115135
-0.988128
0.216861
0.966826
-0.134976
0.96924
-0.234503
-0.0747119
-0.102833
-0.110064
-0.988591
0.223604
0.965864
-0.130793
0.967953
-0.240291
-0.0729909
-0.100463
-0.104127
-0.989477
0.230162
0.9651
-0.124931
0.96604
-0.246711
-0.076815
-0.104745
-0.102142
-0.98924
0.23621
0.963691
-0.124515
0.964788
-0.250731
-0.0794913
-0.108343
-0.103431
-0.988718
0.23968
0.962516
-0.126954
0.963699
-0.253409
-0.0840778
-0.11429
-0.106941
-0.987675
0.241294
0.96143
-0.132021
0.963301
-0.255478
-0.0823581
-0.114174
-0.112294
-0.987094
0.242932
0.960271
-0.137342
0.963025
-0.256393
-0.0827403
-0.115301
-0.114664
-0.98669
0.243493
0.959747
-0.139987
0.962548
-0.259431
-0.0787267
-0.112384
-0.11755
-0.986687
0.246723
0.958581
-0.142303
0.963023
-0.258965
-0.0743295
-0.109012
-0.122236
-0.986496
0.246382
0.958121
-0.145946
0.963782
-0.256991
-0.0712696
-0.107329
-0.129125
-0.985803
0.244139
0.957749
-0.152031
0.964419
-0.255378
-0.0684004
-0.104691
-0.131321
-0.985796
0.242769
0.957881
-0.153384
0.966177
-0.249313
-0.0659134
-0.101023
-0.130756
-0.986254
0.237267
0.959555
-0.151519
0.972946
-0.222209
-0.0632345
-0.0957109
-0.138564
-0.985718
0.210273
0.965103
-0.156084
0.980783
-0.185528
-0.0603638
-0.0875841
-0.142217
-0.985953
0.174337
0.972293
-0.155733
0.986563
-0.150405
-0.0638086
-0.0850467
-0.139296
-0.986592
0.1395
0.978762
-0.150216
0.991738
-0.116339
-0.0540465
-0.0691188
-0.129691
-0.989143
0.108066
0.984706
-0.13666
0.994367
-0.0865902
-0.0611293
-0.071811
-0.126166
-0.989407
0.0779605
0.988223
-0.131673
0.995159
-0.0747505
-0.0638086
-0.0729923
-0.127381
-0.989164
0.0658125
0.989033
-0.13222
0.9933
-0.0957165
-0.0647653
-0.0772021
-0.132535
-0.988167
0.0860002
0.986546
-0.139037
0.989576
-0.129572
-0.0628518
-0.079732
-0.129504
-0.988368
0.119926
0.983077
-0.138485
0.984928
-0.158864
-0.0684004
-0.0887709
-0.124888
-0.988192
0.148445
0.97937
-0.137108
0.979408
-0.188382
-0.0726084
-0.0963787
-0.120251
-0.988054
0.1774
0.974706
-0.135931
0.974305
-0.214474
-0.068783
-0.0951441
-0.115108
-0.988786
0.204152
0.969923
-0.132556
0.968933
-0.239154
-0.0630431
-0.0920195
-0.111992
-0.989439
0.229568
0.964501
-0.13052
0.961483
-0.26866
-0.0580668
-0.0911861
-0.112481
-0.989461
0.259297
0.956645
-0.132646
0.951204
-0.304353
-0.0507912
-0.0887216
-0.112116
-0.989727
0.295532
0.945938
-0.133648
0.938579
-0.341932
-0.0463863
-0.0879117
-0.106959
-0.990369
0.333678
0.933618
-0.130449
0.920652
-0.389022
-0.0325913
-0.0755326
-0.0956008
-0.99255
0.383008
0.916255
-0.117399
0.906956
-0.420476
-0.0251163
-0.0698048
-0.0912295
-0.99338
0.415402
0.902705
-0.112092
0.882058
-0.471035
-0.00997071
-0.0583327
-0.0881845
-0.994395
0.467516
0.877696
-0.105261
0.867618
-0.497229
-0.00153398
-0.0533805
-0.0900757
-0.994503
0.494358
0.862931
-0.104694
0.845035
-0.534659
0.00747809
-0.0502027
-0.093254
-0.994376
0.532349
0.839907
-0.105644
0.824265
-0.565975
0.0161061
-0.0461654
-0.0955303
-0.994355
0.564318
0.818869
-0.104871
0.799833
-0.598922
0.0394897
-0.0267179
-0.101253
-0.994502
0.599627
0.794381
-0.0969873
0.772301
-0.630596
0.076815
0.00611322
-0.113537
-0.993515
0.635228
0.767762
-0.0838294
0.751914
-0.652386
0.0949635
0.0162479
-0.125663
-0.99194
0.659061
0.747396
-0.0838881
0.738129
-0.664119
0.118794
0.0542247
-0.117111
-0.991637
0.672477
0.738398
-0.0504316
0.738191
-0.662129
0.129069
0.0954408
-0.0868945
-0.991635
0.667806
0.744335
-0.000950706
0.756782
-0.642248
0.121649
0.113173
-0.0545559
-0.992076
0.643796
0.764553
0.0313981
0.78761
-0.605956
0.111747
0.130646
-0.0130057
-0.991344
0.602164
0.795392
0.0689225
0.806471
-0.5808
0.110794
0.143786
0.0108878
-0.989549
0.573524
0.813973
0.0922919
0.823394
-0.557513
0.105838
0.145224
0.0267234
-0.989038
0.548573
0.829738
0.102968
0.847279
-0.521182
0.102405
0.153241
0.0552604
-0.986643
0.508561
0.851655
0.126687
0.865478
-0.491603
0.0962996
0.149167
0.0693917
-0.986374
0.478223
0.86805
0.133388
0.89037
-0.448175
0.0798736
0.132709
0.0876964
-0.987268
0.435464
0.889634
0.137559
0.904679
-0.420475
0.0689743
0.121055
0.0984262
-0.987754
0.408537
0.90195
0.139944
0.925921
-0.373376
0.0571097
0.111634
0.126067
-0.98572
0.360845
0.919074
0.15841
0.9399
-0.338336
0.0460032
0.100426
0.145149
-0.9843
0.326347
0.929764
0.170403
0.946032
-0.322619
0.0306748
0.0844472
0.154027
-0.984451
0.312878
0.933913
0.172958
0.947132
-0.319552
0.0287582
0.0834636
0.158847
-0.983769
0.309797
0.93416
0.17712
0.948723
-0.314425
0.0325913
0.0869483
0.160438
-0.983209
0.303916
0.935626
0.17955
0.950383
-0.30912
0.034891
0.0887209
0.161837
-0.982821
0.298163
0.937152
0.181233
0.951274
-0.306186
0.036424
0.0894327
0.160927
-0.982906
0.295091
0.938271
0.180469
0.953773
-0.298736
0.032783
0.0839177
0.15999
-0.983545
0.288576
0.940829
0.177663
0.954711
-0.295616
0.0337412
0.0841323
0.159442
-0.983616
0.285393
0.941907
0.177092
0.955215
-0.293566
0.0371905
0.0873119
0.159526
-0.983325
0.282738
0.942534
0.178013
0.955672
-0.291902
0.0385317
0.0876521
0.15712
-0.983682
0.281085
0.943455
0.175741
0.956632
-0.28899
0.0366156
0.0837605
0.1525
-0.984748
0.278998
0.945108
0.170092
0.957507
-0.286051
0.0368072
0.0813533
0.145442
-0.986016
0.276698
0.947112
0.162533
0.958556
-0.282565
0.036424
0.0784142
0.13875
-0.987218
0.273899
0.94916
0.155157
0.959619
-0.279082
0.0352742
0.0749997
0.132973
-0.988278
0.271121
0.951016
0.148534
0.959134
-0.281137
0.0320164
0.0711912
0.130258
-0.988921
0.273852
0.950787
0.144949
0.959487
-0.280242
0.0291415
0.0659748
0.122913
-0.990222
0.27392
0.952028
0.136423
0.960018
-0.279199
0.0203238
0.0531836
0.110628
-0.992438
0.274839
0.953839
0.121053
0.96093
-0.276668
0.00824505
0.0364778
0.097055
-0.99461
0.274377
0.956052
0.103355
0.960697
-0.277599
-0.000575243
0.0212504
0.075608
-0.996911
0.276785
0.957717
0.0785355
0.959678
-0.281097
0.00153398
0.0167161
0.0516205
-0.998527
0.280603
0.95829
0.0542379
0.958319
-0.285694
-0.00191747
0.00407878
0.0203919
-0.999784
0.285671
0.958104
0.0207072
0.95642
-0.29193
-0.00613588
-0.0119685
-0.0181977
-0.999763
0.291749
0.956267
-0.0208986
0.95498
-0.296502
-0.00997071
-0.0245138
-0.0453714
-0.998669
0.295656
0.953954
-0.0505972
0.954159
-0.298857
-0.0162978
-0.0384666
-0.0684465
-0.996913
0.296819
0.95184
-0.0768048
0.953865
-0.299167
-0.025308
-0.0537613
-0.0872633
-0.994734
0.295383
0.950202
-0.099321
0.952849
-0.302062
-0.0289498
-0.0625592
-0.102192
-0.992796
0.296928
0.947795
-0.11627
0.951572
-0.305074
-0.0379569
-0.0765031
-0.115404
-0.990368
0.297756
0.94531
-0.133155
0.94973
-0.31052
-0.0398729
-0.0838975
-0.129737
-0.987993
0.301619
0.941672
-0.149267
0.949945
-0.31059
-0.0337412
-0.0814361
-0.141902
-0.986525
0.301617
0.939892
-0.160092
0.949855
-0.311771
-0.0239662
-0.0758683
-0.155431
-0.984929
0.303347
0.937358
-0.171291
0.950269
-0.311099
-0.0143806
-0.0700945
-0.16866
-0.983179
0.303441
0.935292
-0.182078
0.949807
-0.312764
-0.00671112
-0.0663329
-0.180383
-0.981357
0.305723
0.932545
-0.192076
0.949827
-0.312771
0.00172573
-0.0597643
-0.186903
-0.980559
0.307013
0.931258
-0.196218
0.949865
-0.312581
0.0070946
-0.0556129
-0.191237
-0.979967
0.307676
0.930442
-0.199033
0.950705
-0.30983
0.0128467
-0.0504072
-0.195285
-0.97945
0.305972
0.930521
-0.201276
0.949907
-0.312192
0.0145723
-0.0484002
-0.193012
-0.980002
0.308761
0.930206
-0.198453
0.946922
-0.320087
0.0297165
-0.0316134
-0.184717
-0.982283
0.319906
0.929206
-0.185031
0.943808
-0.329759
0.0220492
-0.0411052
-0.183321
-0.982193
0.327929
0.926095
-0.186575
0.939781
-0.34135
0.0170647
-0.0454225
-0.174229
-0.983657
0.338744
0.923647
-0.179242
0.936592
-0.350186
0.0128467
-0.0467526
-0.161207
-0.985813
0.347289
0.922704
-0.167357
0.932909
-0.360068
0.00556065
-0.0501651
-0.145234
-0.988125
0.3566
0.921552
-0.153553
0.928428
-0.371493
-0.00383494
-0.0557085
-0.129005
-0.990078
0.367312
0.91943
-0.140467
0.924069
-0.381932
-0.0149558
-0.0616331
-0.110275
-0.991988
0.377223
0.917588
-0.125441
0.920763
-0.389276
-0.0256914
-0.0651869
-0.0885905
-0.993933
0.384639
0.916851
-0.106947
0.918484
-0.393305
-0.0412141
-0.0739053
-0.0683338
-0.994921
0.388491
0.916865
-0.0918308
0.917717
-0.392768
-0.0594068
-0.0862397
-0.0510117
-0.994968
0.387761
0.918222
-0.0806865
0.917516
-0.391226
-0.0714609
-0.0895883
-0.0282543
-0.995578
0.387477
0.919861
-0.0609731
0.917727
-0.390484
-0.0727996
-0.0853747
-0.0149172
-0.996237
0.387929
0.920489
-0.0470274
0.919764
-0.385947
-0.0712696
-0.0775565
-0.000722054
-0.996988
0.384733
0.922521
-0.0305968
0.9218
-0.381822
-0.0670613
-0.0710371
0.00369126
-0.997467
0.381102
0.924229
-0.0237209
0.922402
-0.380829
-0.0643826
-0.0679829
0.00400597
-0.997678
0.380202
0.924637
-0.0221947
0.923798
-0.378092
-0.0603638
-0.0623215
0.00706825
-0.998031
0.377774
0.925741
-0.0170336
0.925724
-0.374535
-0.0525147
-0.0522747
0.0108075
-0.998574
0.374569
0.92715
-0.00957396
0.927817
-0.370835
-0.0404477
-0.0372742
0.0157239
-0.999181
0.371168
0.928565
0.000766321
0.929494
-0.367378
-0.032783
-0.0267509
0.0215006
-0.999411
0.367866
0.929823
0.010157
0.93112
-0.363898
-0.0243495
-0.0171627
0.0229707
-0.999589
0.364308
0.931155
0.015143
0.932469
-0.36072
-0.019557
-0.0109727
0.0258307
-0.999606
0.361083
0.932316
0.0201282
0.932702
-0.360399
-0.0134219
-0.00450036
0.0255825
-0.999663
0.360621
0.932447
0.0222389
0.933801
-0.357741
-0.00613588
0.00421771
0.0281542
-0.999595
0.357768
0.933397
0.0277993
0.935047
-0.354522
-0.000575243
0.0108129
0.0301407
-0.999487
0.354358
0.934562
0.0320164
0.936624
-0.350199
0.00977897
0.0231165
0.0339257
-0.999157
0.349572
0.936061
0.039871
0.937115
-0.348335
0.0218575
0.035962
0.0340761
-0.998772
0.347163
0.93675
0.0444601
0.938253
-0.344465
0.0320164
0.0462064
0.0330618
-0.998385
0.34285
0.938217
0.0469368
0.938192
-0.34281
0.047727
0.0610917
0.0282868
-0.997731
0.340682
0.938979
0.0474813
0.938202
-0.341183
0.0580668
0.0686745
0.0190846
-0.997457
0.339207
0.939803
0.0413357
0.937967
-0.338453
0.0752855
0.0832612
0.00908635
-0.996486
0.33658
0.94094
0.0367027
