0.286113
0.189477
-0.386488
0.286113
0.189365
-0.386544
0.286224
0.189533
-0.386376
0.286057
0.189477
-0.3866
0.286113
0.189421
-0.386767
0.28589
0.189477
-0.38699
0.285722
0.189477
-0.387102
0.285499
0.189365
-0.387214
0.283657
0.188584
-0.387716
0.27936
0.184621
-0.384311
0.278299
0.181161
-0.377837
0.277462
0.177645
-0.373094
0.275732
0.175022
-0.370749
0.274783
0.171896
-0.368015
0.274058
0.169552
-0.365447
0.273109
0.167487
-0.363606
0.272383
0.165422
-0.362043
0.271379
0.163246
-0.360592
0.269984
0.161125
-0.358973
0.269481
0.159618
-0.357411
0.269258
0.158446
-0.356685
0.269035
0.158055
-0.356462
0.268979
0.158
-0.35635
0.268867
0.157776
-0.356183
0.268811
0.157497
-0.356462
0.2687
0.157274
-0.356518
0.2687
0.157051
-0.356741
0.268532
0.156772
-0.357132
0.268477
0.156604
-0.357243
0.268309
0.156493
-0.357522
0.267584
0.15599
-0.35808
0.266579
0.155823
-0.35836
0.263844
0.154707
-0.35836
0.261724
0.151191
-0.351885
0.2591
0.145889
-0.342621
0.258375
0.139973
-0.335979
0.258654
0.135229
-0.331236
0.257761
0.128476
-0.326213
0.25804
0.125741
-0.321859
0.257649
0.12429
-0.316334
0.255808
0.125574
-0.310251
0.255194
0.124904
-0.305228
0.255305
0.12429
-0.301377
0.259156
0.121165
-0.294233
0.264123
0.119211
-0.288875
0.267193
0.117146
-0.284355
0.268644
0.113519
-0.275983
0.268532
0.11123
-0.271407
0.268421
0.107045
-0.26404
0.269816
0.105259
-0.258738
0.270263
0.103305
-0.252878
0.272272
0.102301
-0.247017
0.274169
0.100403
-0.242385
0.276011
0.0993986
-0.240041
0.277574
0.0985056
-0.237083
0.281313
0.0980591
-0.234348
0.285555
0.0979475
-0.231558
0.288959
0.0997334
-0.229326
0.290299
0.102915
-0.226368
0.290466
0.106431
-0.222405
0.287675
0.109444
-0.216768
0.281983
0.111007
-0.211857
0.278076
0.110561
-0.206276
0.274616
0.109835
-0.200025
0.273053
0.108105
-0.194556
0.271267
0.105705
-0.188695
0.269314
0.103361
-0.185012
0.266858
0.0986172
-0.178984
0.266635
0.0936501
-0.174743
0.267584
0.0876784
-0.173906
0.267416
0.0830461
-0.179096
0.268309
0.0789161
-0.185626
0.270765
0.073949
-0.195058
0.274114
0.0708794
-0.201644
0.276346
0.0697074
-0.212415
0.279695
0.0707678
-0.21967
0.282932
0.0735025
-0.229884
0.287229
0.076293
-0.237474
0.290745
0.0786371
-0.243613
0.294596
0.0818741
-0.24925
0.299284
0.0863389
-0.25444
0.301907
0.0909154
-0.257956
0.30453
0.0937617
-0.259686
0.307767
0.0990079
-0.260747
0.310948
0.103417
-0.259966
0.314465
0.109333
-0.25818
0.315971
0.112905
-0.25617
0.316418
0.115695
-0.251147
0.315804
0.115193
-0.242441
0.316474
0.112793
-0.233623
0.316418
0.111677
-0.225196
0.31692
0.110951
-0.217159
0.317869
0.110784
-0.209624
0.319041
0.112123
-0.201699
0.320436
0.114691
-0.193886
0.321218
0.116923
-0.186575
0.322166
0.119323
-0.179598
0.323115
0.121444
-0.173571
0.324566
0.124011
-0.16838
0.326017
0.127136
-0.165032
0.326575
0.131322
-0.161572
0.327245
0.133499
-0.158446
0.326464
0.136178
-0.152977
0.326185
0.138187
-0.148512
0.326854
0.141033
-0.142931
0.327301
0.143991
-0.13908
0.327134
0.147731
-0.135843
0.32691
0.150912
-0.132941
0.327636
0.154595
-0.128699
0.32825
0.15733
-0.124402
0.328529
0.158837
-0.122393
0.332659
0.162018
-0.119044
0.334891
0.164306
-0.116588
0.336063
0.167599
-0.112458
0.335505
0.171283
-0.108663
0.33478
0.175357
-0.103138
0.330705
0.178203
-0.0977243
0.325236
0.179877
-0.0939291
0.318595
0.181273
-0.0900224
0.312511
0.181384
-0.0877342
0.30626
0.181719
-0.0843297
0.299842
0.181328
-0.0818741
0.29387
0.180659
-0.0797533
0.287062
0.180212
-0.0781906
0.28109
0.179933
-0.0773534
0.276067
0.179598
-0.0766837
0.27216
0.178817
-0.0772976
0.267528
0.178984
-0.0770744
0.261668
0.178984
-0.0750652
0.255026
0.177868
-0.0726095
0.250003
0.177254
-0.0695958
0.244646
0.177478
-0.0665262
0.240404
0.179208
-0.0643496
0.235269
0.183338
-0.0634566
0.230749
0.187858
-0.0623404
0.227791
0.19489
-0.0630101
0.226116
0.200248
-0.0641821
0.224163
0.205662
-0.0676982
0.222265
0.209066
-0.0690376
0.216461
0.212694
-0.0694841
0.211215
0.21554
-0.0682563
0.206471
0.218889
-0.0653542
0.204015
0.222014
-0.0615032
0.204853
0.224917
-0.061559
0.19983
0.225475
-0.0680889
0.196537
0.224972
-0.0723305
0.193914
0.222852
-0.0798091
0.195979
0.22274
-0.0844414
0.194974
0.222014
-0.0892969
0.194695
0.221456
-0.0918083
0.198434
0.220954
-0.0954918
0.209541
0.219168
-0.097501
0.214954
0.217773
-0.0989521
0.217019
0.216545
-0.100347
0.221373
0.216824
-0.10911
0.216852
0.21688
-0.118765
0.213726
0.214982
-0.123453
0.21434
0.212861
-0.124904
0.220033
0.20555
-0.125574
0.218247
0.200974
-0.126243
0.220089
0.195839
-0.127304
0.225056
0.192658
-0.128029
0.22846
0.190593
-0.128197
0.233651
0.188528
-0.127081
0.238283
0.188249
-0.126634
0.239344
0.189867
-0.126299
0.242748
0.193551
-0.125406
0.245204
0.195616
-0.12602
0.246097
0.198239
-0.126578
0.248608
0.199579
-0.126299
0.251789
0.199858
-0.123844
0.252626
0.19969
-0.121834
0.252682
0.197904
-0.121946
0.25151
0.197234
-0.123788
0.250059
0.19556
-0.126746
0.249389
0.193886
-0.128085
0.24805
0.191319
-0.129369
0.247492
0.189644
-0.130094
0.24738
0.18864
-0.130987
0.247324
0.187523
-0.132383
0.247715
0.187412
-0.133666
0.247827
0.188193
-0.136234
0.248162
0.188751
-0.138354
0.247827
0.188975
-0.139694
0.248217
0.188807
-0.140419
0.247715
0.188807
-0.140698
0.243474
0.187523
-0.141033
0.240292
0.187468
-0.136959
0.238116
0.185458
-0.133666
0.231139
0.182221
-0.132327
0.226619
0.177812
-0.130485
0.221205
0.169831
-0.126969
0.217577
0.163302
-0.124458
0.214787
0.155377
-0.123062
0.212164
0.147451
-0.123174
0.211829
0.140643
-0.124234
0.211717
0.136457
-0.125797
0.210992
0.132885
-0.127248
0.211941
0.127639
-0.127025
0.211103
0.12256
-0.125518
0.212108
0.1167
-0.122169
0.21434
0.115026
-0.120216
0.214899
0.114188
-0.117481
0.217131
0.115026
-0.111398
0.217968
0.115919
-0.107659
0.219977
0.117983
-0.100905
0.222321
0.120774
-0.0981149
0.2226
0.128811
-0.0976685
0.22327
0.134001
-0.0971662
0.224275
0.140754
-0.0964964
0.223717
0.146
-0.0964406
0.222154
0.1532
-0.0962174
0.222042
0.15906
-0.0952686
0.222433
0.166315
-0.0940966
0.221986
0.17385
-0.0936501
0.220647
0.181328
-0.0929804
0.219084
0.187021
-0.0916967
0.217131
0.19143
-0.0900224
0.215122
0.198741
-0.0862831
0.213336
0.20516
-0.08366
0.211271
0.211131
-0.0812602
0.209987
0.216043
-0.0793626
0.209373
0.220117
-0.0785254
0.209708
0.223075
-0.0788603
0.208424
0.222852
-0.0822089
0.208145
0.221177
-0.0843297
0.209038
0.219894
-0.0862273
0.210155
0.219726
-0.0880132
0.210992
0.220507
-0.0892969
0.212499
0.222014
-0.0891294
0.214229
0.225586
-0.0882365
0.21568
0.23033
-0.0869528
0.216405
0.237083
-0.0849437
0.216684
0.240823
-0.0839391
0.214731
0.244115
-0.0829345
0.212945
0.247464
-0.0810369
0.211662
0.247129
-0.0807579
0.210992
0.246236
-0.0802556
0.211159
0.246627
-0.0799765
0.211215
0.248748
-0.0800323
0.21155
0.251985
-0.0799207
0.211438
0.254998
-0.0788045
0.211382
0.257398
-0.0773534
0.211829
0.259463
-0.0761814
0.21222
0.261975
-0.075121
0.21222
0.263816
-0.0743397
0.211885
0.266328
-0.0728328
0.211829
0.26856
-0.0714933
0.211996
0.27057
-0.0698748
0.211717
0.272858
-0.0674191
0.211941
0.274197
-0.0656332
0.212164
0.275537
-0.0635682
0.21261
0.27922
-0.0618381
0.214954
0.281676
-0.0616707
0.217745
0.284076
-0.0626194
0.226005
0.285304
-0.0618381
0.230135
0.285527
-0.06128
0.23672
0.284745
-0.0604428
0.24219
0.284355
-0.06128
0.249724
0.284745
-0.0620613
0.256645
0.285527
-0.0638473
0.263119
0.286308
-0.0652983
0.267639
0.286252
-0.0669727
0.275006
0.286308
-0.0684237
0.280308
0.284969
-0.0695958
0.286169
0.284076
-0.0708236
0.290745
0.282959
-0.0716607
0.296438
0.279834
-0.0728886
0.300568
0.276876
-0.0738374
0.303916
0.271463
-0.0744513
0.307153
0.265714
-0.0744513
0.308549
0.258626
-0.0750094
0.309107
0.251036
-0.0767953
0.308883
0.243222
-0.0785254
0.309665
0.235297
-0.0824322
0.308102
0.228656
-0.0870086
0.304474
0.222517
-0.090134
0.301293
0.213699
-0.0911944
0.299452
0.205494
-0.0891294
0.298726
0.198295
-0.0875109
0.296996
0.190705
-0.0863947
0.295824
0.184398
-0.0851669
0.293312
0.178984
-0.0843855
0.290299
0.174464
-0.0852785
0.287564
0.169385
-0.0872319
0.28109
0.163637
-0.0913619
0.277406
0.158948
-0.0919758
0.271435
0.152642
-0.0920316
0.26736
0.147061
-0.0917525
0.261779
0.141368
-0.0931478
0.259324
0.138578
-0.0941524
0.257761
0.139303
-0.0969987
0.254691
0.142875
-0.100403
0.252347
0.147786
-0.103417
0.251399
0.154093
-0.105538
0.248162
0.164864
-0.110337
0.245762
0.17385
-0.115807
0.24498
0.18144
-0.119602
0.24459
0.187579
-0.122113
0.246264
0.195114
-0.122002
0.247492
0.201811
-0.12189
0.252236
0.209345
-0.120048
0.256924
0.215596
-0.118486
0.264682
0.21967
-0.118597
0.267081
0.22274
-0.11737
0.267974
0.223633
-0.116532
0.275788
0.228879
-0.111789
0.279025
0.238032
-0.112235
0.283099
0.245734
-0.1119
0.289238
0.25031
-0.109724
0.298838
0.251259
-0.110393
0.304698
0.249306
-0.110896
0.29694
0.246292
-0.113407
0.288457
0.246236
-0.112402
0.276458
0.244506
-0.109668
0.265686
0.242441
-0.107156
0.261333
0.240599
-0.105035
0.259882
0.240041
-0.10604
0.25977
0.239762
-0.107268
0.2615
0.241381
-0.11017
0.262896
0.243278
-0.113128
0.266244
0.245399
-0.115751
0.269035
0.246794
-0.119658
0.268198
0.247631
-0.125797
0.268923
0.248134
-0.129983
0.270318
0.247297
-0.133555
0.271044
0.246683
-0.135954
0.274895
0.246069
-0.138578
0.279415
0.244841
-0.141424
0.282987
0.24378
-0.143712
0.286392
0.242441
-0.146447
0.286503
0.242218
-0.148568
0.285052
0.242274
-0.150744
0.28695
0.242608
-0.152307
0.282764
0.242943
-0.152419
0.288234
0.244506
-0.150744
0.287899
0.245622
-0.151749
0.289908
0.248469
-0.152307
0.292922
0.24992
-0.152865
0.291973
0.250143
-0.1532
0.290466
0.249975
-0.152753
0.293759
0.250199
-0.152698
0.296996
0.250645
-0.15214
0.301516
0.250701
-0.152921
0.305256
0.250087
-0.154428
0.309218
0.249194
-0.156325
0.311339
0.248357
-0.157553
0.314632
0.248413
-0.159451
0.317478
0.248971
-0.162018
0.321832
0.250422
-0.164083
0.325403
0.252096
-0.165813
0.327301
0.253938
-0.167599
0.327301
0.254943
-0.16838
0.329757
0.256115
-0.168715
0.334891
0.258235
-0.16838
0.341812
0.258961
-0.170055
0.346611
0.258849
-0.17212
0.346444
0.257956
-0.173236
0.344267
0.249138
-0.179877
0.344546
0.244897
-0.183114
0.345216
0.240209
-0.185793
0.343709
0.235688
-0.189421
0.341086
0.230386
-0.192993
0.337179
0.225307
-0.195225
0.335728
0.223075
-0.195281
0.335896
0.221345
-0.194723
0.333105
0.217884
-0.1945
0.332156
0.216433
-0.194332
0.33171
0.21621
-0.1945
0.331096
0.215987
-0.1945
0.327636
0.216377
-0.1945
0.326073
0.217215
-0.193216
0.324734
0.216991
-0.192435
0.324287
0.216154
-0.191319
0.323729
0.214815
-0.192044
0.317981
0.210796
-0.195114
0.316195
0.208508
-0.196621
0.314353
0.204378
-0.198797
0.311228
0.199913
-0.200304
0.305702
0.195839
-0.201644
0.299005
0.190705
-0.202257
0.292308
0.187412
-0.200751
0.284997
0.181998
-0.198295
0.277295
0.179096
-0.195728
0.268532
0.176082
-0.192993
0.259714
0.173682
-0.19143
0.248664
0.171506
-0.188975
0.240739
0.171338
-0.185682
0.2322
0.172734
-0.182389
0.224721
0.174575
-0.179822
0.217466
0.177478
-0.177366
0.211438
0.183282
-0.17318
0.207308
0.188249
-0.168994
0.205857
0.194444
-0.164697
0.206359
0.200025
-0.162241
0.202843
0.207336
-0.159227
0.201783
0.214424
-0.156883
0.201783
0.222517
-0.154205
0.20223
0.226312
-0.153312
0.20396
0.230888
-0.151972
0.207755
0.236637
-0.150688
0.213447
0.242329
-0.149572
0.219308
0.249306
-0.147675
0.222991
0.25684
-0.14561
0.226898
0.263537
-0.144382
0.230749
0.270458
-0.144214
0.235883
0.280002
-0.142931
0.242804
0.284745
-0.142317
0.249836
0.287313
-0.14254
0.254412
0.289043
-0.142205
0.258598
0.289266
-0.141089
0.264961
0.289545
-0.137294
0.272104
0.289824
-0.133555
0.278355
0.288038
-0.131657
0.285052
0.285024
-0.130485
0.291247
0.27922
-0.12976
0.297163
0.274979
-0.128699
0.305144
0.267277
-0.129201
0.311172
0.260859
-0.130485
0.317869
0.254273
-0.132104
0.321832
0.249194
-0.132997
0.326799
0.243501
-0.13255
0.33065
0.239371
-0.131657
0.333217
0.237251
-0.131155
0.334612
0.23273
-0.12976
0.335952
0.229772
-0.124737
0.337235
0.22754
-0.120718
0.337347
0.225754
-0.116198
0.337179
0.223298
-0.109779
0.3369
0.219559
-0.103138
0.335784
0.213252
-0.0968313
0.33517
0.208062
-0.093092
0.332212
0.200137
-0.0895201
0.327859
0.19316
-0.0897434
0.323506
0.185068
-0.0915293
0.319934
0.174854
-0.0924223
0.316697
0.166148
-0.0937617
0.312902
0.157386
-0.0956593
0.307098
0.149014
-0.097222
0.301126
0.141368
-0.0982824
0.295042
0.136122
-0.0974452
0.287341
0.130485
-0.0968313
0.280532
0.127025
-0.0971662
0.273779
0.123955
-0.0981149
0.26736
0.1215
-0.0994544
0.258933
0.118988
-0.0996218
0.250673
0.115974
-0.0980591
0.242804
0.114523
-0.095436
0.235827
0.114133
-0.0925339
0.227735
0.114691
-0.0891853
0.221763
0.115584
-0.0875109
0.217075
0.118151
-0.0879574
0.213224
0.123341
-0.091027
0.208145
0.128085
-0.0936501
0.201002
0.136903
-0.0939291
0.197597
0.141759
-0.0923106
0.195867
0.150242
-0.0909154
0.197486
0.157776
-0.0925897
0.19983
0.164809
-0.0955477
0.206192
0.170111
-0.100403
0.212722
0.175133
-0.104756
0.21981
0.18038
-0.108105
0.227288
0.184845
-0.110951
0.233428
0.189309
-0.112235
0.238897
0.193663
-0.112235
0.244255
0.198351
-0.112068
0.250729
0.202704
-0.111789
0.258096
0.206276
-0.11084
0.26563
0.209903
-0.11017
0.275006
0.213475
-0.109444
0.282653
0.217159
-0.108663
0.291247
0.219335
-0.108775
0.300679
0.220228
-0.109835
0.309776
0.222572
-0.113686
0.319041
0.22341
-0.117537
0.327245
0.223465
-0.118876
0.334612
0.223075
-0.120718
0.345942
0.220731
-0.121723
0.350965
0.215429
-0.123174
0.357271
0.210573
-0.122672
0.361569
0.19902
-0.121611
0.36341
0.19037
-0.118709
0.365364
0.181161
-0.115751
0.367485
0.171506
-0.109947
0.36341
0.161906
-0.106263
0.359727
0.152865
-0.10191
0.356378
0.144549
-0.098673
0.352472
0.137071
-0.096329
0.352472
0.133666
-0.0956593
0.35236
0.132885
-0.0966081
0.351579
0.133276
-0.0991195
0.350295
0.133778
-0.100236
0.348174
0.132717
-0.0990079
0.345774
0.12842
-0.0972778
0.343542
0.122393
-0.0947663
0.340919
0.113184
-0.0944873
0.338017
0.104645
-0.0955477
0.335059
0.0971662
-0.0976126
0.331487
0.0903015
-0.101073
0.327915
0.0843297
-0.105705
0.325459
0.0776883
-0.113909
0.322334
0.0724421
-0.123732
0.319208
0.0684237
-0.130652
0.31519
0.0626752
-0.13735
0.313237
0.0575407
-0.141201
0.312288
0.0530758
-0.143266
0.312679
0.0494481
-0.148568
0.313906
0.0478296
-0.153591
0.316139
0.0479413
-0.156716
0.317199
0.0481087
-0.159116
0.315748
0.0478296
-0.160902
0.310223
0.0433648
-0.156939
0.302912
0.0383977
-0.1532
0.293647
0.0340444
-0.149182
0.287452
0.03064
-0.142931
0.281369
0.0277378
-0.138243
0.27763
0.0276262
-0.134894
0.27389
0.0299145
-0.130318
0.272607
0.0324259
-0.12563
0.272216
0.0345467
-0.117928
0.272272
0.037114
-0.112068
0.273611
0.040351
-0.108105
0.280588
0.0458763
-0.106989
0.28561
0.0505644
-0.107268
0.293591
0.0568709
-0.105594
0.299117
0.061559
-0.104254
0.303247
0.0675308
-0.102859
0.307321
0.0731676
-0.102636
0.309163
0.0823206
-0.10297
0.311283
0.0887946
-0.10297
0.312511
0.0997893
-0.10085
0.313181
0.110617
-0.0972778
0.314409
0.121667
-0.0935385
0.315581
0.132383
-0.0903573
0.315134
0.141256
-0.0889062
0.314185
0.150242
-0.0873435
0.314297
0.159227
-0.0846088
0.31519
0.167878
-0.0814276
0.317757
0.175301
-0.0791394
0.323673
0.182556
-0.0779115
0.328808
0.189365
-0.0776325
0.335393
0.195058
-0.0787487
0.340695
0.200639
-0.0805346
0.345551
0.20516
-0.0828229
0.349569
0.208118
-0.084553
0.353197
0.20968
-0.0857808
0.35928
0.210852
-0.0865622
0.366926
0.210462
-0.088069
0.370833
0.209624
-0.088962
0.376247
0.207392
-0.0896875
0.3806
0.205327
-0.0897992
0.388748
0.203764
-0.0911944
0.39606
0.201588
-0.0940408
0.404431
0.200527
-0.0957151
0.412133
0.198351
-0.0981707
0.418384
0.196565
-0.0998451
0.423909
0.192156
-0.101687
0.427927
0.185961
-0.10297
0.428262
0.176752
-0.102636
0.428709
0.166706
-0.101017
0.430048
0.156046
-0.101408
0.425528
0.147172
-0.104031
0.420616
0.140364
-0.105984
0.414868
0.131099
-0.1095
0.41057
0.124123
-0.111733
0.405882
0.116253
-0.116477
0.40125
0.110282
-0.122058
0.395278
0.104645
-0.128141
0.389586
0.0989521
-0.132662
0.384339
0.0929246
-0.136792
0.378423
0.0872877
-0.140754
0.370498
0.0805346
-0.144159
0.360508
0.073056
-0.144661
0.352304
0.0660797
-0.143266
0.342984
0.0606103
-0.144326
0.332603
0.0568151
-0.147954
0.320492
0.0530758
-0.151637
0.308158
0.0496714
-0.152977
0.297219
0.0447601
-0.152865
0.287564
0.0398487
-0.151414
0.279304
0.0343235
-0.146838
0.274672
0.0299703
-0.142819
0.271156
0.0236637
-0.136066
0.270876
0.0193663
-0.130206
0.270542
0.0161851
-0.12563
0.270039
0.0144549
-0.122002
0.274002
0.012669
-0.117593
0.276011
0.0122783
-0.116756
0.280476
0.0130039
-0.115193
0.282987
0.0175245
-0.119379
0.288345
0.0242776
-0.123788
0.294596
0.0303609
-0.126913
0.300958
0.038286
-0.129201
0.307488
0.0484994
-0.131769
0.313962
0.0578755
-0.132606
0.318762
0.0655216
-0.131099
0.323115
0.0723863
-0.127248
0.327301
0.0785813
-0.122337
0.328138
0.0836042
-0.116477
0.331766
0.0900224
-0.112068
0.332268
0.0992312
-0.111175
0.334054
0.108886
-0.110226
0.338017
0.119881
-0.103863
0.341812
0.130318
-0.0977243
0.346277
0.13975
-0.0923106
0.349234
0.149182
-0.088962
0.352918
0.159841
-0.0864505
0.357718
0.169831
-0.0852227
0.360173
0.178371
-0.0849995
0.36062
0.185626
-0.0841623
0.360955
0.195449
-0.0814834
0.35995
0.204099
-0.0793626
0.353476
0.211689
-0.0782464
0.348062
0.218498
-0.0756233
0.340082
0.221345
-0.0733351
0.330705
0.223633
-0.0698748
0.322111
0.224024
-0.0681447
0.310837
0.224749
-0.0667494
0.300958
0.226144
-0.0641263
0.29041
0.226647
-0.0617265
0.282039
0.227707
-0.059215
0.279415
0.228712
-0.058322
0.279025
0.232563
-0.0609451
0.272383
0.234739
-0.0634008
0.264291
0.235521
-0.0634566
0.256533
0.233846
-0.0621171
0.24978
0.230888
-0.0607777
0.243585
0.227316
-0.0607219
0.23672
0.22101
-0.0622288
0.232367
0.213085
-0.0683121
0.227009
0.205829
-0.0756791
0.223884
0.198295
-0.0828229
0.22461
0.193886
-0.0875109
0.227009
0.188026
-0.097222
0.236274
0.185738
-0.105649
0.243083
0.183728
-0.112347
0.25218
0.182947
-0.1191
0.25977
0.183393
-0.12563
0.265798
0.184956
-0.13188
0.27216
0.187077
-0.135954
0.27523
0.189086
-0.138019
0.279918
0.191765
-0.140196
0.283099
0.193328
-0.14081
0.285499
0.194723
-0.139805
0.286336
0.196062
-0.138466
0.286615
0.198072
-0.136401
0.287062
0.199132
-0.135285
0.287062
0.199355
-0.135285
0.28868
0.200583
-0.134001
0.288792
0.200862
-0.133834
0.288847
0.20103
-0.133889
0.288959
0.201309
-0.134057
0.296438
0.203541
-0.131825
0.303302
0.205662
-0.131601
0.308883
0.210127
-0.130318
0.315581
0.216768
-0.12535
0.320436
0.222405
-0.117649
0.322948
0.226591
-0.112737
0.325962
0.229605
-0.109779
0.329366
0.234181
-0.106598
0.331654
0.23792
-0.0968871
0.337291
0.240209
-0.0880132
0.342314
0.243278
-0.0834368
0.347951
0.245901
-0.0812602
0.354202
0.247855
-0.0800323
0.360955
0.248748
-0.080423
0.365643
0.248748
-0.0817066
0.370498
0.246348
-0.0862273
0.372396
0.243892
-0.0899666
0.373847
0.240599
-0.0933152
0.376414
0.235632
-0.0963848
0.378423
0.231223
-0.0998451
0.380042
0.228209
-0.103305
0.380712
0.223633
-0.116142
0.379595
0.223019
-0.128476
0.376917
0.222684
-0.136178
0.376861
0.222405
-0.140196
0.376079
0.222293
-0.141815
0.375689
0.222405
-0.14254
0.376637
0.22207
-0.144382
0.377307
0.22101
-0.147675
0.37753
0.219615
-0.151414
0.378591
0.217717
-0.154316
0.379595
0.21621
-0.155879
0.381102
0.214536
-0.157944
0.383112
0.213308
-0.159841
0.385511
0.211801
-0.161795
0.387241
0.211243
-0.162576
0.391539
0.209569
-0.164139
0.394274
0.20795
-0.166036
0.397957
0.205997
-0.168994
0.400971
0.204546
-0.172399
0.404766
0.203318
-0.175915
0.407501
0.203988
-0.179766
0.408338
0.205494
-0.182724
0.41057
0.207448
-0.185068
0.413082
0.20929
-0.186463
0.413249
0.210462
-0.186519
0.415035
0.215094
-0.18557
0.417268
0.217605
-0.18384
0.416598
0.220842
-0.181998
0.415705
0.223186
-0.181105
0.41537
0.227595
-0.179822
0.416821
0.233846
-0.178426
0.417714
0.236637
-0.177645
0.418105
0.23753
-0.177198
0.417044
0.238367
-0.176808
0.416096
0.238534
-0.176808
0.4171
0.239706
-0.177143
0.41844
0.241102
-0.177812
0.417044
0.24272
-0.178259
0.416151
0.246013
-0.176975
0.413026
0.247631
-0.173961
0.410403
0.247073
-0.168827
0.406608
0.245232
-0.167432
0.401808
0.243111
-0.166204
0.396562
0.241269
-0.165199
0.394888
0.240823
-0.163581
0.394943
0.240488
-0.163916
0.388693
0.238367
-0.167041
0.389865
0.236972
-0.169441
0.388469
0.232004
-0.170669
0.385958
0.2286
-0.170445
0.382944
0.224861
-0.170278
0.379707
0.222852
-0.169943
0.376191
0.218833
-0.169385
0.372173
0.216657
-0.16905
0.368154
0.21448
-0.170111
0.362629
0.214368
-0.172008
0.353364
0.215708
-0.173627
0.343374
0.219112
-0.175357
0.334054
0.224917
-0.175524
0.325515
0.230498
-0.174073
0.317925
0.235409
-0.17212
0.312065
0.23926
-0.170445
0.308102
0.241381
-0.169273
0.30693
0.241548
-0.168436
0.30587
0.241325
-0.167822
0.305423
0.241381
-0.167376
0.304307
0.242274
-0.166148
0.304084
0.242999
-0.165088
0.304028
0.243557
-0.164139
0.304251
0.24378
-0.163525
0.304028
0.244394
-0.163804
0.301349
0.245622
-0.163134
0.294819
0.246962
-0.1604
0.291973
0.246013
-0.155209
0.290299
0.244394
-0.152809
0.287564
0.241827
-0.150409
0.281536
0.240711
-0.149405
0.276569
0.23965
-0.149796
0.270542
0.239874
-0.150298
0.265351
0.240767
-0.151358
0.259603
0.241436
-0.152809
0.255194
0.241995
-0.153479
0.247883
0.242832
-0.154539
0.24046
0.243892
-0.153423
0.231977
0.245064
-0.152698
0.224051
0.246683
-0.150521
0.218526
0.24819
-0.14907
0.210489
0.249194
-0.147842
0.201727
0.250422
-0.146503
0.195588
0.251929
-0.145554
0.197765
0.254552
-0.144717
0.199439
0.255612
-0.14494
0.200778
0.259407
-0.147619
0.206583
0.260691
-0.150912
0.212164
0.261528
-0.155432
0.218861
0.260245
-0.158167
0.225223
0.259631
-0.159953
0.231195
0.25857
-0.163078
0.237055
0.257287
-0.16492
0.245371
0.25511
-0.166315
0.25497
0.253324
-0.167711
0.263565
0.250868
-0.169273
0.270932
0.24992
-0.170445
0.278746
0.248301
-0.172622
0.286392
0.247185
-0.174073
0.293201
0.246404
-0.17731
0.298893
0.24618
-0.180045
0.30174
0.246794
-0.182947
0.306484
0.248022
-0.186575
0.311507
0.248301
-0.188305
0.318371
0.248022
-0.190928
0.320548
0.248413
-0.191319
0.323227
0.248078
-0.191653
0.325906
0.246906
-0.191207
0.328529
0.245232
-0.190872
0.332436
0.241715
-0.190816
0.336565
0.238255
-0.191765
0.340472
0.236637
-0.194221
0.345997
0.234293
-0.19729
0.349011
0.23167
-0.198574
0.352472
0.228488
-0.199858
0.351634
0.22341
-0.200527
0.353197
0.219001
-0.202369
0.353755
0.215764
-0.204322
0.356099
0.213475
-0.206164
0.357104
0.209959
-0.207615
0.357048
0.207838
-0.208397
0.355095
0.206946
-0.209959
0.355876
0.207113
-0.210685
0.351467
0.206611
-0.208564
0.348621
0.206332
-0.205327
0.344379
0.206053
-0.202536
0.338351
0.204601
-0.198462
0.334947
0.202425
-0.1945
0.332938
0.196788
-0.188584
0.332826
0.190649
-0.184677
0.335561
0.180045
-0.183784
0.336845
0.171171
-0.184342
0.335896
0.158558
-0.18384
0.336231
0.14801
-0.182054
0.337626
0.136959
-0.178761
0.338798
0.128476
-0.174687
0.338686
0.120216
-0.16972
0.337738
0.113574
-0.160902
0.338686
0.110449
-0.15387
0.340305
0.105705
-0.143321
0.345049
0.104198
-0.137796
0.346109
0.103584
-0.136513
0.3465
0.103361
-0.136066
0.346946
0.104254
-0.137127
0.346723
0.104868
-0.136568
0.348007
0.107324
-0.130039
0.351746
0.108775
-0.128029
0.358555
0.112123
-0.131266
0.363187
0.11257
-0.135229
0.371447
0.110672
-0.143824
0.377475
0.109165
-0.152363
0.384004
0.109779
-0.166315
0.386181
0.11084
-0.176306
0.381381
0.110951
-0.185961
0.375075
0.111063
-0.194779
0.360564
0.111007
-0.199969
0.356378
0.11257
-0.205829
0.354648
0.115249
-0.211299
0.355653
0.1191
-0.216991
0.364248
0.12256
-0.220396
0.373066
0.125909
-0.224637
0.378368
0.127415
-0.230832
0.377196
0.128476
-0.23926
0.376693
0.133164
-0.248134
0.377698
0.136568
-0.251036
0.37301
0.144326
-0.252654
0.370387
0.152419
-0.249864
0.367764
0.164083
-0.245678
0.364136
0.176696
-0.242664
0.354369
0.186072
-0.238423
0.344491
0.192156
-0.230721
0.33478
0.194611
-0.220787
0.324231
0.198965
-0.209401
0.313851
0.20622
-0.200137
0.304028
0.215038
-0.192323
0.297554
0.226368
-0.184007
0.291024
0.234572
-0.180324
0.283043
0.24406
-0.176306
0.273667
0.24685
-0.173459
0.264682
0.246683
-0.167766
0.256198
0.245678
-0.162799
0.248664
0.247241
-0.158614
0.240627
0.252487
-0.154205
0.232423
0.258124
-0.151247
0.227177
0.26443
-0.147284
0.223047
0.267109
-0.143824
0.216908
0.268225
-0.138019
0.212834
0.268393
-0.134057
0.206862
0.266384
-0.130764
0.19916
0.263537
-0.127974
0.190565
0.261249
-0.124346
0.182249
0.257733
-0.118876
0.174436
0.255836
-0.114133
0.16679
0.252264
-0.108719
0.159479
0.248022
-0.106542
0.153507
0.244394
-0.105147
0.147591
0.238255
-0.10325
0.144466
0.232004
-0.102301
0.142345
0.225028
-0.101408
0.141619
0.21755
-0.100347
0.143349
0.210796
-0.0999567
0.14614
0.203262
-0.099287
0.150493
0.194053
-0.0980591
0.15373
0.192435
-0.0993428
0.155125
0.195783
-0.10537
0.156074
0.1969
-0.106152
0.162939
0.193886
-0.102245
0.173487
0.191877
-0.103529
0.182138
0.19277
-0.107659
0.19023
0.192658
-0.112123
0.20089
0.191374
-0.117035
0.209708
0.190035
-0.119769
0.219419
0.188249
-0.122616
0.228851
0.187356
-0.125406
0.235493
0.186965
-0.128587
0.24152
0.185905
-0.130541
0.247548
0.185514
-0.131713
0.255361
0.183338
-0.132494
0.264737
0.181831
-0.133722
0.272997
0.179822
-0.135452
0.28349
0.178929
-0.136122
0.290857
0.177924
-0.139303
0.294708
0.177868
-0.14388
0.296494
0.178482
-0.146391
0.29934
0.179431
-0.14801
0.302744
0.179877
-0.150075
0.304586
0.180715
-0.151693
0.305088
0.180938
-0.152753
0.306372
0.180882
-0.153535
0.307544
0.180045
-0.15426
0.309832
0.176529
-0.156046
0.313181
0.172622
-0.158669
0.313404
0.16799
-0.162855
0.312846
0.162576
-0.167376
0.311897
0.156995
-0.171506
0.312455
0.150856
-0.175636
0.313181
0.145331
-0.179654
0.314576
0.140754
-0.184342
0.317478
0.136457
-0.192993
0.321887
0.132997
-0.199467
0.325962
0.130597
-0.205383
0.329031
0.129369
-0.209792
0.331766
0.128141
-0.214926
0.333273
0.126746
-0.218833
0.335226
0.12602
-0.221233
0.33584
0.124904
-0.223298
0.338965
0.123899
-0.222963
0.340975
0.122672
-0.219503
0.342928
0.12189
-0.213978
0.343598
0.120272
-0.206443
0.344156
0.120048
-0.202481
0.345328
0.121053
-0.200304
0.345216
0.124346
-0.197402
0.344323
0.127025
-0.192546
0.343542
0.128476
-0.181887
0.339189
0.127471
-0.17664
0.332268
0.124625
-0.17212
0.327636
0.123118
-0.166818
0.322724
0.12189
-0.159451
0.322724
0.121165
-0.151693
0.322557
0.122113
-0.14801
0.321943
0.124067
-0.143935
0.323617
0.12535
-0.137406
0.326631
0.12602
-0.131322
0.329589
0.12775
-0.129257
0.332938
0.131601
-0.127527
0.336565
0.13428
-0.123788
0.341979
0.13668
-0.117425
0.352081
0.140866
-0.112905
0.358387
0.147172
-0.111398
0.361903
0.152753
-0.11123
0.368043
0.156437
-0.110226
0.371838
0.158781
-0.110003
0.380154
0.16213
-0.10844
0.388358
0.164585
-0.10911
0.396562
0.167041
-0.11123
0.404599
0.169218
-0.112179
0.412635
0.170724
-0.113574
0.420784
0.171729
-0.115249
0.427983
0.173738
-0.116923
0.432057
0.177589
-0.121276
0.433453
0.181831
-0.12563
0.433676
0.187579
-0.130987
0.432392
0.1945
-0.135843
0.428597
0.202034
-0.143489
0.422402
0.207894
-0.151358
0.416877
0.211187
-0.155153
0.40884
0.213643
-0.156828
0.401082
0.21515
-0.156493
0.392767
0.217047
-0.154037
0.384172
0.21861
-0.151581
0.375075
0.220117
-0.148679
0.36715
0.221735
-0.146056
0.358499
0.223521
-0.143098
0.350351
0.223131
-0.139973
0.344044
0.223242
-0.13735
0.338351
0.225028
-0.13361
0.333719
0.225698
-0.131769
0.32691
0.225642
-0.127304
0.320994
0.226033
-0.125239
0.315637
0.226591
-0.123397
0.31106
0.227372
-0.122504
0.3052
0.227986
-0.12256
0.302298
0.228098
-0.12323
0.296884
0.228098
-0.124904
0.287173
0.227372
-0.124178
0.277518
0.22514
-0.120662
0.268867
0.224135
-0.117649
0.261779
0.221959
-0.115751
0.252068
0.219726
-0.118542
0.243976
0.214592
-0.120439
0.23566
0.211634
-0.120328
0.226563
0.207671
-0.121444
0.219866
0.204769
-0.123341
0.213615
0.201085
-0.125574
0.208927
0.195002
-0.129257
0.203904
0.19037
-0.131769
0.201671
0.183338
-0.135452
0.19983
0.179319
-0.137796
0.198546
0.172734
-0.14081
0.197709
0.165478
-0.142819
