0.058839
-0.998182
0.0130573
-0.998267
-0.058843
8.26038e-05
0.000685877
-0.0130395
-0.999915
0.0595436
-0.998154
0.0119296
-0.998222
-0.0595697
-0.00184265
0.00254989
-0.0117986
-0.999927
0.0600951
-0.998127
0.0114273
-0.998182
-0.0601441
-0.00399469
0.00467449
-0.0111664
-0.999927
0.0601483
-0.998127
0.011138
-0.998168
-0.0602167
-0.00591242
0.00657204
-0.010762
-0.99992
0.0601133
-0.998133
0.0108522
-0.998155
-0.0602005
-0.00790327
0.00854181
-0.0103571
-0.99991
0.0602744
-0.998126
0.0105432
-0.998129
-0.0603768
-0.00967697
0.0102954
-0.00994018
-0.999898
0.0607805
-0.998102
0.00987718
-0.998078
-0.0608926
-0.0114833
0.012063
-0.00916024
-0.999885
0.0605833
-0.998112
0.0100664
-0.998081
-0.0607044
-0.0121891
0.0127772
-0.00930864
-0.999875
0.0556139
-0.998336
0.0152391
-0.998436
-0.0556938
-0.00486939
0.00571001
-0.0149444
-0.999872
0.053831
-0.998415
0.0164423
-0.998522
-0.0536994
0.00834488
-0.00744871
-0.0168673
-0.99983
0.0587663
-0.998138
0.0163395
-0.9982
-0.0585578
0.0129633
-0.0119823
-0.0170719
-0.999782
0.0650778
-0.997761
0.0154467
-0.997799
-0.0648671
0.0137697
-0.0127369
-0.0163088
-0.999786
0.0690262
-0.997518
0.0138696
-0.997539
-0.0688424
0.0133157
-0.0123279
-0.0147546
-0.999815
0.0720068
-0.997357
0.00964647
-0.997345
-0.0718941
0.0115543
-0.0108303
-0.0104529
-0.999887
0.074603
-0.997195
0.00605407
-0.997162
-0.0745365
0.0105591
-0.0100783
-0.00682464
-0.999926
0.075698
-0.997113
0.00587549
-0.997082
-0.0756349
0.0103002
-0.00982603
-0.00663805
-0.99993
0.0756931
-0.997116
0.00550884
-0.997076
-0.0756295
0.0109672
-0.0105189
-0.00632287
-0.999925
0.0753862
-0.997138
0.00579033
-0.997098
-0.0753187
0.0111007
-0.0106328
-0.00661037
-0.999922
0.0742905
-0.997229
0.00382022
-0.997179
-0.0742445
0.0110125
-0.0106983
-0.00462757
-0.999932
0.0737284
-0.997278
-8.52968e-06
-0.997207
-0.0737232
0.0120017
-0.0119697
-0.000876362
-0.999928
0.0746732
-0.997181
-0.0073535
-0.997131
-0.0747571
0.0118726
-0.0123889
0.00644583
-0.999902
0.0782874
-0.996848
-0.012889
-0.996891
-0.0783934
0.00793721
-0.00892261
0.0122276
-0.999885
0.0814362
-0.996554
-0.0157793
-0.996671
-0.0814874
0.00262749
-0.00390425
0.0155128
-0.999872
0.0843058
-0.996259
-0.0189686
-0.99644
-0.0842795
-0.00218117
0.000574345
0.0190849
-0.999818
0.0846672
-0.996147
-0.0228777
-0.996407
-0.0845939
-0.00415499
0.00220367
0.0231472
-0.99973
0.0857723
-0.995941
-0.0272739
-0.996306
-0.0856248
-0.00653273
0.00417089
0.0277335
-0.999607
0.0857762
-0.99584
-0.030748
-0.9963
-0.0855669
-0.00806152
0.00539697
0.0313257
-0.999495
0.0857493
-0.995828
-0.0312168
-0.996296
-0.0855019
-0.00917992
0.00647252
0.0318884
-0.99947
0.0863669
-0.995787
-0.0308151
-0.996222
-0.086039
-0.0118148
0.00911368
0.0317191
-0.999455
0.0886893
-0.995657
-0.028321
-0.996058
-0.0886083
-0.00410196
0.00157467
0.0285732
-0.99959
0.0914095
-0.99565
-0.0180411
-0.995581
-0.0917649
0.0199646
-0.0215333
0.0161364
-0.999638
0.0972962
-0.995252
-0.00250909
-0.994375
-0.0973159
0.0418042
-0.0418499
-0.00157241
-0.999123
0.11134
-0.993649
0.0162675
-0.992465
-0.110335
0.0532767
-0.0511435
-0.0220768
-0.998447
0.131352
-0.990579
0.0387352
-0.9897
-0.128791
0.0625085
-0.0569308
-0.0465469
-0.997292
0.162839
-0.984801
0.0604192
-0.985149
-0.158906
0.0650419
-0.0544523
-0.0701133
-0.996052
0.199267
-0.976931
0.0767993
-0.978736
-0.194518
0.0651032
-0.0486626
-0.0881392
-0.994919
0.241343
-0.96655
0.0867994
-0.969573
-0.236382
0.0636477
-0.0410009
-0.0995194
-0.994191
0.278792
-0.956077
0.0905125
-0.959762
-0.27408
0.0611258
-0.0336333
-0.103912
-0.994018
0.308241
-0.948151
0.0774395
-0.95087
-0.304606
0.0553302
-0.0288729
-0.09069
-0.995461
0.329668
-0.942761
0.0502018
-0.943693
-0.327504
0.0467462
-0.0276292
-0.0627858
-0.997645
0.345997
-0.937996
0.0212162
-0.937968
-0.345269
0.0317158
-0.022424
-0.0308737
-0.999272
0.344777
-0.938654
-0.00756039
-0.938558
-0.344851
0.0136773
-0.0154455
0.00238023
-0.999878
0.331169
-0.943092
-0.0300699
-0.943562
-0.331141
-0.00605893
-0.00424323
0.0303793
-0.999529
0.304401
-0.951331
-0.0480483
-0.952532
-0.303757
-0.0203512
0.00476575
0.0519625
-0.998638
0.265384
-0.961957
-0.0648821
-0.964112
-0.264241
-0.0257718
0.00764686
0.0693931
-0.99756
0.226616
-0.970041
-0.0875526
-0.973958
-0.225028
-0.0277291
0.00719658
0.0915564
-0.995774
0.189612
-0.976066
-0.106503
-0.981819
-0.187509
-0.0295182
0.00884135
0.110164
-0.993874
0.145062
-0.983694
-0.106315
-0.989388
-0.143324
-0.0238572
0.00823071
0.108648
-0.994046
0.101525
-0.990429
-0.0935
-0.994828
-0.101374
-0.00638053
-0.003159
0.0936642
-0.995599
0.0627995
-0.994824
-0.0798878
-0.997831
-0.0641688
0.0146877
-0.019738
0.0787922
-0.996696
0.0275856
-0.997922
-0.0582251
-0.999006
-0.0295622
0.0333644
-0.0350164
0.0572468
-0.997746
-0.00252746
-0.999529
-0.0305953
-0.998953
0.00112602
0.0457365
-0.0456805
0.0306789
-0.998485
-0.0282218
-0.999601
0.00133725
-0.997999
0.0282523
0.0565674
-0.0565826
0.000261861
-0.998398
-0.0439563
-0.998506
0.0324702
-0.996878
0.045972
0.0641866
-0.0655834
-0.0295474
-0.99741
-0.0479511
-0.99676
0.0645844
-0.996326
0.0523234
0.0678015
-0.0709611
-0.061096
-0.995606
-0.0305694
-0.995732
0.0870829
-0.996848
0.0367528
0.0703108
-0.0732112
-0.084659
-0.993717
0.00167885
-0.994601
0.103758
-0.997571
0.00555911
0.0694297
-0.0696316
-0.103622
-0.992176
0.040112
-0.992505
0.115433
-0.99727
-0.0325987
0.0662561
-0.0619965
-0.117775
-0.991103
0.0778691
-0.98883
0.127089
-0.995621
-0.070516
0.0613724
-0.051725
-0.131312
-0.989991
0.118167
-0.983965
0.133599
-0.992034
-0.111064
0.0594468
-0.0436555
-0.13956
-0.989251
0.160179
-0.978293
0.131475
-0.986528
-0.154175
0.054712
-0.0332543
-0.138467
-0.989809
0.200931
-0.972466
0.118056
-0.97939
-0.196893
0.0450465
-0.0205618
-0.124674
-0.991985
0.24561
-0.963686
0.104809
-0.969352
-0.24353
0.0324083
-0.00570733
-0.109557
-0.993964
0.290112
-0.952682
0.0907291
-0.95698
-0.2893
0.0222639
0.00503751
-0.093285
-0.995627
0.328502
-0.940716
0.0844955
-0.944367
-0.328659
0.0124514
0.0160569
-0.0838851
-0.996346
0.363703
-0.927855
0.0824893
-0.931214
-0.364408
0.00688252
0.0236738
-0.0793184
-0.996568
0.401647
-0.91259
0.0765463
-0.915326
-0.402711
0.00166817
0.0293037
-0.0707348
-0.997065
0.431095
-0.900008
0.0643649
-0.901794
-0.432156
-0.00286716
0.0303962
-0.0568079
-0.997922
0.446994
-0.893418
0.0447177
-0.894262
-0.447538
-0.00242708
0.0221813
-0.0389044
-0.998997
0.448466
-0.893663
0.0156439
-0.893799
-0.448374
0.00915012
-0.00116279
-0.018086
-0.999836
0.437738
-0.898914
-0.018446
-0.898483
-0.438105
0.0281349
-0.0333722
0.00425766
-0.999434
0.409519
-0.910985
-0.0489821
-0.910149
-0.41165
0.04662
-0.0626336
0.0254892
-0.997711
0.36944
-0.926365
-0.0732272
-0.924875
-0.374197
0.0677019
-0.0901181
0.0427142
-0.995015
0.325203
-0.941297
-0.0905669
-0.938378
-0.33307
0.0922546
-0.117004
0.0549845
-0.991608
0.282225
-0.953406
-0.106612
-0.948656
-0.293897
0.11695
-0.142833
0.0681315
-0.987399
0.24013
-0.963179
-0.120933
-0.956047
-0.256246
0.142522
-0.168262
0.0813943
-0.982376
0.198777
-0.97197
-0.125544
-0.961558
-0.218184
0.16674
-0.189458
0.0875738
-0.977976
0.160845
-0.97968
-0.119818
-0.964851
-0.181638
0.189923
-0.207828
0.0850583
-0.97446
0.123664
-0.986595
-0.106477
-0.965833
-0.144295
0.215282
-0.22776
0.0762164
-0.97073
0.0915987
-0.991475
-0.092666
-0.96373
-0.111689
0.242383
-0.250667
0.0671031
-0.965745
0.0641661
-0.995354
-0.0717909
-0.961312
-0.080962
0.263295
-0.267884
0.0521189
-0.962041
0.0477397
-0.998031
-0.0406779
-0.96145
-0.0569545
0.269018
-0.270805
0.0262669
-0.962276
0.0446652
-0.998898
-0.0143927
-0.962721
-0.046886
0.266402
-0.266783
0.00195731
-0.963755
0.0459537
-0.998738
0.0202446
-0.965629
-0.0392219
0.256948
-0.25583
-0.0313565
-0.966213
0.0508921
-0.997264
0.0536108
-0.968961
-0.036302
0.244536
-0.24192
-0.0643916
-0.968157
0.0589195
-0.994474
0.0868941
-0.972529
-0.037546
0.229733
-0.225201
-0.0980428
-0.969367
0.0678442
-0.990457
0.119971
-0.97584
-0.0408451
0.214634
-0.207686
-0.131634
-0.969298
0.0767231
-0.985766
0.149594
-0.978051
-0.0452573
0.203391
-0.193726
-0.161915
-0.967602
0.0876712
-0.980595
0.17535
-0.979772
-0.0530948
0.192947
-0.179893
-0.188718
-0.965414
0.104763
-0.975804
0.191914
-0.980456
-0.069029
0.18423
-0.166524
-0.207464
-0.963965
0.115534
-0.97445
0.192611
-0.979768
-0.079893
0.183501
-0.163424
-0.209915
-0.963965
0.116645
-0.974665
0.190847
-0.979737
-0.0814214
0.182989
-0.162814
-0.208324
-0.964413
0.117092
-0.975213
0.187748
-0.979656
-0.0823963
0.182989
-0.162983
-0.205355
-0.965021
0.117734
-0.975733
0.184616
-0.979157
-0.0830808
0.185333
-0.165498
-0.202588
-0.965178
0.118293
-0.975784
0.183988
-0.978485
-0.0830056
0.188883
-0.169037
-0.202373
-0.96461
0.118377
-0.97547
0.185594
-0.978244
-0.0824974
0.190351
-0.170371
-0.204089
-0.964013
0.117515
-0.975312
0.186965
-0.977945
-0.0809213
0.192548
-0.172665
-0.205469
-0.963312
0.116827
-0.97514
0.188288
-0.978024
-0.0799962
0.192537
-0.172688
-0.206644
-0.963056
0.118125
-0.975217
0.187079
-0.978266
-0.0819559
0.190469
-0.170417
-0.205512
-0.963703
0.121948
-0.976052
0.180145
-0.978232
-0.0874903
0.188171
-0.167904
-0.19917
-0.965474
0.123306
-0.977198
0.172858
-0.979181
-0.0915034
0.181198
-0.161249
-0.191602
-0.968136
0.123241
-0.978211
0.167078
-0.981166
-0.0948745
0.168263
-0.148745
-0.184668
-0.97148
0.124463
-0.978346
0.165371
-0.982501
-0.0982441
0.158241
-0.138567
-0.182172
-0.973454
0.130771
-0.97792
0.163006
-0.982959
-0.106467
0.149852
-0.129188
-0.179824
-0.975179
0.143863
-0.977173
0.156321
-0.982323
-0.121895
0.142067
-0.119769
-0.173996
-0.977436
0.166429
-0.976122
0.139596
-0.979797
-0.147785
0.134747
-0.110899
-0.159202
-0.980998
0.193487
-0.972677
0.128302
-0.976399
-0.178116
0.122142
-0.0959519
-0.148907
-0.984185
0.225582
-0.965853
0.127441
-0.971341
-0.212925
0.105644
-0.0749007
-0.14762
-0.986204
0.267998
-0.956097
0.118556
-0.961804
-0.258392
0.0903669
-0.0557657
-0.138246
-0.988827
0.30702
-0.946367
0.100636
-0.950876
-0.300626
0.073886
-0.0396696
-0.118377
-0.992176
0.345496
-0.934375
0.0870391
-0.938268
-0.342281
0.049966
-0.0168952
-0.0989291
-0.994951
0.384479
-0.920501
0.0696745
-0.923126
-0.383684
0.0249905
0.00372914
-0.0739267
-0.997257
0.422487
-0.905056
0.048767
-0.906168
-0.422914
0.00171351
0.0190734
-0.0449151
-0.998809
0.457036
-0.889241
0.0192168
-0.889166
-0.457328
-0.0153019
0.0223955
-0.0100934
-0.999698
0.485933
-0.873898
-0.01309
-0.873725
-0.485355
-0.0321644
0.0217551
0.0270668
-0.999397
0.5078
-0.860334
-0.0443132
-0.861266
-0.505873
-0.0481016
0.0189666
0.0625915
-0.997859
0.516668
-0.852319
-0.081282
-0.856184
-0.514503
-0.0472762
-0.00152544
0.0940185
-0.995569
0.508166
-0.853952
-0.111953
-0.860693
-0.508236
-0.0300611
-0.031228
0.111633
-0.993259
0.477989
-0.869382
-0.125308
-0.875948
-0.482375
0.00538701
-0.0651288
0.107188
-0.992103
0.446281
-0.883777
-0.140609
-0.888562
-0.456277
0.0476441
-0.106263
0.103677
-0.988918
0.41113
-0.8975
-0.159582
-0.89994
-0.427496
0.085756
-0.145187
0.108358
-0.983453
0.369641
-0.912421
-0.175653
-0.912186
-0.392324
0.118316
-0.176867
0.116494
-0.977316
0.316673
-0.931698
-0.177923
-0.928032
-0.343118
0.145006
-0.196151
0.119199
-0.973302
0.265625
-0.94972
-0.165755
-0.942608
-0.291924
0.162082
-0.202321
0.113189
-0.972756
0.216646
-0.964713
-0.149641
-0.954205
-0.241642
0.176359
-0.206295
0.104581
-0.972885
0.168971
-0.977283
-0.127937
-0.962696
-0.191477
0.19119
-0.211343
0.0908588
-0.97318
0.128309
-0.986132
-0.105264
-0.968069
-0.147589
0.202633
-0.215358
0.0759029
-0.973581
0.0925512
-0.992845
-0.0754468
-0.972173
-0.106481
0.208666
-0.215207
0.0540351
-0.975072
0.0581428
-0.997485
-0.0405258
-0.974315
-0.065545
0.215438
-0.217552
0.0269587
-0.975676
0.0356314
-0.999307
-0.010751
-0.974669
-0.0371257
0.220547
-0.220794
0.00262025
-0.975317
0.0345114
-0.999398
-0.003678
-0.975028
-0.0344773
0.219391
-0.219386
-0.00398534
-0.97563
0.0391636
-0.999231
-0.0018576
-0.974869
-0.0386166
0.219408
-0.219311
-0.00678189
-0.975631
0.0409375
-0.99916
0.00198417
-0.975919
-0.0395594
0.214514
-0.214256
-0.0107181
-0.976719
0.0452238
-0.998965
0.0049456
-0.979467
-0.0433664
0.196884
-0.196466
-0.0137479
-0.980414
0.0559719
-0.998284
0.0172055
-0.984017
-0.0522379
0.17024
-0.169049
-0.0264592
-0.985252
0.0669368
-0.99757
0.0193457
-0.98821
-0.0636081
0.139264
-0.137695
-0.0284395
-0.990066
0.074215
-0.997123
0.0153965
-0.991688
-0.0721657
0.106522
-0.105104
-0.0231741
-0.994191
0.0765251
-0.99701
0.0107589
-0.994349
-0.0755157
0.0746178
-0.0735822
-0.0164082
-0.997154
0.0791796
-0.996712
0.0171769
-0.996029
-0.078398
0.0421987
-0.0407134
-0.02045
-0.998962
0.0802027
-0.996415
0.0269077
-0.996686
-0.0797985
0.0157737
-0.01357
-0.0280836
-0.999513
0.0683981
-0.997029
0.0354336
-0.997653
-0.0682451
0.0055092
-0.00307466
-0.0357273
-0.999357
0.0563298
-0.997466
0.0434624
-0.998412
-0.0562434
0.00320912
-0.000756518
-0.0435741
-0.99905
0.0536107
-0.997025
0.0553732
-0.998532
-0.0539591
-0.00481335
0.00778692
-0.0550338
-0.998454
0.0600441
-0.996428
0.0593849
-0.99798
-0.0611625
-0.0171953
0.020766
-0.0582324
-0.998087
0.0629079
-0.996341
0.057849
-0.99771
-0.064226
-0.0212145
0.0248523
-0.056382
-0.9981
0.064779
-0.996592
0.0510766
-0.997536
-0.0660515
-0.0236317
0.0269248
-0.0494199
-0.998415
0.0684897
-0.99661
0.0455865
-0.996958
-0.070075
-0.0341346
0.0372134
-0.04311
-0.998377
0.071032
-0.996528
0.0434377
-0.995843
-0.073338
-0.0540219
0.05702
-0.0394199
-0.997595
0.0648516
-0.996774
0.0472932
-0.995467
-0.0679252
-0.0665718
0.0695694
-0.0427615
-0.99666
0.0643639
-0.996882
0.0456564
-0.995384
-0.0673966
-0.0683286
0.0711926
-0.0410477
-0.996618
0.0932597
-0.993537
0.0647027
-0.993272
-0.0973224
-0.062766
0.0686573
-0.0584138
-0.995929
0.147709
-0.986333
0.0730071
-0.987895
-0.150673
-0.0368902
0.0473862
-0.0666744
-0.996649
0.218169
-0.974318
0.0557337
-0.97569
-0.218979
-0.00878218
0.0207611
-0.0524628
-0.998407
0.279412
-0.95899
0.0476139
-0.96005
-0.279822
-0.00203168
0.0152718
-0.0451441
-0.998864
0.340947
-0.939212
0.0404451
-0.939987
-0.34121
0.000422277
0.0134037
-0.0381618
-0.999182
0.403252
-0.914543
0.0315915
-0.915033
-0.403369
0.0028507
0.0101359
-0.0300568
-0.999497
0.461823
-0.886589
0.0260614
-0.886921
-0.461912
0.00286653
0.00949665
-0.0244383
-0.999656
0.521316
-0.853113
0.0206731
-0.853289
-0.521438
-0.000612444
0.0113022
-0.0173208
-0.999786
0.578548
-0.815637
0.00432978
-0.815623
-0.578564
-0.00475815
0.00638598
-0.000778648
-0.999979
0.628731
-0.777389
-0.0190991
-0.77762
-0.628467
-0.0183393
0.00225364
0.0263823
-0.999649
0.666728
-0.743376
-0.0535268
-0.745263
-0.665701
-0.0377593
-0.00756349
0.0650667
-0.997852
0.684975
-0.723314
-0.0873261
-0.728493
-0.681678
-0.0679214
-0.0103998
0.110141
-0.993862
0.686839
-0.717631
-0.115143
-0.726809
-0.678415
-0.107245
-0.00115214
0.157347
-0.987543
0.669298
-0.731385
-0.130829
-0.742695
-0.653574
-0.145759
0.0210995
0.194723
-0.980631
0.631942
-0.764208
-0.128981
-0.773137
-0.610037
-0.173535
0.0539338
0.209384
-0.976345
0.587275
-0.799346
-0.127096
-0.805281
-0.561248
-0.191112
0.0814327
0.214583
-0.973305
0.539336
-0.832523
-0.126578
-0.834931
-0.509116
-0.209023
0.109573
0.218418
-0.969684
0.489652
-0.862747
-0.12613
-0.860702
-0.455142
-0.228118
0.139401
0.220259
-0.965429
0.436199
-0.891634
-0.121328
-0.884097
-0.39953
-0.242381
0.167641
0.212992
-0.962565
0.38391
-0.918696
-0.0927957
-0.90601
-0.35539
-0.229876
0.178208
0.172326
-0.968786
0.334777
-0.940003
-0.0657202
-0.925848
-0.315157
-0.208522
0.175299
0.130655
-0.975807
0.290229
-0.956154
-0.0392044
-0.941957
-0.278215
-0.187917
0.168771
0.091468
-0.981402
0.245092
-0.96937
-0.0158713
-0.956485
-0.239096
-0.16724
0.158322
0.0561697
-0.985789
0.200539
-0.979655
0.00782004
-0.968645
-0.199467
-0.148124
0.14667
0.0221297
-0.988938
0.158177
-0.986948
0.0302396
-0.978767
-0.160762
-0.127163
0.130365
-0.00948326
-0.991421
0.119788
-0.991497
0.0508416
-0.98709
-0.124427
-0.10085
0.106318
-0.0381047
-0.993602
0.0837528
-0.994466
0.0634336
-0.993927
-0.0879279
-0.0661643
0.0713757
-0.0575069
-0.99579
0.0420538
-0.996294
0.075031
-0.998601
-0.0443219
-0.0288232
0.0320419
-0.073714
-0.996765
0.00619602
-0.9972
0.0745187
-0.999954
-0.00563461
0.00774163
-0.00730007
-0.0745633
-0.99719
-0.0283874
-0.99744
0.0656273
-0.998572
0.0312697
0.0433162
-0.0452575
-0.0643039
-0.996904
-0.0626659
-0.996499
0.0553429
-0.9947
0.0668897
0.0780915
-0.08152
-0.0501559
-0.995409
-0.101596
-0.993784
0.0455072
-0.987611
0.106253
0.115475
-0.119592
-0.0332116
-0.992267
-0.136205
-0.990318
0.0267936
-0.978923
0.138694
0.14991
-0.152174
-0.00581049
-0.988337
-0.153365
-0.988019
0.0172721
-0.974777
0.154132
0.161413
-0.162141
0.00791878
-0.986736
-0.153809
-0.988086
0.00533821
-0.97375
0.15249
0.16899
-0.16779
0.0207941
-0.985603
-0.133639
-0.990851
-0.0188172
-0.975349
0.128136
0.179652
-0.175597
0.0423618
-0.98355
-0.100167
-0.993451
-0.0549608
-0.977237
0.087849
0.193105
-0.187012
0.0730525
-0.979638
-0.0598996
-0.994555
-0.0852758
-0.979004
0.0418574
0.199499
-0.194844
0.0954352
-0.97618
-0.0132648
-0.993365
-0.11424
-0.979952
-0.00979898
0.198991
-0.19879
0.11459
-0.97332
0.0309905
-0.990882
-0.13112
-0.980448
-0.0556406
0.188749
-0.194323
0.122707
-0.973233
0.0735997
-0.986645
-0.14531
-0.979764
-0.0987292
0.174114
-0.186135
0.129555
-0.973945
0.117426
-0.980407
-0.158157
-0.977254
-0.1424
0.157153
-0.176595
0.136105
-0.974828
0.159124
-0.972944
-0.167512
-0.973696
-0.182691
0.136166
-0.163085
0.141439
-0.976421
0.196646
-0.967488
-0.159054
-0.970979
-0.214685
0.10541
-0.136129
0.13371
-0.981626
0.234259
-0.961423
-0.144181
-0.966245
-0.24661
0.074524
-0.107205
0.121856
-0.986741
0.270282
-0.952136
-0.142775
-0.958325
-0.280308
0.0551412
-0.0925228
0.121921
-0.988218
0.318176
-0.938491
-0.134158
-0.945695
-0.324128
0.0245531
-0.0665273
0.119061
-0.990656
0.362235
-0.924201
-0.120985
-0.931336
-0.364089
-0.00719997
-0.0373951
0.115286
-0.992628
0.400191
-0.910302
-0.105814
-0.916364
-0.398885
-0.0341629
-0.0111091
0.110636
-0.993799
0.436291
-0.895377
-0.0891602
-0.899694
-0.43253
-0.0588875
0.014162
0.105909
-0.994275
0.473226
-0.878118
-0.0704735
-0.879995
-0.467495
-0.0840106
0.0408252
0.101772
-0.99397
0.508077
-0.859849
-0.0501718
-0.858736
-0.501197
-0.106649
0.0665563
0.0972704
-0.99303
0.533671
-0.845489
-0.0185411
-0.83992
-0.527344
-0.128233
0.0986424
0.0840074
-0.991571
0.556486
-0.830814
0.00842532
-0.82076
-0.551272
-0.149839
0.129133
0.0764682
-0.988675
0.575635
-0.817206
0.0286002
-0.802503
-0.5713
-0.17206
0.156948
0.0760922
-0.984671
0.588108
-0.807456
0.0463007
-0.787328
-0.584667
-0.195652
0.185051
0.0786107
-0.97958
0.583899
-0.809685
0.0589298
-0.785893
-0.581956
-0.209042
0.203553
0.075747
-0.976129
0.551602
-0.831372
0.0675038
-0.806825
-0.552339
-0.209657
0.211588
0.0611835
-0.975442
0.508546
-0.857099
0.0822338
-0.833635
-0.514014
-0.202095
0.215484
0.0342213
-0.975907
0.466986
-0.879723
0.0895027
-0.859936
-0.475385
-0.185795
0.205996
0.00979695
-0.978504
0.422451
-0.901199
0.0968241
-0.885743
-0.433136
-0.166888
0.192338
-0.0152591
-0.98121
0.373957
-0.92196
0.100729
-0.910851
-0.385547
-0.14732
0.174659
-0.0366582
-0.983946
0.331287
-0.938466
0.0976201
-0.931103
-0.341906
-0.127073
0.152631
-0.0487967
-0.987078
0.291888
-0.951814
0.0940806
-0.947658
-0.30111
-0.106192
0.129404
-0.0581601
-0.989885
0.250889
-0.96401
0.0879726
-0.962322
-0.258224
-0.0851875
0.104838
-0.0632853
-0.992474
0.214902
-0.973875
0.0733761
-0.973345
-0.219735
-0.0656974
0.0801043
-0.0573017
-0.995138
0.19618
-0.979768
0.0395889
-0.979116
-0.197926
-0.0464521
0.053348
-0.0296491
-0.998136
0.203632
-0.979006
-0.00902204
-0.978855
-0.2034
-0.0217298
0.0194385
0.0132561
-0.999723
0.238772
-0.969519
-0.0549578
-0.971045
-0.238834
-0.00553603
-0.00775851
0.0546883
-0.998473
0.281566
-0.955267
-0.090477
-0.959359
-0.282097
-0.00712794
-0.0187142
0.0888069
-0.995873
0.317235
-0.94266
-0.103703
-0.948199
-0.317214
-0.017134
-0.0167443
0.103766
-0.994461
0.329973
-0.9391
-0.0959601
-0.943949
-0.329204
-0.0241895
-0.00887409
0.0985633
-0.995091
0.335827
-0.937906
-0.0869054
-0.941923
-0.334494
-0.029901
-0.00102507
0.0918997
-0.995768
0.33863
-0.937384
-0.0814965
-0.940913
-0.337032
-0.0330473
0.00351116
0.0878719
-0.996126
0.338139
-0.937951
-0.0768811
-0.941082
-0.336556
-0.0330811
0.00515368
0.0835374
-0.996491
0.336959
-0.9384
-0.0765729
-0.941511
-0.33549
-0.0316847
0.0040435
0.0827706
-0.99656
0.335064
-0.938927
-0.0784137
-0.942195
-0.333853
-0.0284717
0.00055426
0.0834209
-0.996514
0.334306
-0.939287
-0.0773335
-0.942464
-0.33309
-0.028495
0.0010059
0.08241
-0.996598
0.334802
-0.93927
-0.0753566
-0.942285
-0.333505
-0.0295646
0.00263739
0.0809057
-0.996718
0.338428
-0.937799
-0.0774572
-0.940989
-0.337061
-0.0304815
0.00247768
0.0832022
-0.99653
0.34378
-0.935003
-0.0870927
-0.93905
-0.342318
-0.0316712
-0.00020081
0.0926724
-0.995697
0.357208
-0.927748
-0.108104
-0.934018
-0.35523
-0.0376949
-0.00343028
0.114436
-0.993425
0.388994
-0.91019
-0.142256
-0.921176
-0.38613
-0.048367
-0.010906
0.149857
-0.988648
0.425862
-0.888357
-0.171647
-0.904654
-0.421329
-0.0638934
-0.0155597
0.182491
-0.983084
0.459083
-0.867367
-0.192137
-0.888158
-0.453074
-0.0768004
-0.0204384
0.205906
-0.978358
0.489536
-0.846273
-0.210182
-0.871502
-0.482845
-0.0857021
-0.0289582
0.225129
-0.973899
0.51793
-0.825701
-0.223532
-0.854625
-0.510752
-0.0935342
-0.0369379
0.23948
-0.970198
0.548586
-0.801665
-0.237458
-0.834696
-0.541535
-0.100114
-0.0483345
0.253126
-0.966225
0.580133
-0.774677
-0.251637
-0.812073
-0.57403
-0.105006
-0.0631017
0.265265
-0.962109
0.61223
-0.746388
-0.26092
-0.787067
-0.606803
-0.110975
-0.0754965
0.273304
-0.958961
0.645004
-0.716509
-0.265678
-0.759259
-0.640263
-0.116572
-0.0865784
0.276908
-0.956988
0.676392
-0.684959
-0.270784
-0.729675
-0.673241
-0.119667
-0.100336
0.278526
-0.955173
0.705843
-0.651791
-0.277407
-0.698816
-0.704806
-0.122088
-0.115942
0.280031
-0.952964
0.728489
-0.626412
-0.277331
-0.673832
-0.728196
-0.125224
-0.12351
0.278098
-0.952579
0.738725
-0.618297
-0.268317
-0.66297
-0.738318
-0.123929
-0.121478
0.269436
-0.955326
0.735603
-0.62579
-0.259375
-0.66568
-0.738731
-0.105584
-0.125535
0.250328
-0.959988
0.719473
-0.645954
-0.25515
-0.680048
-0.729824
-0.0699324
-0.141041
0.223828
-0.964369
0.699495
-0.671646
-0.244127
-0.698214
-0.715122
-0.0331306
-0.152328
0.193627
-0.969177
0.677693
-0.696284
-0.236475
-0.716404
-0.697684
0.00120077
-0.165821
0.168598
-0.971637
0.653343
-0.722497
-0.226143
-0.736492
-0.675731
0.0310932
-0.175277
0.146238
-0.973598
0.625657
-0.750485
-0.212896
-0.758742
-0.648849
0.0574889
-0.181282
0.125565
-0.975382
0.596265
-0.778038
-0.197803
-0.78104
-0.61919
0.0811238
-0.185595
0.106121
-0.976879
0.566506
-0.804234
-0.179662
-0.802467
-0.587972
0.101659
-0.187394
0.0865822
-0.978462
0.535783
-0.828807
-0.161296
-0.823118
-0.555263
0.118997
-0.188187
0.0690092
-0.979706
0.503017
-0.852774
-0.140537
-0.844618
-0.519517
0.129319
-0.183291
0.0536502
-0.981594
0.467292
-0.876029
-0.119207
-0.866919
-0.48048
0.132629
-0.173464
0.0413664
-0.983971
0.433057
-0.89601
-0.098121
-0.887091
-0.442963
0.129822
-0.159786
0.030822
-0.98667
0.410066
-0.908776
-0.0772756
-0.900726
-0.416829
0.122253
-0.143312
0.0194723
-0.989486
0.39537
-0.916749
-0.057035
-0.909866
-0.399393
0.112379
-0.125803
0.00746291
-0.992027
0.388539
-0.92069
-0.0369843
-0.915554
-0.390276
0.0971911
-0.103917
-0.0039014
-0.994578
0.399917
-0.916155
-0.0269439
-0.912902
-0.400773
0.0773979
-0.0817069
-0.00635557
-0.996636
0.424772
-0.905275
-0.00677033
-0.903736
-0.424466
0.0555938
-0.0532014
-0.0174961
-0.998431
0.451766
-0.891925
0.0194039
-0.891764
-0.450842
0.0387107
-0.025779
-0.0347919
-0.999062
0.476941
-0.877838
0.0439164
-0.878933
-0.476214
0.0264183
-0.0022774
-0.0511996
-0.998686
0.502373
-0.862213
0.0648784
-0.864449
-0.50246
0.0161679
0.0186586
-0.0642064
-0.997762
0.530234
-0.843656
0.0842376
-0.846952
-0.531626
0.00680704
0.0390401
-0.0749545
-0.996422
0.557536
-0.823635
0.103819
-0.828066
-0.56063
-0.000749121
0.0588213
-0.0855517
-0.994596
0.584824
-0.802905
0.115431
-0.80785
-0.589352
-0.00644182
0.0732019
-0.0894839
-0.993295
0.610777
-0.783703
0.112967
-0.7877
-0.615902
-0.013938
0.0804996
-0.0804708
-0.993501
0.633211
-0.765477
0.114409
-0.768479
-0.639396
-0.0247707
0.0921142
-0.072236
-0.993125
0.655145
-0.745847
0.12041
-0.748008
-0.662748
-0.0353402
0.10616
-0.0669148
-0.992095
0.677499
-0.725054
0.123663
-0.726242
-0.686052
-0.0436448
0.116484
-0.0602396
-0.991364
0.700014
-0.703194
0.124494
-0.703232
-0.709115
-0.051193
0.124279
-0.0517123
-0.990899
0.722398
-0.679315
0.129119
-0.678082
-0.73252
-0.0601528
0.135445
-0.0440988
-0.989803
0.742207
-0.656045
0.136873
-0.653529
-0.753752
-0.0689799
0.148422
-0.0382528
-0.988184
0.761051
-0.633744
0.138458
-0.629847
-0.772987
-0.0760535
0.155225
-0.0293267
-0.987444
0.773995
-0.620275
0.127241
-0.615475
-0.784195
-0.0789246
0.148737
-0.0172264
-0.988727
0.781869
-0.611864
0.119596
-0.606221
-0.790928
-0.083245
0.145527
-0.00741512
-0.989327
0.788739
-0.604519
0.111571
-0.598004
-0.796584
-0.0885712
0.142419
0.00313968
-0.989802
0.787577
-0.606967
0.106362
-0.600401
-0.794701
-0.0892703
0.13871
0.00644761
-0.990312
0.77906
-0.619695
0.0951003
-0.614244
-0.784822
-0.0822071
0.12558
0.00562943
-0.992067
0.766805
-0.635513
0.0901833
-0.631233
-0.77209
-0.073633
0.116424
-0.000464563
-0.993199
0.752335
-0.653276
0.0849837
-0.650165
-0.757087
-0.064068
0.106194
-0.00705283
-0.99432
0.735524
-0.672326
0.0835618
-0.670375
-0.740072
-0.0537675
0.097991
-0.0164705
-0.995051
0.715326
-0.694023
0.0814837
-0.693285
-0.719458
-0.0416723
0.0875456
-0.0266821
-0.995803
0.691519
-0.718976
0.069814
-0.719099
-0.694347
-0.0279094
0.0685413
-0.0309032
-0.99717
0.664406
-0.745525
0.0525155
-0.745834
-0.665905
-0.0173772
0.0479255
-0.0276223
-0.998469
0.636406
-0.77061
0.0338699
-0.770776
-0.637015
-0.0107398
0.0298519
-0.0192712
-0.999369
0.606253
-0.795216
0.0094471
-0.795203
-0.606314
-0.0059653
0.0104716
-0.00389588
-0.999938
0.575082
-0.818008
-0.0119452
-0.818091
-0.575065
-0.00516591
-0.00264351
0.0127431
-0.999915
0.541533
-0.839939
-0.0352794
-0.840516
-0.541779
-0.00300425
-0.0165903
0.0312798
-0.999373
0.508304
-0.859336
-0.0562925
-0.860741
-0.509042
-0.0014096
-0.0274439
0.0491697
-0.998413
0.474636
-0.87669
-0.0783341
-0.879412
-0.476062
-0.000539785
-0.0368186
0.0691441
-0.996927
0.435332
-0.895023
-0.0970582
-0.899029
-0.437858
0.00532403
-0.0472628
0.0849403
-0.995264
0.394055
-0.912608
-0.108936
-0.917528
-0.397514
0.0111797
-0.0535062
0.0955465
-0.993986
0.35161
-0.928997
-0.115479
-0.934242
-0.356079
0.0199862
-0.0596867
0.100858
-0.993109
0.308924
-0.943794
-0.117549
-0.94891
-0.314211
0.0290049
-0.0643098
0.102583
-0.992643
0.263349
-0.958136
-0.112348
-0.962367
-0.26902
0.0384474
-0.0670617
0.0979948
-0.992925
0.21766
-0.97049
-0.103797
-0.973473
-0.223544
0.0487586
-0.0705229
0.0904304
-0.993403
0.175722
-0.979766
-0.0958099
-0.98172
-0.181633
0.0568701
-0.0731217
0.0840653
-0.993774
0.142775
-0.986382
-0.0816482
-0.987167
-0.147879
0.0602822
-0.0715353
0.0719936
-0.994836
0.11979
-0.990802
-0.0629451
-0.990498
-0.123586
0.060341
-0.0675652
0.0551188
-0.996191
0.0999274
-0.994495
-0.0315231
-0.993075
-0.101652
0.0589028
-0.0617829
0.0254187
-0.997766
0.0758007
-0.997113
0.00456779
-0.995001
-0.0753398
0.065553
-0.0650195
-0.00951391
-0.997839
0.0502638
-0.998
0.0383379
-0.995895
-0.0471904
0.077245
-0.0752813
-0.0420631
-0.996275
0.0359321
-0.996747
0.0721408
-0.99604
-0.0298449
0.0837516
-0.0813261
-0.0748644
-0.993872
0.0349952
-0.994029
0.103349
-0.995951
-0.0261194
0.0860204
-0.0828074
-0.105941
-0.990918
0.042693
-0.990199
0.13298
-0.995281
-0.030543
0.0921029
-0.0871386
-0.136284
-0.98683
0.0524603
-0.985932
0.158702
-0.994086
-0.0364261
0.102307
-0.0950868
-0.16313
-0.982012
0.0645203
-0.980398
0.186166
-0.992879
-0.0443462
0.110568
-0.100144
-0.191974
-0.976277
0.0777612
-0.974873
0.208749
-0.991511
-0.0537351
0.118402
-0.104209
-0.216184
-0.970775
0.0923044
-0.970196
0.224051
-0.99013
-0.0655995
0.123851
-0.105462
-0.233272
-0.966676
0.110615
-0.966692
0.230806
-0.988455
-0.082811
0.126883
-0.103544
-0.242177
-0.964691
0.134885
-0.964054
0.228921
-0.986169
-0.108156
0.125594
-0.0963203
-0.242696
-0.965309
0.162553
-0.960754
0.224787
-0.983015
-0.138018
0.120962
-0.0851902
-0.240632
-0.966871
0.195346
-0.955554
0.220809
-0.977874
-0.172593
0.118211
-0.0748467
-0.239016
-0.968127
0.231348
-0.948841
0.214894
-0.970754
-0.210579
0.115297
-0.0641468
-0.235283
-0.969808
0.266458
-0.939313
0.216081
-0.962678
-0.248327
0.107628
-0.0474381
-0.236695
-0.970425
0.300238
-0.927869
0.221169
-0.953403
-0.284704
0.0998335
-0.0296648
-0.240837
-0.970112
0.337036
-0.915658
0.219038
-0.941394
-0.324407
0.0923931
-0.0135428
-0.237341
-0.971332
0.373669
-0.902408
0.214548
-0.927552
-0.364575
0.082044
0.00418188
-0.229662
-0.973261
0.409777
-0.888235
0.207658
-0.912004
-0.403478
0.0738508
0.0181884
-0.219647
-0.97541
0.442502
-0.874736
0.197559
-0.896295
-0.438551
0.0657851
0.0290951
-0.206181
-0.978081
0.472195
-0.861519
0.186591
-0.88059
-0.470605
0.0556065
0.0399045
-0.190567
-0.980863
0.499086
-0.84892
0.173922
-0.865054
-0.499884
0.0424016
0.0509453
-0.171614
-0.983846
0.525345
-0.83566
0.160266
-0.848542
-0.5285
0.0257775
0.0631593
-0.149534
-0.986737
0.553754
-0.820332
0.142869
-0.829299
-0.558774
0.00593313
0.0749645
-0.121767
-0.989724
0.581256
-0.803288
0.129884
-0.808786
-0.587876
-0.0163385
0.0894804
-0.0955517
-0.991395
0.605671
-0.786511
0.120675
-0.78892
-0.61333
-0.0378312
0.103768
-0.0722893
-0.991971
0.627469
-0.770396
0.113015
-0.770427
-0.635302
-0.053229
0.112806
-0.05367
-0.992166
0.644992
-0.756132
0.11068
-0.75462
-0.653048
-0.0638496
0.120558
-0.0423392
-0.991803
0.655984
-0.745968
0.114968
-0.744155
-0.664669
-0.0666945
0.126167
-0.0418033
-0.991128
0.663197
-0.739099
0.11791
-0.738405
-0.671848
-0.0581328
0.122183
-0.0485117
-0.991321
0.695116
-0.711487
0.102962
-0.709592
-0.702014
-0.0604587
0.115296
-0.0310351
-0.992846
0.72767
-0.681006
0.0820188
-0.677274
-0.732268
-0.0712905
0.108609
-0.00367325
-0.994078
0.755298
-0.651759
0.0688116
-0.645986
-0.75807
-0.0896185
0.110574
0.0232373
-0.993596
0.778923
-0.624125
0.0612085
-0.616374
-0.779912
-0.10872
0.115592
0.0469569
-0.992186
0.802885
-0.593103
0.0600469
-0.583013
-0.802236
-0.128499
0.124385
0.0681618
-0.98989
0.828729
-0.556907
0.0553367
-0.544795
-0.825409
-0.147978
0.128085
0.0924864
-0.987441
0.851969
-0.521353
0.048374
-0.507558
-0.845036
-0.168224
0.128582
0.118769
-0.984561
0.873197
-0.485994
0.0365667
-0.471738
-0.861661
-0.187092
0.122434
0.146118
-0.981662
0.892315
-0.451027
0.0186786
-0.438507
-0.875884
-0.201344
0.107172
0.171471
-0.979343
0.909203
-0.416322
-0.00514364
-0.407923
-0.888249
-0.211217
0.0833656
0.194137
-0.977426
0.923449
-0.382506
-0.03052
-0.379506
-0.89865
-0.220007
0.0567274
0.214748
-0.975021
0.934408
-0.351526
-0.0575348
-0.355224
-0.907635
-0.22364
0.0263948
0.229409
-0.972972
0.938794
-0.334683
-0.0815652
-0.344477
-0.912919
-0.218894
-0.00120218
0.233594
-0.972334
0.936459
-0.333568
-0.108525
-0.349265
-0.915377
-0.200245
-0.0325458
0.225425
-0.973717
0.925852
-0.355708
-0.127557
-0.373945
-0.911049
-0.173652
-0.0544417
0.208475
-0.976511
0.909834
-0.392629
-0.134331
-0.410247
-0.899756
-0.148786
-0.0624471
0.190479
-0.979703
0.890021
-0.431738
-0.146506
-0.449329
-0.885073
-0.121446
-0.0772354
0.173918
-0.981727
0.869688
-0.468873
-0.154277
-0.485496
-0.868961
-0.0959186
-0.0890866
0.15832
-0.983361
0.84735
-0.508117
-0.154319
-0.522596
-0.849498
-0.0724304
-0.0942905
0.14202
-0.985363
0.825458
-0.542591
-0.155606
-0.555472
-0.829841
-0.0530477
-0.100345
0.130224
-0.986394
0.802668
-0.575164
-0.157829
-0.586901
-0.808796
-0.0373603
-0.106164
0.122618
-0.986759
0.777522
-0.608845
-0.157377
-0.619161
-0.784949
-0.0222348
-0.109995
0.11473
-0.987288
0.750202
-0.64214
-0.157649
-0.650888
-0.759156
-0.00515663
-0.116369
0.10648
-0.987482
0.723844
-0.671543
-0.158369
-0.679108
-0.73399
0.00844769
-0.121914
0.101435
-0.987344
0.698968
-0.697507
-0.157882
-0.703786
-0.710092
0.0213444
-0.126999
0.0961963
-0.987227
0.6854
-0.711532
-0.154754
-0.716569
-0.696855
0.0303563
-0.129441
0.0900856
-0.987487
0.675289
-0.719977
-0.160058
-0.724507
-0.688172
0.038841
-0.138112
0.0897342
-0.986343
0.656069
-0.736445
-0.164992
-0.740633
-0.67028
0.0467732
-0.145036
0.0915118
-0.985185
0.637245
-0.751887
-0.16907
-0.756261
-0.652316
0.0505369
-0.148285
0.0956564
-0.984308
0.614151
-0.770029
-0.17284
-0.774609
-0.630073
0.0546624
-0.150994
0.100313
-0.983432
0.592674
-0.787023
-0.171268
-0.791556
-0.60845
0.056811
-0.148919
0.101897
-0.983585
0.571762
-0.803018
-0.168077
-0.80733
-0.587156
0.0588776
-0.145967
0.102029
-0.984014
0.546854
-0.820884
-0.164623
-0.824465
-0.562207
0.0646631
-0.145633
0.100365
-0.984235
0.523626
-0.836816
-0.159856
-0.839604
-0.5387
0.0697759
-0.144504
0.0976788
-0.984671
0.507026
-0.847341
-0.157915
-0.850398
-0.521645
0.0686288
-0.140528
0.099494
-0.985065
0.493868
-0.855519
-0.155505
-0.859357
-0.507503
0.0628265
-0.132669
0.102606
-0.985835
0.477628
-0.86501
-0.153716
-0.869505
-0.49047
0.0583028
-0.125826
0.10581
-0.986393
0.457215
-0.875921
-0.154001
-0.880813
-0.469926
0.0577774
-0.122978
0.10923
-0.98638
0.43839
-0.885105
-0.156214
-0.890311
-0.451457
0.0594298
-0.123126
0.113026
-0.985934
0.42137
-0.892892
-0.158716
-0.898492
-0.434786
0.0606056
-0.123122
0.117068
-0.985462
0.401275
-0.901253
-0.163467
-0.907372
-0.41551
0.063465
-0.12512
0.122859
-0.984505
0.381561
-0.909387
-0.165608
-0.915713
-0.396308
0.0664043
-0.126019
0.126312
-0.983953
0.355257
-0.920013
-0.165432
-0.925531
-0.371013
0.0757744
-0.131091
0.126193
-0.983306
0.31364
-0.936889
-0.154498
-0.93885
-0.330324
0.0971922
-0.142093
0.114567
-0.983201
0.27734
-0.949621
-0.145957
-0.947771
-0.295318
0.120484
-0.157518
0.104918
-0.981927
0.240965
-0.959748
-0.144287
-0.953854
-0.261636
0.147342
-0.179162
0.102124
-0.978505
0.203857
-0.968662
-0.141902
-0.957607
-0.227432
0.176814
-0.203546
0.0998411
-0.973961
0.164446
-0.977849
-0.129498
-0.959848
-0.188885
0.207401
-0.227267
0.0901923
-0.969647
0.127096
-0.9867
-0.101338
-0.961237
-0.147726
0.23281
-0.244684
0.0678204
-0.967228
0.107953
-0.991682
-0.070096
-0.96125
-0.122111
0.247157
-0.25366
0.0406984
-0.966437
0.103686
-0.994111
-0.0314993
-0.961692
-0.108284
0.25184
-0.253768
0.00418048
-0.967256
0.104918
-0.994458
0.00681393
-0.960548
-0.0995612
0.259681
-0.257563
-0.0337903
-0.96567
0.121377
-0.991594
0.0448281
-0.958786
-0.105434
0.263844
-0.2569
-0.0750053
-0.963523
0.158054
-0.985019
0.068965
-0.954826
-0.134662
0.264904
-0.251648
-0.107719
-0.961805
0.194609
-0.976697
0.0904995
-0.949909
-0.164659
0.265633
-0.244542
-0.137661
-0.959817
0.230755
-0.965957
0.116958
-0.944284
-0.193326
0.266369
-0.23469
-0.171907
-0.956749
0.273975
-0.951728
0.138391
-0.93601
-0.230811
0.26573
-0.22096
-0.202339
-0.954063
0.317269
-0.93582
0.153564
-0.925964
-0.270731
0.263241
-0.204772
-0.225713
-0.95243
0.353559
-0.919971
0.169261
-0.916662
-0.304703
0.258625
-0.186353
-0.246595
-0.951033
0.386686
-0.904504
0.179848
-0.90649
-0.33694
0.254456
-0.169558
-0.261425
-0.950214
0.417516
-0.889774
0.184343
-0.895239
-0.36804
0.251184
-0.155652
-0.269905
-0.950223
0.447967
-0.876015
0.17867
-0.882587
-0.401404
0.244775
-0.142708
-0.267343
-0.952975
0.479459
-0.860123
0.174093
-0.868559
-0.43676
0.234194
-0.125399
-0.263496
-0.956475
0.508357
-0.844337
0.169317
-0.85414
-0.469349
0.223955
-0.109624
-0.258469
-0.959779
0.535048
-0.828833
0.163583
-0.839548
-0.500045
0.212401
-0.0942464
-0.250981
-0.963393
0.560073
-0.812897
0.159738
-0.824878
-0.529328
0.198464
-0.0767767
-0.242918
-0.967004
0.583799
-0.797001
0.154816
-0.809667
-0.557386
0.18374
-0.0601492
-0.232617
-0.970707
0.612035
-0.776784
0.148394
-0.789741
-0.590485
0.166245
-0.0415125
-0.21894
-0.974855
0.640236
-0.756247
0.134862
-0.767653
-0.623374
0.148706
-0.0283888
-0.198734
-0.979642
0.665253
-0.736883
0.120174
-0.746391
-0.652412
0.131375
-0.0184049
-0.177094
-0.984022
0.685667
-0.721314
0.0978069
-0.727564
-0.674953
0.122837
-0.0225887
-0.155386
-0.987596
0.698765
-0.712704
0.0614885
-0.713995
-0.689569
0.121264
-0.0440244
-0.128637
-0.990714
0.707642
-0.706306
0.0193599
-0.703207
-0.701337
0.116733
-0.068871
-0.0962189
-0.992975
0.720359
-0.693421
-0.0158628
-0.688662
-0.717766
0.102745
-0.0826313
-0.0630892
-0.994581
0.736722
-0.67383
-0.056513
-0.668473
-0.738355
0.0893059
-0.101904
-0.0280162
-0.9944
0.756501
-0.648529
-0.0843565
-0.645036
-0.761182
0.0673153
-0.107867
0.00348883
-0.994159
0.777319
-0.619766
-0.108007
-0.61901
-0.784123
0.0444761
-0.112255
0.0322852
-0.993155
0.797001
-0.590498
-0.126892
-0.59285
-0.805
0.0224544
-0.115407
0.0573315
-0.991662
0.817314
-0.558573
-0.141398
-0.564078
-0.82572
0.00138953
-0.117531
0.0786237
-0.989952
0.83661
-0.52549
-0.15474
-0.534242
-0.845132
-0.0183783
-0.121118
0.0980443
-0.987784
0.853943
-0.493552
-0.164886
-0.505639
-0.861869
-0.0388687
-0.122926
0.116564
-0.985547
0.868725
-0.463276
-0.175194
-0.478949
-0.87587
-0.0588245
-0.126195
0.135011
-0.982775
0.877404
-0.444189
-0.181269
-0.462913
-0.883076
-0.0767344
-0.12599
0.151239
-0.980435
0.878005
-0.443575
-0.179857
-0.463694
-0.881438
-0.0897475
-0.118723
0.162197
-0.97959
0.872396
-0.459793
-0.165875
-0.478526
-0.872588
-0.0979905
-0.0996851
0.164862
-0.981266
0.857313
-0.494496
-0.143139
-0.509618
-0.85456
-0.100082
-0.0728305
0.158748
-0.984629
0.835723
-0.536965
-0.115047
-0.547924
-0.829349
-0.109355
-0.0366945
0.154427
-0.987322
0.810946
-0.577113
-0.0964752
-0.585042
-0.802454
-0.117449
-0.00963544
0.151687
-0.988382
0.784137
-0.615465
-0.0795772
-0.620385
-0.774131
-0.12587
0.0158654
0.148068
-0.98885
0.754041
-0.653349
-0.0675039
-0.655906
-0.743558
-0.13003
0.0347621
0.142325
-0.989209
0.721409
-0.690507
-0.0526239
-0.690529
-0.711525
-0.130004
0.0523256
0.130125
-0.990116
0.686254
-0.72631
-0.0391061
-0.72456
-0.677906
-0.124324
0.0637872
0.113652
-0.991471
0.655335
-0.754663
-0.0319257
-0.752611
-0.648797
-0.112421
0.0641269
0.0977012
-0.993148
0.626451
-0.779075
-0.0245018
-0.777189
-0.621918
-0.0958934
0.05947
0.0791151
-0.99509
0.596081
-0.802882
-0.00823521
-0.800995
-0.593908
-0.075365
0.0556182
0.05152
-0.997122
0.559886
-0.828388
0.0173496
-0.826714
-0.559911
-0.0551738
0.0554195
0.016548
-0.998326
0.523128
-0.850565
0.0536342
-0.849868
-0.525336
-0.0418023
0.0637315
-0.023714
-0.997685
0.49316
-0.865354
0.0891915
-0.866675
-0.497593
-0.0357077
0.0752809
-0.0596905
-0.995374
0.472369
-0.871845
0.129437
-0.87618
-0.480441
-0.0385503
0.0957966
-0.0951999
-0.990838
0.461524
-0.871824
0.164067
-0.879772
-0.473568
-0.0416427
0.114002
-0.125122
-0.98557
0.461861
-0.867609
0.184225
-0.878039
-0.476621
-0.0433639
0.125429
-0.141729
-0.981927
0.476471
-0.855231
0.203851
-0.867386
-0.495131
-0.0498714
0.143584
-0.153055
-0.977731
0.488797
-0.84074
0.232881
-0.857207
-0.512455
-0.0508445
0.162088
-0.174775
-0.971175
0.491175
-0.827077
0.273296
-0.852176
-0.52124
-0.0458789
0.180398
-0.210362
-0.960835
0.501379
-0.807092
0.311804
-0.840815
-0.539496
-0.0444386
0.204083
-0.239889
-0.949107
0.5207
-0.785191
0.335182
-0.822459
-0.566646
-0.0497346
0.228981
-0.249776
-0.94084
0.542383
-0.760579
0.356847
-0.799203
-0.598062
-0.0599664
0.259026
-0.252669
-0.932236
0.564709
-0.737286
0.370827
-0.773883
-0.629173
-0.0724376
0.286721
-0.24607
-0.925873
0.586651
-0.711998
0.385874
-0.746975
-0.659801
-0.0817977
0.31284
-0.240251
-0.918918
0.608189
-0.685576
0.400114
-0.718989
-0.689385
-0.0883375
0.336395
-0.233951
-0.912198
0.626902
-0.660987
0.41242
-0.692103
-0.715549
-0.0947752
0.357752
-0.226023
-0.90605
0.637034
-0.644863
0.422302
-0.673965
-0.731844
-0.100874
0.374109
-0.220357
-0.900825
0.633157
-0.647218
0.424524
-0.679373
-0.727502
-0.0958787
0.370897
-0.227704
-0.900326
0.603811
-0.669711
0.432319
-0.714555
-0.695124
-0.0788223
0.353303
-0.261322
-0.898269
0.560776
-0.693633
0.452111
-0.756768
-0.650924
-0.0599961
0.335905
-0.308498
-0.889942
0.52398
-0.712931
0.46602
-0.790139
-0.611157
-0.0465544
0.318002
-0.343827
-0.883548
0.487689
-0.73719
0.467665
-0.822012
-0.568173
-0.0384128
0.294032
-0.365693
-0.883071
0.44917
-0.767498
0.457376
-0.852961
-0.520722
-0.0361386
0.265902
-0.373892
-0.888539
0.413404
-0.79413
0.445482
-0.877918
-0.477427
-0.0363743
0.241571
-0.376059
-0.894552
0.382885
-0.820835
0.423827
-0.898259
-0.437934
-0.0366696
0.215708
-0.366666
-0.905001
0.354405
-0.845346
0.399733
-0.91476
-0.402083
-0.0392858
0.193936
-0.351737
-0.915789
0.322729
-0.868202
0.376924
-0.930471
-0.363984
-0.0417099
0.173407
-0.337256
-0.925305
0.290325
-0.888756
0.354717
-0.944712
-0.32524
-0.0416834
0.152414
-0.323003
-0.934044
0.262
-0.906686
0.33057
-0.955733
-0.291296
-0.04148
0.133903
-0.305069
-0.94287
0.235794
-0.922808
0.304673
-0.964642
-0.260246
-0.041684
0.117756
-0.284072
-0.951544
0.219597
-0.936176
0.274502
-0.969931
-0.239767
-0.0417861
0.104936
-0.257072
-0.960678
0.21297
-0.948322
0.235221
-0.97277
-0.22833
-0.0397911
0.0914427
-0.220341
-0.971127
0.21574
-0.957732
0.190279
-0.973352
-0.226446
-0.0361755
0.0777343
-0.177404
-0.981063
0.230303
-0.962473
0.143552
-0.970989
-0.23704
-0.0315104
0.0643555
-0.13213
-0.989141
0.267235
-0.958671
0.0976482
-0.961585
-0.271896
-0.0377869
0.0627753
-0.0837991
-0.994503
0.310312
-0.94787
0.072455
-0.947268
-0.314722
-0.0602733
0.0799344
-0.0499308
-0.995549
0.355788
-0.932994
0.0541956
-0.92992
-0.359199
-0.0789042
0.0930841
-0.0223244
-0.995408
0.400991
-0.915206
0.0400404
-0.910574
-0.402985
-0.0919645
0.100302
0.00041723
-0.994957
0.445504
-0.894675
0.0329057
-0.888808
-0.446396
-0.103687
0.107455
0.0169459
-0.994066
0.489689
-0.871544
0.02483
-0.865305
-0.489285
-0.108847
0.107014
0.0318156
-0.993748
0.527457
-0.849437
0.0156744
-0.843133
-0.525634
-0.113294
0.104475
0.0465422
-0.993438
0.560059
-0.828436
0.00528615
-0.821751
-0.556328
-0.123389
0.10516
0.0647611
-0.992344
0.591209
-0.806514
-0.00271434
-0.799249
-0.585427
-0.135927
0.108038
0.0825305
-0.990715
0.620472
-0.784186
-0.00811109
-0.776539
-0.612911
-0.146037
0.109549
0.0969107
-0.989246
0.649909
-0.759977
-0.00728101
-0.751025
-0.640726
-0.159474
0.116532
0.109112
-0.987175
0.682544
-0.730839
-0.00278661
-0.719535
-0.671309
-0.177802
0.128074
0.123363
-0.984062
0.71686
-0.697215
0.00153082
-0.683435
-0.703123
-0.196303
0.137942
0.139676
-0.980542
0.747743
-0.663898
0.0108953
-0.646691
-0.731887
-0.214784
0.150569
0.153558
-0.976601
0.770542
-0.636271
0.0377317
-0.612331
-0.755386
-0.233329
0.176962
0.156685
-0.971666
0.786853
-0.612395
0.076383
-0.57953
-0.775766
-0.249666
0.212149
0.152184
-0.965315
0.801278
-0.587562
0.112805
-0.54662
-0.795595
-0.261219
0.243229
0.147648
-0.958666
0.81398
-0.562322
0.145707
-0.513225
-0.813661
-0.273049
0.272098
0.147476
-0.950901
0.824853
-0.536734
0.177575
-0.478177
-0.829928
-0.287343
0.301601
0.152103
-0.941223
0.827884
-0.520962
0.207863
-0.453706
-0.839876
-0.297924
0.329786
0.152338
-0.931684
0.822491
-0.51984
0.230816
-0.447159
-0.841777
-0.302424
0.351508
0.145529
-0.924805
0.812804
-0.52877
0.244442
-0.453388
-0.83769
-0.30449
0.365772
0.136664
-0.920616
0.799441
-0.541972
0.259153
-0.463286
-0.830827
-0.30837
0.38244
0.126462
-0.915285
0.785992
-0.557298
0.267649
-0.476771
-0.822
-0.311457
0.393582
0.117195
-0.911789
0.778813
-0.566359
0.269609
-0.485185
-0.816346
-0.313328
0.39755
0.113214
-0.910569
0.776026
-0.571721
0.266305
-0.492465
-0.813068
-0.31048
0.394032
0.109794
-0.912515
0.770005
-0.581884
0.261732
-0.50577
-0.806733
-0.305579
0.388959
0.102921
-0.915488
0.759706
-0.595231
0.261812
-0.519754
-0.797789
-0.305596
0.390771
0.0960856
-0.915459
0.755533
-0.601166
0.260325
-0.52513
-0.793339
-0.307979
0.391673
0.0959837
-0.915084
0.754391
-0.603476
0.258286
-0.526817
-0.79134
-0.310234
0.391611
0.0979684
-0.9149
0.754083
-0.60491
0.255818
-0.527829
-0.789955
-0.312037
0.390839
0.100274
-0.914981
0.753938
-0.606176
0.253235
-0.528955
-0.788739
-0.313206
0.389594
0.102188
-0.9153
0.752805
-0.60777
0.252787
-0.529393
-0.787244
-0.316212
0.391189
0.104222
-0.91439
0.747413
-0.613605
0.25468
-0.532891
-0.782634
-0.321731
0.396737
0.104749
-0.911936
0.743091
-0.61757
0.257726
-0.536837
-0.780073
-0.321391
0.399526
0.100466
-0.9112
0.73151
-0.635012
0.248298
-0.56299
-0.767963
-0.30541
0.384623
0.0836211
-0.919278
0.706068
-0.669295
0.231326
-0.607723
-0.740386
-0.287231
0.363513
0.0622223
-0.929509
0.675624
-0.705024
0.215576
-0.651289
-0.707789
-0.2736
0.345477
0.044449
-0.937374
0.64527
-0.738364
0.196075
-0.692418
-0.673695
-0.258248
0.322776
0.0308742
-0.945972
0.611176
-0.771171
0.178213
-0.73167
-0.636346
-0.244382
0.301866
0.0189673
-0.953162
0.569713
-0.805359
0.163781
-0.771095
-0.592756
-0.232493
0.284322
0.00616407
-0.958709
0.52765
-0.83698
0.145085
-0.807858
-0.54723
-0.218873
0.262587
-0.00171976
-0.964907
0.491216
-0.862007
0.125102
-0.836729
-0.506888
-0.207241
0.242056
-0.00287681
-0.970258
0.457851
-0.88333
0.100505
-0.861194
-0.46874
-0.196542
0.220722
0.00343236
-0.975331
0.425798
-0.902264
0.0679441
-0.882316
-0.430679
-0.189827
0.200536
0.0208798
-0.979464
0.400003
-0.916179
0.0247795
-0.899481
-0.397614
-0.181212
0.175875
0.0501966
-0.983132
0.389456
-0.920749
-0.0233746
-0.909083
-0.380197
-0.170351
0.147964
0.0875936
-0.985106
0.388458
-0.919131
-0.0655633
-0.913632
-0.37492
-0.157198
0.119904
0.120965
-0.985388
0.397048
-0.912095
-0.102157
-0.913297
-0.381637
-0.142273
0.0907797
0.149789
-0.984542
0.415151
-0.899216
-0.138059
-0.907617
-0.398985
-0.130549
0.0623083
0.179502
-0.981782
0.438561
-0.883461
-0.164808
-0.897809
-0.422527
-0.124134
0.0400321
0.202407
-0.978483
0.463737
-0.865871
-0.187656
-0.885843
-0.449514
-0.114978
0.0152023
0.219553
-0.975482
0.488961
-0.84896
-0.200461
-0.87229
-0.477228
-0.106597
-0.00516931
0.226982
-0.973885
0.498957
-0.846042
-0.187762
-0.866506
-0.490654
-0.0917933
-0.0144653
0.208498
-0.977916
0.495998
-0.853281
-0.16093
-0.86807
-0.49174
-0.0681595
-0.0209768
0.173506
-0.984609
0.485096
-0.865904
-0.122034
-0.873946
-0.484853
-0.0336881
-0.0299979
0.122993
-0.991954
0.464039
-0.881472
-0.0876067
-0.884397
-0.466618
0.0104559
-0.0500954
0.0726271
-0.9961
0.433385
-0.899875
-0.0490033
-0.89899
-0.435492
0.0465228
-0.0632052
0.0238912
-0.997715
0.419267
-0.907801
-0.0105807
-0.905491
-0.418985
0.0673651
-0.0655873
-0.0186632
-0.997672
0.431012
-0.901918
0.0277961
-0.900762
-0.428226
0.0724594
-0.0534494
-0.0562685
-0.996984
0.459932
-0.885404
0.0672416
-0.887339
-0.455477
0.0719022
-0.0330355
-0.0927363
-0.995143
0.489354
-0.864945
0.111367
-0.872048
-0.484139
0.0717092
-0.00810727
-0.132209
-0.991189
0.521326
-0.840593
0.147047
-0.853216
-0.516576
0.0719108
0.015513
-0.162952
-0.986512
0.561289
-0.810785
0.166081
-0.826711
-0.558672
0.0666002
0.0387865
-0.174683
-0.98386
0.595859
-0.782044
0.182643
-0.800645
-0.596208
0.0591905
0.0626037
-0.181502
-0.981396
0.622612
-0.756616
0.199715
-0.777694
-0.626604
0.0505868
0.0868671
-0.186813
-0.978547
0.647964
-0.732625
0.208334
-0.754399
-0.655011
0.0429378
0.105003
-0.184989
-0.977115
0.673588
-0.71086
0.202378
-0.729969
-0.68276
0.0313821
0.115867
-0.168868
-0.978805
0.69877
-0.687795
0.196618
-0.703743
-0.710264
0.0164707
0.128322
-0.149878
-0.980342
0.722693
-0.664302
0.190835
-0.67691
-0.736064
0.00120377
0.139667
-0.130048
-0.981621
0.746156
-0.639505
0.185161
-0.648665
-0.760943
-0.0141562
0.14995
-0.109545
-0.982606
0.769005
-0.614779
0.175154
-0.619784
-0.784152
-0.0311895
0.156522
-0.084573
-0.984047
0.78995
-0.592102
0.159357
-0.591814
-0.804231
-0.0544872
0.160422
-0.0512677
-0.985716
0.809684
-0.568573
0.14538
-0.562322
-0.822532
-0.0850604
0.167943
-0.0128783
-0.985713
0.829761
-0.541237
0.136234
-0.528888
-0.840478
-0.117788
0.178253
0.0256835
-0.98365
0.846661
-0.516607
0.127603
-0.499109
-0.854108
-0.146253
0.184543
0.0601389
-0.980983
0.860289
-0.494461
0.124145
-0.4718
-0.864447
-0.173595
0.193153
0.0907699
-0.976961
0.874156
-0.470483
0.120402
-0.444363
-0.874905
-0.192567
0.19594
0.114831
-0.973869
0.882763
-0.454389
0.119413
-0.425787
-0.881189
-0.205453
0.198581
0.130522
-0.971355
0.878016
-0.463839
0.118072
-0.43568
-0.876662
-0.204077
0.198168
0.127741
-0.971808
0.864541
-0.488748
0.117023
-0.461624
-0.86434
-0.199548
0.198676
0.118497
-0.972875
0.845017
-0.522257
0.114862
-0.494818
-0.845117
-0.202319
0.202734
0.114128
-0.97256
0.822154
-0.558957
0.107845
-0.530756
-0.82115
-0.209785
0.205818
0.115236
-0.971782
0.799079
-0.59313
0.0983342
-0.564665
-0.796546
-0.216029
0.206461
0.117098
-0.971423
0.77204
-0.628915
0.0917654
-0.599642
-0.768619
-0.22283
0.210674
0.117007
-0.970529
0.742186
-0.664537
0.0868892
-0.635201
-0.738843
-0.225015
0.213728
0.111811
-0.970473
0.71034
-0.69889
0.0834887
-0.670328
-0.707899
-0.222574
0.214656
0.102138
-0.971334
0.677381
-0.731476
0.0780812
-0.704859
-0.675757
-0.215701
0.210544
0.0910758
-0.973333
0.645059
-0.760335
0.0760921
-0.734499
-0.644424
-0.212672
0.210737
0.0812961
-0.974156
0.61492
-0.78497
0.0754709
-0.75958
-0.6153
-0.210818
0.211923
0.0723099
-0.974608
0.585404
-0.807214
0.0755559
-0.782613
-0.586969
-0.207329
0.211707
0.0622399
-0.975349
0.552952
-0.829544
0.0781091
-0.806581
-0.556433
-0.199522
0.208975
0.047325
-0.976775
0.520404
-0.84998
0.0819352
-0.828581
-0.525833
-0.192232
0.206478
0.0321485
-0.977923
0.489138
-0.867798
0.0875882
-0.847776
-0.496635
-0.18609
0.204988
0.0167686
-0.978621
0.455482
-0.88537
0.0930391
-0.867066
-0.464886
-0.179103
0.201825
0.000907296
-0.979421
0.423846
-0.900297
0.0990972
-0.883483
-0.435055
-0.173737
0.199527
-0.0139131
-0.979794
0.394985
-0.912082
0.109971
-0.89624
-0.408863
-0.172002
0.201843
-0.0306221
-0.978939
0.367467
-0.922181
0.120628
-0.907555
-0.383901
-0.170188
0.203254
-0.0469384
-0.978
0.340341
-0.931629
0.127419
-0.918485
-0.358399
-0.167138
0.201378
-0.0601489
-0.977665
0.317493
-0.939094
0.131529
-0.927339
-0.336463
-0.163812
0.19809
-0.0699632
-0.977684
0.300452
-0.944078
0.135811
-0.933537
-0.320266
-0.161053
0.195542
-0.0783957
-0.977557
0.290999
-0.946768
0.137659
-0.936872
-0.311155
-0.159542
0.193882
-0.0825421
-0.977546
0.297719
-0.946866
0.121692
-0.93854
-0.313627
-0.144152
0.174658
-0.0712959
-0.982044
0.294372
-0.950036
0.103808
-0.944651
-0.305713
-0.119054
0.144841
-0.0630159
-0.987446
0.268361
-0.958568
0.0955488
-0.956533
-0.276909
-0.0914657
0.114134
-0.0668498
-0.991214
0.250322
-0.965179
0.0759521
-0.964955
-0.255104
-0.0615091
0.078743
-0.0578933
-0.995212
0.257522
-0.965262
0.0441771
-0.965036
-0.259236
-0.0387519
0.048858
-0.032653
-0.998272
0.287068
-0.957894
0.00556359
-0.957585
-0.287117
-0.0244041
0.0249739
0.00167803
-0.999687
0.326553
-0.944474
-0.0365031
-0.945177
-0.326224
-0.0147872
0.00205792
0.0393307
-0.999224
0.367669
-0.927418
-0.0686667
-0.929815
-0.367897
-0.00976213
-0.0162087
0.0674366
-0.997592
0.40997
-0.907572
-0.0907626
-0.911516
-0.411231
-0.00521083
-0.0325952
0.0848679
-0.995859
0.450174
-0.886704
-0.105356
-0.891663
-0.4527
7.44407e-05
-0.0477607
0.0939084
-0.994435
0.487251
-0.865675
-0.114866
-0.871088
-0.49109
0.00597241
-0.0615797
0.0971482
-0.993363
0.521287
-0.844814
-0.120617
-0.850425
-0.526021
0.00890878
-0.0709731
0.0979313
-0.992659
0.553857
-0.822821
-0.127308
-0.828983
-0.559218
0.00784066
-0.0776442
0.101193
-0.991832
0.586078
-0.800773
-0.123591
-0.806893
-0.590696
0.000898439
-0.0737239
0.0991978
-0.992333
0.614512
-0.780889
-0.112198
-0.786227
-0.617912
-0.00557146
-0.0649777
0.0916366
-0.99367
0.644243
-0.758719
-0.0964212
-0.762691
-0.646725
-0.00700711
-0.0570416
0.0780539
-0.995316
0.674644
-0.733268
-0.0846934
-0.736397
-0.67649
-0.00894089
-0.0507382
0.0683999
-0.996367
0.705088
-0.705597
-0.0705954
-0.708046
-0.706
-0.0153297
-0.0390238
0.0607935
-0.997387
0.734298
-0.676386
-0.0575118
-0.678234
-0.734559
-0.0205271
-0.0283616
0.0540795
-0.998134
0.764116
-0.64373
-0.0416877
-0.644901
-0.763826
-0.0259282
-0.0151514
0.0466966
-0.998794
0.789133
-0.613886
-0.0203431
-0.614223
-0.788669
-0.0270604
0.000568044
0.0338495
-0.999427
0.806546
-0.591167
-0.00218992
-0.591015
-0.806244
-0.025909
0.0135509
0.0221911
-0.999662
0.81641
-0.577443
0.00588661
-0.577188
-0.816285
-0.0230995
0.0181438
0.015461
-0.999716
0.816536
-0.577157
0.0126086
-0.576874
-0.81658
-0.0203441
0.0220377
0.00933816
-0.999714
0.802259
-0.596662
0.0193761
-0.596346
-0.802481
-0.0199229
0.0274361
0.00442847
-0.999614
0.773658
-0.632868
0.0305194
-0.632669
-0.774235
-0.0170215
0.0344015
-0.00613983
-0.999389
0.742505
-0.669001
0.0335215
-0.668998
-0.743151
-0.0129832
0.0335974
-0.0127857
-0.999354
0.711899
-0.701484
0.0334574
-0.701516
-0.71254
-0.0127663
0.0327951
-0.0143826
-0.999359
0.680426
-0.732078
0.032888
-0.73209
-0.681065
-0.0139797
0.0326331
-0.0145648
-0.999361
0.641913
-0.765912
0.0364175
-0.765994
-0.64268
-0.014686
0.034653
-0.0184684
-0.999229
0.596458
-0.801359
0.045412
-0.801998
-0.597293
-0.00636132
0.032222
-0.032626
-0.998948
0.551504
-0.832553
0.0519511
-0.833795
-0.552057
0.00432103
0.0250825
-0.0456996
-0.99864
0.511317
-0.857427
0.0580855
-0.859166
-0.511563
0.0116677
0.0197103
-0.055871
-0.998243
0.471102
-0.87965
0.0654118
-0.881945
-0.471025
0.0175593
0.0153646
-0.0659618
-0.997704
0.42973
-0.900085
0.0719708
-0.902896
-0.42926
0.02267
0.0104892
-0.0747241
-0.997149
0.391705
-0.917377
0.0706139
-0.920091
-0.39053
0.030316
-0.000234396
-0.0768462
-0.997043
0.351364
-0.93383
0.0671159
-0.936185
-0.349671
0.0358901
-0.0100468
-0.0754433
-0.997099
0.313131
-0.947591
0.0633996
-0.949568
-0.311234
0.0381223
-0.0163923
-0.0721395
-0.99726
0.27896
-0.958692
0.0556034
-0.960022
-0.27701
0.0402954
-0.0232282
-0.0646213
-0.997639
0.257789
-0.965265
0.0425301
-0.965548
-0.255747
0.0480571
-0.0355109
-0.0534535
-0.997939
0.25097
-0.967192
0.0394081
-0.967176
-0.248876
0.0512902
-0.0397997
-0.0509869
-0.997906
0.250006
-0.967442
0.0394051
-0.967424
-0.247912
0.0512925
-0.0398535
-0.0509449
-0.997906
0.259788
-0.965011
0.0355586
-0.964852
-0.257881
0.0505829
-0.0396431
-0.0474496
-0.998087
0.27928
-0.959855
0.0261048
-0.959339
-0.277767
0.050138
-0.0408742
-0.0390459
-0.998401
0.305276
-0.952246
0.00580677
-0.951192
-0.304638
0.049291
-0.0451682
-0.0205707
-0.998768
0.340502
-0.940212
-0.00765724
-0.939334
-0.34052
0.0412099
-0.0413535
-0.00683936
-0.999121
0.378173
-0.925709
-0.00692496
-0.925258
-0.378207
0.0292674
-0.0297122
-0.00466077
-0.999548
0.415599
-0.909542
-0.00327617
-0.909263
-0.415556
0.0235395
-0.0227716
-0.0068041
-0.999718
0.452263
-0.891884
-0.000957499
-0.89173
-0.452204
0.0181135
-0.0165881
-0.00733824
-0.999835
0.491183
-0.871056
-0.000235015
-0.871024
-0.491167
0.00846069
-0.00748517
-0.00395104
-0.999964
0.530694
-0.847563
0.000603582
-0.847556
-0.530692
-0.00385585
0.00358839
0.00153471
-0.999992
0.561914
-0.827192
0.0025138
-0.82705
-0.561869
-0.0170459
0.0155126
0.00749927
-0.999852
0.57252
-0.81963
0.0206632
-0.818996
-0.572891
-0.0322848
0.0382994
0.00156058
-0.999265
0.566174
-0.822477
0.0545659
-0.821776
-0.568374
-0.0404369
0.0642723
-0.0219466
-0.997691
0.547282
-0.832281
0.0882656
-0.832626
-0.552124
-0.0435126
0.0849482
-0.0496786
-0.995146
0.520297
-0.846112
0.115695
-0.848088
-0.527834
-0.0462358
0.100188
-0.074063
-0.992208
0.489528
-0.859883
0.14479
-0.864361
-0.500423
-0.0495603
0.115072
-0.100889
-0.98822
0.460833
-0.870091
0.174858
-0.877632
-0.476063
-0.0559126
0.131892
-0.127694
-0.983005
0.438156
-0.878732
0.189341
-0.888197
-0.455633
-0.0592062
0.138296
-0.14223
-0.980125
0.419009
-0.887864
0.190075
-0.897714
-0.436485
-0.059919
0.136165
-0.145526
-0.979939
0.399239
-0.897092
0.189297
-0.906871
-0.416761
-0.0624104
0.13488
-0.146752
-0.979934
0.386585
-0.903239
0.18631
-0.912759
-0.40363
-0.0628821
0.131998
-0.145747
-0.980477
0.379345
-0.907367
0.181059
-0.916397
-0.395463
-0.0618575
0.12773
-0.142457
-0.981525
0.374115
-0.910483
0.176235
-0.919188
-0.389259
-0.0597627
0.123014
-0.139635
-0.982532
0.368503
-0.914026
0.169594
-0.922391
-0.382216
-0.0557291
0.115759
-0.135895
-0.983937
0.351099
-0.920674
0.170552
-0.929774
-0.364336
-0.0527225
0.110678
-0.140064
-0.983937
0.323735
-0.928882
0.179929
-0.939478
-0.338128
-0.0552349
0.112146
-0.151158
-0.982128
0.293675
-0.936314
0.192538
-0.949161
-0.30951
-0.0574125
0.113349
-0.165889
-0.979608
0.257158
-0.944982
0.202183
-0.960176
-0.273504
-0.0570744
0.109232
-0.179454
-0.977683
0.222692
-0.952118
0.209474
-0.969363
-0.239103
-0.0562616
0.103654
-0.190527
-0.976194
0.190696
-0.958035
0.214019
-0.977039
-0.206339
-0.0530916
0.0950241
-0.198981
-0.975386
0.170486
-0.960257
0.221
-0.980883
-0.186744
-0.0547317
0.093827
-0.207444
-0.973737
0.15632
-0.960892
0.228585
-0.983067
-0.173766
-0.0581736
0.0956188
-0.21562
-0.971784
0.134033
-0.96328
0.23265
-0.986443
-0.152123
-0.0615537
0.0946848
-0.221245
-0.970611
0.108231
-0.966118
0.234313
-0.989581
-0.127212
-0.0674225
0.0949454
-0.224574
-0.96982
0.0888305
-0.969167
0.229836
-0.991267
-0.108598
-0.0748136
0.0974666
-0.221183
-0.97035
0.0694514
-0.974647
0.212696
-0.993038
-0.0878801
-0.0784414
0.0951444
-0.205768
-0.973965
0.0438654
-0.980408
0.192032
-0.994936
-0.0602707
-0.0804372
0.0904352
-0.187531
-0.978087
0.0157517
-0.985849
0.166895
-0.996554
-0.0290745
-0.0776871
0.0814401
-0.165097
-0.982909
-0.014844
-0.989634
0.142846
-0.997555
0.00490043
-0.0697121
0.0682894
-0.143532
-0.987287
-0.0471465
-0.991402
0.12206
-0.997218
0.039653
-0.0631103
0.0577276
-0.124696
-0.990514
-0.0760684
-0.99178
0.102891
-0.995885
0.0704716
-0.0569836
0.0492643
-0.106802
-0.993059
-0.103532
-0.990963
0.0852857
-0.99375
0.0994618
-0.0506714
0.0417308
-0.0899988
-0.995067
-0.13517
-0.988116
0.0731892
-0.990193
0.132084
-0.0455077
0.0352998
-0.0786227
-0.996279
-0.165656
-0.984533
0.0570283
-0.985852
0.163824
-0.0354597
0.0255687
-0.0620956
-0.997743
-0.189414
-0.98104
0.0410338
-0.98184
0.188785
-0.0187206
0.010619
-0.0438345
-0.998982
-0.197607
-0.980018
0.0227324
-0.980252
0.197728
0.00318902
-0.00762014
-0.0216533
-0.999736
-0.183941
-0.982937
0.000890598
-0.982589
0.1839
0.0264358
-0.0261485
0.00398754
-0.99965
-0.157653
-0.987154
-0.0259465
-0.986414
0.156197
0.050898
-0.0461913
0.0336182
-0.998367
-0.127024
-0.990399
-0.0545377
-0.989591
0.122788
0.0750554
-0.0676383
0.0635038
-0.995687
-0.0970458
-0.992151
-0.0788513
-0.991539
0.0895144
0.0940095
-0.0862133
0.0873074
-0.992444
-0.0669468
-0.992604
-0.101269
-0.992247
0.0555816
0.111162
-0.104711
0.107926
-0.988629
-0.037235
-0.991785
-0.122376
-0.991588
0.0214778
0.127642
-0.123965
0.1261
-0.984242
-0.00774539
-0.989613
-0.143551
-0.989644
-0.0129914
0.142957
-0.143337
0.143171
-0.979263
0.0213738
-0.9859
-0.165967
-0.986208
-0.0480434
0.158387
-0.164127
0.160292
-0.973329
0.044442
-0.981863
-0.184307
-0.98142
-0.07738
0.175579
-0.186656
0.173079
-0.967059
0.0669364
-0.978837
-0.193387
-0.977387
-0.103291
0.184515
-0.200585
0.176663
-0.963616
0.0874403
-0.975159
-0.203517
-0.97346
-0.127019
0.190373
-0.211495
0.181469
-0.960385
0.112593
-0.970329
-0.213975
-0.968522
-0.155286
0.194556
-0.22201
0.185334
-0.957268
0.144896
-0.962914
-0.227599
-0.961491
-0.191319
0.197311
-0.233538
0.190244
-0.953555
0.173133
-0.956259
-0.235784
-0.955212
-0.221365
0.196384
-0.239988
0.191223
-0.951756
0.196534
-0.951272
-0.237605
-0.949875
-0.24481
0.194434
-0.243128
0.187482
-0.951703
0.221705
-0.945887
-0.23695
-0.942746
-0.27001
0.195765
-0.249151
0.179981
-0.951594
0.238961
-0.943499
-0.229581
-0.937742
-0.285601
0.197665
-0.252065
0.168054
-0.953006
0.251394
-0.942562
-0.219951
-0.934557
-0.295507
0.198189
-0.251802
0.155733
-0.955166
0.256789
-0.942919
-0.212048
-0.93389
-0.298572
0.196734
-0.248816
0.14751
-0.957252
0.255764
-0.946424
-0.197145
-0.935997
-0.293445
0.194422
-0.241857
0.134801
-0.960903
0.248245
-0.951313
-0.182697
-0.939239
-0.282534
0.19495
-0.237076
0.1232
-0.963647
0.239813
-0.955574
-0.17137
-0.9423
-0.271584
0.195738
-0.233583
0.114541
-0.965567
0.240569
-0.957689
-0.157983
-0.945217
-0.268148
0.186174
-0.220659
0.10454
-0.969732
0.244192
-0.958093
-0.149758
-0.948027
-0.268352
0.170976
-0.203999
0.100224
-0.973827
0.249515
-0.957948
-0.141694
-0.951121
-0.269927
0.150026
-0.181965
0.0973339
-0.978476
0.253563
-0.958358
-0.131365
-0.954152
-0.270125
0.128945
-0.159061
0.0926467
-0.982912
0.258553
-0.958362
-0.12121
-0.956096
-0.271799
0.109568
-0.137951
0.0875595
-0.986561
0.269444
-0.95597
-0.116282
-0.955422
-0.280497
0.0921379
-0.120698
0.0862727
-0.988933
0.287412
-0.951241
-0.11196
-0.95256
-0.296096
0.0703978
-0.100116
0.0864154
-0.991216
0.305405
-0.946006
-0.10863
-0.948812
-0.311972
0.0492951
-0.0805231
0.0880148
-0.992859
0.323068
-0.94055
-0.104844
-0.944356
-0.327628
0.0291799
-0.0617951
0.0895834
-0.99406
0.339199
-0.935197
-0.10174
-0.939578
-0.342117
0.0122127
-0.0462282
0.0914502
-0.994736
0.352354
-0.930438
-0.100654
-0.935216
-0.354078
-0.000791795
-0.0349028
0.0944125
-0.994921
0.365582
-0.92535
-0.100387
-0.930395
-0.366397
-0.0108547
-0.026737
0.0973675
-0.994889
0.381203
-0.919417
-0.0967301
-0.92437
-0.380756
-0.02377
-0.014976
0.0984756
-0.995027
0.397125
-0.913271
-0.0907114
-0.917753
-0.395674
-0.0342245
-0.00463591
0.0968421
-0.995289
0.414278
-0.905649
-0.0904117
-0.91015
-0.412249
-0.0409485
-0.0001872
0.0992523
-0.995062
0.422977
-0.901575
-0.0908442
-0.906133
-0.420452
-0.0462884
0.00353685
0.101896
-0.994789
0.434717
-0.895859
-0.0919648
-0.900566
-0.432547
-0.0433922
-0.000905859
0.101684
-0.994816
0.4713
-0.878129
-0.0822509
-0.88195
-0.468565
-0.0510952
0.00632832
0.0966224
-0.995301
0.520569
-0.850999
-0.0693487
-0.853656
-0.517158
-0.0618072
0.0167336
0.0913748
-0.995676
0.563633
-0.823819
-0.0603326
-0.82571
-0.559894
-0.0687209
0.0228338
0.0885506
-0.99581
0.604373
-0.79524
-0.048245
-0.796093
-0.600436
-0.0755787
0.0311351
0.0840852
-0.995972
0.644679
-0.763654
-0.0349479
-0.763369
-0.640657
-0.0826246
0.0407071
0.0799445
-0.995968
0.681973
-0.731054
-0.0217631
-0.729661
-0.678033
-0.0886895
0.0500807
0.0763635
-0.995822
0.714255
-0.699815
-0.00995259
-0.697294
-0.710315
-0.0960901
0.0601759
0.0755727
-0.995323
0.744863
-0.667218
-0.000369917
-0.663745
-0.740929
-0.10231
0.0679889
0.0764524
-0.994753
0.771933
-0.635655
0.00790174
-0.631319
-0.768007
-0.10771
0.0745349
0.0781564
-0.994151
0.793866
-0.607924
0.0143365
-0.602878
-0.789919
-0.112099
0.0794726
0.0803487
-0.993594
0.812288
-0.582943
0.0191431
-0.5774
-0.808337
-0.114891
0.0824487
0.0822709
-0.993194
0.827342
-0.561001
0.0279837
-0.554735
-0.823891
-0.116068
0.08817
0.0805045
-0.992847
0.832504
-0.552926
0.0347782
-0.546312
-0.829739
-0.114353
0.0920857
0.0761999
-0.992831
0.833276
-0.551849
0.0333644
-0.545576
-0.830566
-0.111835
0.0894273
0.0749866
-0.993167
0.824575
-0.565512
0.0165255
-0.561138
-0.821222
-0.103527
0.0721171
0.0760929
-0.994489
0.805763
-0.592197
-0.00699396
-0.590523
-0.802474
-0.0855489
0.0450493
0.0730622
-0.996309
0.78809
-0.615342
-0.0163656
-0.614813
-0.785546
-0.0701572
0.0303148
0.065352
-0.997402
0.767864
-0.639917
-0.0298533
-0.640526
-0.766158
-0.0522293
0.0105501
0.0592268
-0.998189
0.744384
-0.666453
-0.0416345
-0.667682
-0.74376
-0.0319625
-0.00966459
0.051591
-0.998622
0.721705
-0.690655
-0.0462383
-0.691779
-0.721986
-0.0133554
-0.0241594
0.0416253
-0.998841
0.700353
-0.711985
-0.0508319
-0.71257
-0.701548
0.00867579
-0.041838
0.0301452
-0.99867
0.677519
-0.733147
-0.0588542
-0.732812
-0.679715
0.031208
-0.0628841
0.0219851
-0.997779
0.654008
-0.75342
-0.068058
-0.751596
-0.657358
0.0546191
-0.0858897
0.0154308
-0.996185
0.628833
-0.773502
-0.0791411
-0.769432
-0.633705
0.0799506
-0.111994
0.0106181
-0.993652
0.603358
-0.792585
-0.0881398
-0.785724
-0.609728
0.104253
-0.136371
0.00635164
-0.990638
0.579693
-0.809418
-0.0938016
-0.800057
-0.58722
0.122805
-0.154483
0.00385762
-0.987988
0.557181
-0.824141
-0.101694
-0.812753
-0.566348
0.136683
-0.17024
0.0064951
-0.985381
0.534961
-0.837769
-0.109363
-0.824951
-0.545896
0.146466
-0.182406
0.0118654
-0.983152
0.513376
-0.850876
-0.1116
-0.836928
-0.525172
0.154097
-0.189727
0.0142916
-0.981733
0.490316
-0.864862
-0.107722
-0.848857
-0.501908
0.165919
-0.197563
0.0100884
-0.980238
0.463576
-0.880212
-0.101604
-0.861496
-0.474565
0.180593
-0.207177
0.00381256
-0.978296
0.440489
-0.892661
-0.0955326
-0.871705
-0.450727
0.192292
-0.21471
-0.00142598
-0.976677
0.418206
-0.904298
-0.0857261
-0.881209
-0.426797
0.203261
-0.220396
-0.00946212
-0.975365
0.406488
-0.910413
-0.0769092
-0.886428
-0.413372
0.208253
-0.221389
-0.0164781
-0.975046
0.412052
-0.908641
-0.0677009
-0.88582
-0.416887
0.203785
-0.213391
-0.0239993
-0.976672
0.417027
-0.906719
-0.0628472
-0.886046
-0.420977
0.194168
-0.202513
-0.0252877
-0.978953
0.417809
-0.906601
-0.0592437
-0.886986
-0.421149
0.189446
-0.196702
-0.0266038
-0.980102
0.417659
-0.906662
-0.0593696
-0.88726
-0.421056
0.188365
-0.195781
-0.0259959
-0.980303
0.412677
-0.908843
-0.060844
-0.890027
-0.416541
0.185327
-0.193777
-0.0223275
-0.980791
0.391094
-0.918902
-0.0516273
-0.902235
-0.393867
0.175614
-0.181706
-0.0221015
-0.983104
0.353791
-0.934559
-0.0378431
-0.919705
-0.354961
0.167765
-0.170219
-0.0245492
-0.9851
0.310916
-0.950265
-0.0181297
-0.935809
-0.309409
0.168903
-0.166112
-0.0355486
-0.985466
0.267217
-0.963563
-0.0118576
-0.949133
-0.265302
0.169592
-0.166558
-0.0340634
-0.985443
0.226349
-0.974009
-0.00850888
-0.960518
-0.224648
0.164129
-0.161775
-0.0289776
-0.986402
0.180044
-0.983658
-0.000692789
-0.972213
-0.178056
0.151982
-0.149622
-0.02669
-0.988383
0.135829
-0.990713
0.00618432
-0.981077
-0.133633
0.140106
-0.137978
-0.0250977
-0.990117
0.0944988
-0.995464
0.0110127
-0.986874
-0.0922168
0.132572
-0.130955
-0.023396
-0.991112
0.0476221
-0.998646
0.020914
-0.991118
-0.0446396
0.125273
-0.124169
-0.026694
-0.991902
-0.00116024
-0.999571
0.029273
-0.992904
0.00463258
0.118832
-0.118917
-0.0289274
-0.992483
-0.0463298
-0.998212
0.0377659
-0.992357
0.0503207
0.11267
-0.114369
-0.0322574
-0.992915
-0.0914562
-0.994435
0.0522933
-0.989751
0.0965581
0.105213
-0.109677
-0.0421349
-0.993074
-0.133727
-0.988804
0.0662019
-0.985277
0.139836
0.0983637
-0.10652
-0.0520733
-0.992946
-0.172874
-0.981655
0.0804273
-0.97942
0.179967
0.0913724
-0.10417
-0.0629761
-0.992564
-0.207688
-0.973752
0.0931269
-0.972788
0.215598
0.0848582
-0.102709
-0.0729688
-0.992031
-0.236921
-0.966259
0.101055
-0.966504
0.244983
0.0765119
-0.0986871
-0.0795428
-0.991934
-0.262413
-0.958965
0.10736
-0.96092
0.269859
0.0617219
-0.0881612
-0.0869678
-0.992302
-0.283409
-0.951952
0.116041
-0.956107
0.289869
0.0428448
-0.074423
-0.0988054
-0.99232
-0.292629
-0.949272
0.115111
-0.954161
0.29778
0.0300474
-0.0628009
-0.101042
-0.992898
-0.291656
-0.950396
0.108096
-0.95477
0.296095
0.0272259
-0.0578822
-0.0952665
-0.993768
-0.277155
-0.955664
0.0994533
-0.959141
0.281309
0.0302305
-0.0568673
-0.0870112
-0.994583
-0.254882
-0.963318
0.0839809
-0.965646
0.258117
0.0300526
-0.0506272
-0.073436
-0.996014
-0.228684
-0.970901
0.0710971
-0.972673
0.230891
0.0244389
-0.0401434
-0.0635654
-0.99717
-0.197812
-0.978285
0.061878
-0.979825
0.19917
0.01654
-0.028505
-0.0573579
-0.997947
-0.161465
-0.985551
0.0511644
-0.986689
0.162232
0.0111805
-0.0193195
-0.0486781
-0.998628
-0.122989
-0.991564
0.0409178
-0.992326
0.123404
0.00778252
-0.0127663
-0.0396466
-0.999132
-0.0818781
-0.996285
0.0266774
-0.99663
0.0819801
0.00275071
-0.00492751
-0.0263623
-0.99964
-0.0385256
-0.999188
0.0117634
-0.999244
0.0384601
-0.00574395
0.00528686
-0.0119758
-0.999914
0.00658326
-0.999973
-0.00324616
-0.999827
-0.00652571
-0.0174308
0.0174091
0.00336035
-0.999843
0.0529763
-0.998444
-0.0174233
-0.998103
-0.0523942
-0.0323251
0.031362
0.0191027
-0.999326
0.0882359
-0.99562
-0.0309206
-0.995051
-0.0866764
-0.0485911
0.0456982
0.0350551
-0.99834
0.114095
-0.992548
-0.0427988
-0.991612
-0.111143
-0.0659764
0.0607279
0.0499674
-0.996903
0.136208
-0.98899
-0.0578456
-0.98795
-0.131269
-0.0819917
0.0734957
0.0683165
-0.994953
0.131463
-0.989229
-0.064375
-0.987789
-0.125242
-0.0926634
0.0836028
0.0757708
-0.993614
0.103469
-0.992505
-0.0650167
-0.990357
-0.096749
-0.0991639
0.0921304
0.0746501
-0.992945
0.0670645
-0.995833
-0.0617924
-0.992567
-0.0602848
-0.105715
0.101549
0.0684229
-0.992475
0.0307684
-0.997538
-0.0630191
-0.993658
-0.0237049
-0.109915
0.10815
0.0660014
-0.991941
-0.00532889
-0.997796
-0.0661347
-0.993793
0.012633
-0.110522
0.111114
0.0651352
-0.991671
-0.0427904
-0.996775
-0.0678836
-0.993457
0.0496524
-0.10285
0.105889
0.0630384
-0.992378
-0.0815617
-0.994377
-0.0675417
-0.992691
0.0870974
-0.0835343
0.0889473
0.0602349
-0.994213
-0.119237
-0.990546
-0.0678297
-0.990333
0.123532
-0.063097
0.0708796
0.0596505
-0.9957
-0.148429
-0.986247
-0.0727045
-0.987277
0.152021
-0.0466209
0.0570323
0.0648596
-0.996263
-0.167783
-0.982976
-0.0748758
-0.984377
0.171166
-0.0412771
0.0533906
0.0667804
-0.996338
-0.170916
-0.982439
-0.0748474
-0.983849
0.174274
-0.0408523
0.0531788
0.0666563
-0.996358
-0.153309
-0.984613
-0.0838713
-0.986824
0.156989
-0.0391511
0.0517155
0.076764
-0.995707
-0.120707
-0.987249
-0.103772
-0.991667
0.124662
-0.0324951
0.0450172
0.0989846
-0.99407
-0.0844457
-0.988822
-0.122884
-0.995789
0.0881637
-0.0251299
0.0356828
0.120244
-0.992103
-0.0500728
-0.988839
-0.140319
-0.99847
0.0528633
-0.0162287
0.0234653
0.139292
-0.989973
-0.00701987
-0.987587
-0.156916
-0.999901
0.00884172
-0.0109154
0.0121673
0.156824
-0.987552
0.0371262
-0.982746
-0.181197
-0.999302
-0.0357379
-0.0109218
0.00425776
0.181476
-0.983386
0.0710256
-0.977758
-0.197344
-0.997463
-0.0686621
-0.0188022
0.00483395
0.198178
-0.980154
0.102666
-0.972927
-0.207056
-0.994689
-0.098876
-0.0285999
0.00735278
0.208892
-0.977911
0.129749
-0.968766
-0.211326
-0.991504
-0.124782
-0.0367303
0.00921337
0.214296
-0.976725
0.150619
-0.965572
-0.212094
-0.988554
-0.145238
-0.0408164
0.00860706
0.215814
-0.976396
0.174401
-0.963305
-0.204032
-0.984584
-0.167788
-0.0494109
0.0133638
0.209503
-0.977717
0.195031
-0.96153
-0.193449
-0.980696
-0.188355
-0.0525058
0.0140488
0.199955
-0.979704
0.211102
-0.962946
-0.167843
-0.977327
-0.205059
-0.0527579
0.0163853
0.175175
-0.984401
0.23688
-0.961615
-0.13851
-0.971345
-0.231562
-0.053559
0.0194295
0.147228
-0.988912
0.265594
-0.957748
-0.110354
-0.963827
-0.26113
-0.0533789
0.0223068
0.120539
-0.992458
0.29437
-0.951744
-0.0867704
-0.955349
-0.29062
-0.0533601
0.0255679
0.0986037
-0.994798
0.323072
-0.944159
-0.0647156
-0.945901
-0.319991
-0.0536364
0.0299329
0.078543
-0.996461
0.343853
-0.937679
-0.0502299
-0.93844
-0.341261
-0.0535915
0.0331101
0.0655653
-0.997299
0.366643
-0.929625
-0.037008
-0.929567
-0.364397
-0.0558514
0.0384352
0.054879
-0.997753
0.399711
-0.916254
-0.0266599
-0.91552
-0.397614
-0.0610471
0.0453343
0.0488089
-0.997779
0.430624
-0.902348
-0.0181923
-0.901027
-0.428656
-0.0663613
0.0520828
0.0449686
-0.99763
0.442469
-0.896636
-0.0162603
-0.895374
-0.440684
-0.0640463
0.0502606
0.0428976
-0.997814
0.444625
-0.895501
-0.0196837
-0.894566
-0.442833
-0.0604156
0.0453856
0.0444706
-0.997979
0.445418
-0.895145
-0.0178409
-0.89384
-0.443446
-0.0663689
0.0514983
0.0455088
-0.997636
0.441239
-0.897206
-0.0181554
-0.895786
-0.439151
-0.0686572
0.0536267
0.0465576
-0.997475
0.424518
-0.905278
-0.0160178
-0.904035
-0.422825
-0.0627711
0.0500525
0.0411281
-0.997899
0.402591
-0.915262
-0.0147133
-0.914395
-0.40136
-0.052828
0.0424461
0.0347218
-0.998495
0.381923
-0.924129
-0.0110054
-0.923341
-0.381032
-0.0474936
0.0396967
0.0283007
-0.998811
0.362733
-0.931863
-0.00749783
-0.931106
-0.362084
-0.0440108
0.0382972
0.0229455
-0.999003
0.338744
-0.940871
-0.00367502
-0.940398
-0.338444
-0.0332616
0.0300511
0.0147231
-0.99944
0.316043
-0.948743
0.00160406
-0.948494
-0.315998
-0.0224681
0.0218234
0.00557946
-0.999746
0.295352
-0.955378
0.00459512
-0.955269
-0.295387
-0.014407
0.0151215
-0.000134436
-0.999886
0.275599
-0.961237
0.00834977
-0.961216
-0.275666
-0.00845136
0.0104255
-0.00569676
-0.999929
0.257144
-0.966359
0.0052693
-0.966357
-0.257104
0.00717083
-0.00557483
-0.00693596
-0.99996
0.235959
-0.971758
0.00322578
-0.971565
-0.235842
0.0209606
-0.0196078
-0.00807989
-0.999775
0.221995
-0.975045
0.00252664
-0.974734
-0.221857
0.0259436
-0.0247356
-0.00822216
-0.99966
0.21344
-0.976947
0.00419305
-0.976619
-0.213251
0.0271728
-0.0256522
-0.00989476
-0.999622
0.20808
-0.978091
0.00633581
-0.97776
-0.207827
0.0281594
-0.0262257
-0.0120543
-0.999583
0.204481
-0.978833
0.00859171
-0.978509
-0.204159
0.0289888
-0.0266211
-0.0143347
-0.999543
0.203059
-0.979102
0.0112401
-0.978911
-0.20273
0.0251847
-0.0223797
-0.0161171
-0.99962
0.202333
-0.97924
0.0122436
-0.979168
-0.202069
0.0199353
-0.0170474
-0.0160221
-0.999726
0.198918
-0.979941
0.0121529
-0.979874
-0.198663
0.0194791
-0.016674
-0.015783
-0.999736
0.196444
-0.980435
0.0125266
-0.980378
-0.196187
0.01923
-0.0163962
-0.0160584
-0.999737
0.197731
-0.980157
0.0139823
-0.980188
-0.197529
0.0146152
-0.0115633
-0.0165952
-0.999795
0.193392
-0.980777
0.0259864
-0.981118
-0.19339
0.00259173
0.0024836
-0.0259969
-0.999659
0.192897
-0.980224
0.0441689
-0.98087
-0.193833
-0.0179592
0.0261654
-0.0398597
-0.998863
0.195258
-0.978901
0.0602193
-0.979324
-0.197919
-0.0418762
0.0529112
-0.0507975
-0.997306
0.197013
-0.977735
0.0722496
-0.977202
-0.201785
-0.0660195
0.0791284
-0.0575957
-0.995199
0.200388
-0.976206
0.0828607
-0.974168
-0.207528
-0.0890479
0.104125
-0.0628761
-0.992575
0.205419
-0.974225
0.0932151
-0.969663
-0.215497
-0.115386
0.1325
-0.0666847
-0.988937
0.211877
-0.971715
0.1043
-0.963886
-0.225396
-0.14185
0.161347
-0.0704786
-0.984378
0.238366
-0.964396
0.114554
-0.953195
-0.254912
-0.162602
0.186014
-0.0704335
-0.980019
0.276777
-0.95337
0.120335
-0.939285
-0.294843
-0.175529
0.202824
-0.0644463
-0.977092
0.313968
-0.941002
0.12625
-0.924045
-0.333404
-0.187038
0.218095
-0.0579364
-0.974206
0.349703
-0.927645
0.131084
-0.907465
-0.370173
-0.198696
0.232843
-0.0494693
-0.971255
0.382624
-0.914084
0.134348
-0.890335
-0.403644
-0.210654
0.246784
-0.039013
-0.968285
0.417883
-0.898644
0.133463
-0.870943
-0.438064
-0.222617
0.258518
-0.0232107
-0.965727
0.448404
-0.884527
0.128632
-0.853005
-0.466465
-0.234078
0.267051
-0.0047622
-0.963671
0.454776
-0.881641
0.126045
-0.848456
-0.471916
-0.23962
0.270741
0.00203006
-0.96265
0.445009
-0.888339
0.113227
-0.858195
-0.459161
-0.229504
0.255867
0.00496044
-0.966699
0.418037
-0.901994
0.107941
-0.875216
-0.431736
-0.218177
0.243397
-0.00326551
-0.969921
0.390436
-0.915503
0.0970258
-0.893295
-0.402225
-0.200599
0.222675
-0.00835147
-0.974857
0.36207
-0.928786
0.0791386
-0.913414
-0.370448
-0.168653
0.185959
-0.0112222
-0.982493
0.324888
-0.943396
0.0667211
-0.934118
-0.331123
-0.133344
0.147889
-0.0190036
-0.988821
0.281647
-0.957461
0.0627969
-0.952553
-0.286874
-0.101719
0.115407
-0.0311684
-0.992829
0.245932
-0.967518
0.0585322
-0.965612
-0.249806
-0.0720385
0.0843203
-0.0388029
-0.995683
0.214092
-0.975326
0.05389
-0.975514
-0.216326
-0.0396927
0.0503712
-0.0440725
-0.997758
0.184544
-0.981547
0.0500865
-0.982727
-0.185002
-0.00462758
0.0138083
-0.0483674
-0.998734
0.156309
-0.986521
0.0484121
-0.987381
-0.154808
0.033358
-0.0254138
-0.0530154
-0.99827
0.127894
-0.990642
0.0476618
-0.989641
-0.124309
0.0718144
-0.0652176
-0.0563527
-0.996279
0.0984267
-0.994001
0.047698
-0.989559
-0.092691
0.110365
-0.105282
-0.0580629
-0.992746
0.0680475
-0.996462
0.049324
-0.987062
-0.0600465
0.148671
-0.145183
-0.0588025
-0.987656
0.0425288
-0.997643
0.0538547
-0.981374
-0.0316063
0.189489
-0.187341
-0.0609104
-0.980405
0.0272555
-0.997359
0.0673242
-0.972226
-0.010787
0.233794
-0.232451
-0.0718265
-0.969952
0.0147883
-0.996432
0.0830931
-0.962931
0.00819292
0.269623
-0.269342
-0.0840002
-0.959374
0.00542026
-0.995409
0.0955588
-0.956392
0.0227473
0.2912
-0.292037
-0.0929701
-0.951878
0.000628892
-0.99462
0.103586
-0.954533
0.0302822
0.296562
-0.298104
-0.0990626
-0.949379
0.00125778
-0.994091
0.108543
-0.954536
0.0311622
0.296461
-0.298092
-0.103981
-0.948857
0.00340624
-0.993458
0.114144
-0.954591
0.0307737
0.296327
-0.297901
-0.10997
-0.948241
0.00597513
-0.993089
0.117214
-0.954784
0.0291763
0.295867
-0.297242
-0.113681
-0.94801
0.0126354
-0.993658
0.11173
-0.957683
0.020107
0.287123
-0.287549
-0.11063
-0.951355
0.0128211
-0.994802
0.10102
-0.962311
0.015171
0.271529
-0.27165
-0.100694
-0.957114
0.0141663
-0.995552
0.0931383
-0.967182
0.0099898
0.253889
-0.25369
-0.0936783
-0.962739
0.0160126
-0.996146
0.0862355
-0.97158
0.00486974
0.23666
-0.236168
-0.0875743
-0.967758
0.011573
-0.996273
0.0854812
-0.973727
0.00821484
0.227572
-0.227426
-0.085869
-0.970002
0.00424417
-0.995798
0.0914769
-0.978083
0.0149096
0.207682
-0.208173
-0.0903534
-0.97391
0.00565886
-0.995203
0.097664
-0.985415
0.0110611
0.16981
-0.170076
-0.0972005
-0.980625
0.0132471
-0.994756
0.101418
-0.991891
-0.000251885
0.12709
-0.126398
-0.102279
-0.986693
0.0215372
-0.994304
0.104384
-0.996435
-0.0128295
0.0833848
-0.0815706
-0.105808
-0.991035
0.03146
-0.993714
0.107433
-0.999028
-0.0279407
0.0341076
-0.0308915
-0.108402
-0.993627
0.043621
-0.993295
0.107066
-0.998824
-0.0456285
-0.016372
0.0211475
-0.106226
-0.994117
0.0568037
-0.992817
0.105297
-0.99626
-0.0632443
-0.0588693
0.0651059
-0.101559
-0.992697
0.0686406
-0.991934
0.106559
-0.992404
-0.0788197
-0.0944523
0.102089
-0.0992666
-0.98981
0.0787771
-0.990754
0.110459
-0.987785
-0.0925202
-0.125385
0.134446
-0.0992322
-0.98594
0.0891702
-0.989538
0.113417
-0.982965
-0.105803
-0.150287
0.160715
-0.0980839
-0.982115
0.0973798
-0.988265
0.117683
-0.977898
-0.116993
-0.173285
0.18502
-0.0982076
-0.977815
0.1035
-0.986969
0.123204
-0.974259
-0.125541
-0.187239
0.200266
-0.100653
-0.974557
0.108208
-0.985968
0.127114
-0.972826
-0.131348
-0.190673
0.204694
-0.103027
-0.973389
0.115146
-0.984828
0.129831
-0.970425
-0.13944
-0.197059
0.212173
-0.103301
-0.971757
0.121631
-0.983962
0.130476
-0.968408
-0.14647
-0.201823
0.217697
-0.101806
-0.970692
0.126361
-0.983375
0.130412
-0.96752
-0.151191
-0.202597
0.218946
-0.100576
-0.97054
0.129533
-0.983278
0.128006
-0.967585
-0.153566
-0.200489
0.216794
-0.097887
-0.971297
0.130184
-0.983351
0.126778
-0.9703
-0.15265
-0.187661
0.203889
-0.0985822
-0.974018
0.129364
-0.983672
0.125115
-0.974018
-0.149708
-0.16993
0.185887
-0.0998812
-0.977481
0.132977
-0.98338
0.123616
-0.977195
-0.150919
-0.149379
0.165552
-0.100933
-0.981022
0.137523
-0.98277
0.123491
-0.97892
-0.153862
-0.134319
0.151005
-0.102415
-0.983213
0.141551
-0.981893
0.125891
-0.978506
-0.158046
-0.132465
0.149964
-0.104434
-0.98316
0.148899
-0.979583
0.135076
-0.976628
-0.167092
-0.135197
0.155007
-0.111789
-0.981568
0.157884
-0.977266
0.141507
-0.9747
-0.177197
-0.136241
0.158218
-0.116417
-0.980517
0.168702
-0.974344
0.148972
-0.97321
-0.188609
-0.131485
0.156209
-0.1228
-0.980061
0.179953
-0.972091
0.15052
-0.972188
-0.199074
-0.123372
0.149893
-0.124132
-0.980879
0.190109
-0.969931
0.151964
-0.970956
-0.208654
-0.117082
0.145269
-0.125292
-0.981427
0.197936
-0.967946
0.154602
-0.969681
-0.216418
-0.113496
0.143316
-0.12745
-0.981436
0.204247
-0.966455
0.155717
-0.968847
-0.222332
-0.109105
0.140066
-0.128581
-0.981758
0.210307
-0.965381
0.154308
-0.968428
-0.227326
-0.102322
0.133858
-0.127917
-0.98271
0.217268
-0.963952
0.153596
-0.967537
-0.233488
-0.0967223
0.129098
-0.127595
-0.983389
0.222572
-0.96244
0.155472
-0.966548
-0.238687
-0.0938793
0.127462
-0.129376
-0.983369
0.225673
-0.961463
0.15704
-0.965684
-0.242045
-0.0941743
0.128556
-0.130398
-0.983092
0.22715
-0.961066
0.157339
-0.964932
-0.243938
-0.09696
0.131566
-0.129797
-0.982773
0.228865
-0.960832
0.156275
-0.963976
-0.246048
-0.101044
0.135537
-0.12752
-0.982532
0.231249
-0.960595
0.154214
-0.963059
-0.2485
-0.103759
0.137992
-0.124523
-0.982574
0.232872
-0.960497
0.152365
-0.962035
-0.25045
-0.108461
0.142336
-0.121323
-0.982355
0.232565
-0.961005
0.149611
-0.961427
-0.250392
-0.11385
0.146872
-0.117363
-0.982168
0.232025
-0.961775
0.145444
-0.96116
-0.249666
-0.117639
0.149455
-0.1125
-0.982348
0.231593
-0.962096
0.143999
-0.961165
-0.249137
-0.118714
0.15009
-0.110914
-0.982431
0.225923
-0.964143
0.139235
-0.962411
-0.243028
-0.121256
0.150746
-0.106607
-0.982807
0.201754
-0.970861
0.129324
-0.967215
-0.218285
-0.129792
0.154239
-0.0988981
-0.983071
0.167344
-0.979058
0.11594
-0.974449
-0.182123
-0.131455
0.149817
-0.0909791
-0.984519
0.135641
-0.985895
0.0980394
-0.981221
-0.147373
-0.124444
0.137137
-0.0793186
-0.987371
0.102839
-0.99081
0.0878593
-0.986774
-0.112748
-0.116468
0.125303
-0.0747198
-0.989301
0.0726136
-0.994102
0.0805564
-0.990408
-0.0813921
-0.11166
0.117558
-0.0716757
-0.990476
0.0611003
-0.995053
0.0783335
-0.991215
-0.069713
-0.1124
0.117305
-0.0707776
-0.990571
0.0830725
-0.993425
0.0787715
-0.9893
-0.0917239
-0.113459
0.119938
-0.0685033
-0.990415
0.11614
-0.989377
0.0874289
-0.985717
-0.125622
-0.112168
0.12196
-0.0731529
-0.989836
0.145306
-0.984679
0.0964008
-0.982026
-0.155402
-0.107121
0.120461
-0.0791027
-0.989561
0.175385
-0.978676
0.106929
-0.976918
-0.186458
-0.104233
0.121948
-0.0861795
-0.988788
0.202696
-0.972814
0.112014
-0.971602
-0.214055
-0.100845
0.12208
-0.0883919
-0.988576
0.225479
-0.967047
0.118234
-0.966159
-0.23756
-0.100506
0.125282
-0.0915709
-0.987886
0.255154
-0.959071
0.122798
-0.958171
-0.267831
-0.100874
0.129635
-0.0919233
-0.987292
0.29059
-0.948115
0.128982
-0.947428
-0.303971
-0.0999063
0.133929
-0.093169
-0.986601
0.329847
-0.935527
0.126454
-0.935118
-0.342154
-0.0921145
0.129442
-0.0878658
-0.987686
0.376494
-0.919135
0.115944
-0.918396
-0.386734
-0.0835816
0.121662
-0.0750141
-0.989733
0.420824
-0.900599
0.108761
-0.899381
-0.429863
-0.0795648
0.118409
-0.0643353
-0.990879
0.458676
-0.882995
0.0996819
-0.880906
-0.466566
-0.0795009
0.116707
-0.0513453
-0.991838
0.492808
-0.8647
0.0971344
-0.861803
-0.50045
-0.0827332
0.12015
-0.0429392
-0.991827
0.524308
-0.845782
0.0987637
-0.842235
-0.532175
-0.0861987
0.125465
-0.0379877
-0.991371
0.55621
-0.825284
0.097655
-0.820835
-0.563932
-0.0906076
0.129848
-0.0297618
-0.991087
0.593545
-0.800153
0.0863712
-0.793513
-0.599752
-0.103124
0.134316
-0.00732794
-0.990911
0.627116
-0.775081
0.0772993
-0.765529
-0.631614
-0.122596
0.143845
0.0177069
-0.989442
0.655081
-0.753092
0.0609979
-0.743031
-0.656757
-0.128741
0.137015
0.0390123
-0.989801
0.66784
-0.743608
0.0321956
-0.736403
-0.666418
-0.116607
0.108166
0.0541662
-0.992656
0.665035
-0.746812
1.39889e-05
-0.744035
-0.662563
-0.086156
0.0643517
0.0572864
-0.996282
0.636658
-0.77081
-0.022756
-0.77084
-0.635296
-0.0469496
0.0217324
0.0474321
-0.998638
0.598008
-0.800462
-0.0405816
-0.801314
-0.598171
-0.00935006
-0.0167903
0.03811
-0.999132
0.570759
-0.819203
-0.056044
-0.819986
-0.572225
0.0134487
-0.043087
0.0382793
-0.998338
0.542932
-0.83705
-0.0676133
-0.837088
-0.545875
0.0361287
-0.0671499
0.0369828
-0.997057
0.504943
-0.859691
-0.0772258
-0.85807
-0.509652
0.0630159
-0.0935324
0.0344457
-0.99502
0.466518
-0.880951
-0.0792895
-0.877376
-0.472255
0.0847739
-0.112127
0.0300181
-0.99324
0.429366
-0.900144
-0.0733791
-0.894525
-0.435059
0.102708
-0.124377
0.0215399
-0.992001
0.391387
-0.917821
-0.0664862
-0.909549
-0.396809
0.123542
-0.139771
0.0121199
-0.99011
0.349377
-0.934893
-0.0625427
-0.922926
-0.354886
0.14921
-0.161691
0.00559166
-0.986826
0.315901
-0.947509
-0.0493186
-0.93239
-0.319644
0.168751
-0.175658
-0.00732463
-0.984424
0.303256
-0.95202
-0.0411542
-0.935516
-0.305657
0.177153
-0.181232
-0.0152222
-0.983323
0.300465
-0.952824
-0.0429722
-0.935542
-0.303188
0.181214
-0.185694
-0.0142461
-0.982504
0.294576
-0.954484
-0.0467385
-0.936817
-0.298089
0.183077
-0.188677
-0.0101449
-0.981987
0.288924
-0.956169
-0.047584
-0.938231
-0.292687
0.184543
-0.190381
-0.00867387
-0.981672
0.285426
-0.957212
-0.0477203
-0.93933
-0.289283
0.184324
-0.190241
-0.00778573
-0.981706
0.279157
-0.959074
-0.0474177
-0.941311
-0.283077
0.183852
-0.18975
-0.00668882
-0.98181
0.275899
-0.96002
-0.0473408
-0.942507
-0.279872
0.182628
-0.188576
-0.00576794
-0.982042
0.273328
-0.960752
-0.0474053
-0.943414
-0.277364
0.181766
-0.187781
-0.00495899
-0.982198
0.271295
-0.961355
-0.0468673
-0.944441
-0.275277
0.179593
-0.185554
-0.00445933
-0.982624
0.269371
-0.962002
-0.0446181
-0.946199
-0.273003
0.173715
-0.179295
-0.00457619
-0.983785
0.26737
-0.962665
-0.0422908
-0.947979
-0.270653
0.167581
-0.17277
-0.00471528
-0.984951
0.264513
-0.963577
-0.03941
-0.949888
-0.267378
0.161932
-0.166571
-0.00539807
-0.986015
0.26225
-0.9644
-0.0340359
-0.951545
-0.264301
0.157184
-0.160584
-0.00883484
-0.986983
0.262991
-0.96426
-0.0322324
-0.951895
-0.264775
0.154242
-0.157264
-0.00988238
-0.987507
0.264624
-0.963973
-0.0270254
-0.953027
-0.265695
0.145418
-0.147359
-0.012725
-0.989001
0.26622
-0.96376
-0.0171648
-0.954826
-0.266107
0.132268
-0.132043
-0.018823
-0.991065
0.267196
-0.963639
-0.00244975
-0.957134
-0.265686
0.115347
-0.111804
-0.0284755
-0.993322
0.269468
-0.962938
0.0117462
-0.959103
-0.267257
0.0932484
-0.0866532
-0.0363933
-0.995574
0.27476
-0.961243
0.0227789
-0.959965
-0.272897
0.063203
-0.0545371
-0.0392326
-0.997741
0.281145
-0.958907
0.038139
-0.959556
-0.28029
0.0262563
-0.0144874
-0.0439783
-0.998927
0.286234
-0.956595
0.0547457
-0.957907
-0.287004
-0.00660732
0.0220328
-0.0505501
-0.998478
0.289621
-0.954655
0.0689447
-0.955717
-0.292367
-0.0335593
0.0521948
-0.0561722
-0.997056
0.289264
-0.953558
0.0839793
-0.953991
-0.2944
-0.0568231
0.0789076
-0.0636786
-0.994846
0.289292
-0.95244
0.0957541
-0.951913
-0.296778
-0.0760538
0.100854
-0.0691478
-0.992495
0.29068
-0.951064
0.104797
-0.949316
-0.300356
-0.0926591
0.119601
-0.0725513
-0.990168
0.293299
-0.949439
0.11199
-0.946355
-0.304951
-0.106854
0.135603
-0.0746419
-0.987948
0.297168
-0.948232
0.112018
-0.943314
-0.30972
-0.119299
0.147817
-0.0702165
-0.986519
0.297973
-0.947967
0.112122
-0.940507
-0.31164
-0.135379
0.163276
-0.065112
-0.984429
0.299078
-0.94816
0.107448
-0.937719
-0.312889
-0.150941
0.176735
-0.0556132
-0.982686
0.300049
-0.948347
0.103004
-0.935197
-0.313729
-0.164256
0.188087
-0.0470438
-0.981025
0.301631
-0.948295
0.0987693
-0.933263
-0.314855
-0.172877
0.195037
-0.0400326
-0.979979
0.302056
-0.948605
0.0943995
-0.932159
-0.314643
-0.179106
0.199603
-0.0338953
-0.97929
0.302837
-0.94874
0.0904542
-0.931171
-0.314768
-0.18396
0.203002
-0.0285186
-0.978763
0.303528
-0.948753
0.0879717
-0.930695
-0.314995
-0.185972
0.204152
-0.0254269
-0.978609
0.305926
-0.948403
0.0833072
-0.931166
-0.316295
-0.181346
0.198339
-0.0220944
-0.979884
0.313441
-0.945486
0.0883775
-0.928696
-0.324631
-0.179271
0.198188
-0.025885
-0.979822
0.322387
-0.941738
0.0958965
-0.925892
-0.334788
-0.175045
0.196951
-0.0323577
-0.979879
0.330446
-0.938364
0.101387
-0.924741
-0.343383
-0.164141
0.188838
-0.0395168
-0.981213
0.338586
-0.934972
0.105768
-0.924227
-0.351555
-0.149041
0.176533
-0.0472905
-0.983158
0.346835
-0.931365
0.110745
-0.923434
-0.359764
-0.133567
0.164242
-0.0559401
-0.984833
0.356917
-0.926653
0.118004
-0.921837
-0.369828
-0.115952
0.151088
-0.0673954
-0.98622
0.364094
-0.923216
0.122914
-0.921741
-0.376101
-0.0945559
0.133524
-0.0788678
-0.987902
0.370165
-0.920099
0.128044
-0.921699
-0.380971
-0.0730209
0.115968
-0.0909884
-0.989077
0.372727
-0.918127
0.134599
-0.922723
-0.382072
-0.051019
0.0982686
-0.105182
-0.989586
0.372994
-0.917515
0.137989
-0.924237
-0.380499
-0.0317271
0.0816148
-0.115701
-0.989925
0.372507
-0.918471
0.13285
-0.925947
-0.377428
-0.0130553
0.0621322
-0.118149
-0.99105
0.372731
-0.919634
0.123874
-0.926875
-0.375364
0.00224327
0.0444347
-0.115652
-0.992295
0.370505
-0.92168
0.115035
-0.928271
-0.371729
0.0114206
0.0322357
-0.111015
-0.993296
0.368774
-0.923351
0.106902
-0.929165
-0.369363
0.0149605
0.0256721
-0.104847
-0.994157
0.367838
-0.924517
0.0998182
-0.929651
-0.368053
0.0169263
0.0210898
-0.0990222
-0.994862
0.366048
-0.926308
0.0892298
-0.930491
-0.365758
0.0201751
0.0139481
-0.0904126
-0.995807
0.363694
-0.928408
0.0760553
-0.931507
-0.362886
0.024677
0.00468908
-0.0798209
-0.996798
0.360326
-0.930748
0.0622433
-0.932811
-0.359125
0.0298905
-0.00546736
-0.0688315
-0.997613
0.358247
-0.932213
0.0513662
-0.933538
-0.35691
0.0335073
-0.0129028
-0.0599562
-0.998118
0.355871
-0.933485
0.0442854
-0.934383
-0.354559
0.0348675
-0.0168465
-0.0537879
-0.99841
0.354186
-0.934461
0.0365292
-0.934941
-0.352954
0.0361666
-0.0209031
-0.0469624
-0.998678
0.352481
-0.935435
0.026796
-0.935463
-0.351413
0.0376445
-0.0257975
-0.0383357
-0.998932
0.350823
-0.936255
0.0187099
-0.935975
-0.349947
0.0385829
-0.0295759
-0.0310477
-0.99908
0.347737
-0.937554
0.00842654
-0.936947
-0.34715
0.0401999
-0.0347643
-0.0218742
-0.999156
0.344596
-0.938744
-0.00358131
-0.937881
-0.344439
0.0417312
-0.0404085
-0.0110216
-0.999122
0.342124
-0.939523
-0.0157723
-0.938607
-0.342487
0.0414806
-0.0443737
0.000612514
-0.999015
0.338803
-0.940466
-0.0271338
-0.93977
-0.339657
0.0382823
-0.0452194
0.0125294
-0.998899
0.336968
-0.940746
-0.0380874
-0.940584
-0.338158
0.0308262
-0.0418792
0.025437
-0.998799
0.336568
-0.940336
-0.0499048
-0.940952
-0.337897
0.0208841
-0.0365007
0.0399291
-0.998536
0.336757
-0.939575
-0.0615907
-0.94114
-0.337901
0.00889734
-0.0291713
0.0549692
-0.998062
