0.0582465
-0.997796
0.0317841
-0.998226
-0.0586054
-0.010481
0.0123206
-0.0311172
-0.99944
0.0579931
-0.997815
0.0316615
-0.998242
-0.0583484
-0.0104145
0.0122391
-0.0310019
-0.999444
0.0578272
-0.99782
0.0317847
-0.998251
-0.058186
-0.0104792
0.0123057
-0.0311231
-0.99944
0.0575994
-0.997834
0.0317847
-0.998264
-0.057958
-0.0104792
0.0122986
-0.0311259
-0.99944
0.0576734
-0.997829
0.0317877
-0.99826
-0.0580318
-0.0104699
0.0122919
-0.0311286
-0.99944
0.0579546
-0.997813
0.0317926
-0.998244
-0.0583127
-0.0104551
0.0122861
-0.0311309
-0.99944
0.0581341
-0.997802
0.0317969
-0.998233
-0.058492
-0.0104421
0.012279
-0.0311337
-0.99944
0.0581933
-0.997799
0.0318015
-0.998229
-0.0585533
-0.0105066
0.0123455
-0.0311338
-0.999439
0.060063
-0.99773
0.0304533
-0.998026
-0.0605859
-0.0165484
0.0183559
-0.0293992
-0.999399
0.0623834
-0.997648
0.0283885
-0.997656
-0.0631346
-0.0263841
0.0281143
-0.026676
-0.999249
0.0632254
-0.99768
0.0252314
-0.997432
-0.0640213
-0.0320916
0.0336325
-0.0231376
-0.999166
0.0645069
-0.997626
0.0241159
-0.99718
-0.0653689
-0.0368505
0.0383395
-0.0216708
-0.99903
0.0658798
-0.997522
0.0247075
-0.996881
-0.0668755
-0.0419064
0.0434549
-0.0218697
-0.998816
0.0660582
-0.997532
0.023792
-0.996701
-0.0670924
-0.0456666
0.0471501
-0.0206969
-0.998673
0.0662647
-0.997523
0.0236061
-0.996505
-0.0673661
-0.0493971
0.050865
-0.0202503
-0.9985
0.0667417
-0.997492
0.023543
-0.99628
-0.0679127
-0.0530509
0.0545167
-0.0199147
-0.998314
0.0665893
-0.997507
0.0233572
-0.996097
-0.067818
-0.0564935
0.0579367
-0.0195041
-0.99813
0.0664612
-0.997517
0.0233056
-0.995892
-0.0677564
-0.0600731
0.061503
-0.0192173
-0.997922
0.0659846
-0.99753
0.0240986
-0.995696
-0.0674001
-0.063617
0.0650841
-0.0197971
-0.997683
0.0659975
-0.997507
0.0249817
-0.995513
-0.0675258
-0.0662928
0.0678144
-0.0204945
-0.997487
0.0661505
-0.997508
0.0245316
-0.995494
-0.067651
-0.0664481
0.0679421
-0.0200255
-0.997488
0.0661253
-0.997509
0.0245424
-0.995491
-0.0676281
-0.066517
0.0680111
-0.0200332
-0.997483
0.0661007
-0.997514
0.0244273
-0.995498
-0.0675943
-0.0664476
0.0679335
-0.0199251
-0.997491
0.0660503
-0.99752
0.0243113
-0.995501
-0.0675362
-0.0664513
0.0679285
-0.0198129
-0.997493
0.0660362
-0.997518
0.0244389
-0.995502
-0.0675306
-0.0664433
0.0679288
-0.0199413
-0.997491
0.0659749
-0.997522
0.0244428
-0.995507
-0.0674697
-0.0664419
0.0679264
-0.0199495
-0.997491
0.0659716
-0.997522
0.0244505
-0.995507
-0.0674669
-0.066439
0.067924
-0.0199576
-0.997491
0.0660265
-0.997518
0.0244622
-0.995503
-0.0675223
-0.0664348
0.0679216
-0.0199657
-0.997491
0.0660124
-0.997519
0.0244699
-0.995505
-0.0675087
-0.0664319
0.067919
-0.0199746
-0.997491
0.0659484
-0.997522
0.0244931
-0.995509
-0.0674463
-0.0664233
0.0679107
-0.0200026
-0.997491
0.0663033
-0.997494
0.0246981
-0.995487
-0.0678137
-0.0663864
0.0678949
-0.020185
-0.997488
0.0666513
-0.997454
0.0253597
-0.995439
-0.0682125
-0.0667
0.06826
-0.0207983
-0.997451
0.0709189
-0.997193
0.0239946
-0.994883
-0.072449
-0.0704196
0.0719604
-0.0188778
-0.997229
0.0807444
-0.996587
0.017193
-0.993474
-0.0818624
-0.0794285
0.0805648
-0.0106674
-0.996692
0.0897947
-0.995907
0.0103041
-0.99219
-0.0903493
-0.0859988
0.0865778
-0.00250141
-0.996242
0.0979487
-0.995168
0.00689469
-0.990805
-0.0981643
-0.0931138
0.0933407
0.00228909
-0.995632
0.103132
-0.994658
0.00432031
-0.989626
-0.103045
-0.100108
0.100018
0.00604884
-0.994967
0.108684
-0.994067
0.00428166
-0.989129
-0.108571
-0.0991774
0.0990539
0.00654383
-0.995061
0.114026
-0.993459
0.00609887
-0.989658
-0.114123
-0.0869073
0.0870349
0.00387391
-0.996198
0.120306
-0.992707
0.00768
-0.990096
-0.120546
-0.0719651
0.072366
0.00105386
-0.997378
0.127237
-0.99186
0.00486872
-0.989955
-0.127294
-0.0615216
0.0616406
0.00300798
-0.998094
0.134838
-0.990867
0.000764125
-0.989306
-0.134669
-0.0560251
0.0556163
0.00679836
-0.998429
0.14005
-0.990136
-0.00415629
-0.988861
-0.139654
-0.0514784
0.0503902
0.0113196
-0.998665
0.144019
-0.989528
-0.00967535
-0.988598
-0.143435
-0.04582
0.0439524
0.016164
-0.998903
0.148549
-0.988709
-0.0196724
-0.988371
-0.147785
-0.0358062
0.0324947
0.0247626
-0.999165
0.154339
-0.987683
-0.0257098
-0.987752
-0.153642
-0.027198
0.0229129
0.0295927
-0.999299
0.161467
-0.986516
-0.026724
-0.986743
-0.160937
-0.0209269
0.0163438
0.0297488
-0.999424
0.168388
-0.985365
-0.0264886
-0.985662
-0.168024
-0.01545
0.0107732
0.0287104
-0.99953
0.17473
-0.984258
-0.0265546
-0.984614
-0.174602
-0.00710375
0.00235544
0.0273873
-0.999622
0.179587
-0.98323
-0.0317511
-0.983673
-0.179864
0.00609156
-0.0117003
0.0301387
-0.999477
0.183815
-0.982319
-0.0355124
-0.982705
-0.184472
0.016167
-0.0224322
0.0319265
-0.999238
0.187901
-0.981362
-0.0402701
-0.981663
-0.188983
0.024969
-0.032114
0.03484
-0.998877
0.190771
-0.980751
-0.0416309
-0.980762
-0.192218
0.0340441
-0.041391
0.0343353
-0.998553
0.194458
-0.980022
-0.0417549
-0.979755
-0.196118
0.0402234
-0.0476087
0.0330878
-0.998318
0.197946
-0.97933
-0.0416053
-0.978829
-0.199743
0.0446778
-0.0520647
0.0318807
-0.998135
0.19972
-0.978829
-0.044782
-0.978135
-0.201867
0.0500145
-0.0579957
0.033814
-0.997744
0.199816
-0.978593
-0.0492856
-0.977786
-0.202396
0.054498
-0.0633065
0.0373012
-0.997297
0.200117
-0.978438
-0.0511068
-0.977538
-0.202909
0.0569829
-0.0661243
0.0385556
-0.997066
0.200789
-0.978574
-0.0455765
-0.977366
-0.203271
0.0586288
-0.066637
0.0327729
-0.997239
0.203596
-0.978426
-0.0350985
-0.976988
-0.205364
0.0576236
-0.0635883
0.0225589
-0.997721
0.209287
-0.977628
-0.021027
-0.976252
-0.210127
0.0527057
-0.0559449
0.00949702
-0.998389
0.214885
-0.976585
-0.0102729
-0.975466
-0.21513
0.0467463
-0.0478618
-2.42043e-05
-0.998854
0.220235
-0.975445
-0.00211975
-0.974681
-0.220148
0.0391492
-0.0386545
-0.00655594
-0.999231
0.223748
-0.974647
0.000258678
-0.974101
-0.223614
0.0335133
-0.0326058
-0.00775052
-0.999438
0.226352
-0.974044
0.00159671
-0.973636
-0.226209
0.029375
-0.0282514
-0.00820371
-0.999567
0.231022
-0.972947
0.00197379
-0.972604
-0.230886
0.0270852
-0.0258967
-0.00817699
-0.999631
0.236685
-0.971582
0.00308124
-0.971313
-0.236542
0.0244573
-0.0230334
-0.00878151
-0.999696
0.243291
-0.969944
0.00425653
-0.969787
-0.243166
0.0196047
-0.0179804
-0.00889758
-0.999799
0.249233
-0.968426
0.00575902
-0.968327
-0.249107
0.0169915
-0.0150204
-0.00981145
-0.999839
0.255209
-0.966862
0.00685142
-0.96678
-0.25507
0.016593
-0.0142955
-0.0108585
-0.999839
0.259924
-0.96557
0.010683
-0.965474
-0.259668
0.0208133
-0.0173227
-0.015724
-0.999726
0.263408
-0.964558
0.0156208
-0.964483
-0.262988
0.0246953
-0.019712
-0.0215709
-0.999573
0.265767
-0.963839
0.0195795
-0.963753
-0.26514
0.0296859
-0.0234211
-0.0267593
-0.999367
0.266741
-0.963473
0.0238669
-0.963352
-0.265816
0.0359731
-0.0283149
-0.0325878
-0.999068
0.26688
-0.963383
0.0258444
-0.963042
-0.265581
0.0449024
-0.0363945
-0.0368728
-0.998657
0.266535
-0.963421
0.0279224
-0.962701
-0.264713
0.0559748
-0.0465359
-0.0418002
-0.998042
0.26572
-0.963688
0.0264305
-0.9623
-0.263486
0.0674793
-0.0580649
-0.0433646
-0.997371
0.264509
-0.964077
0.0242879
-0.961996
-0.261999
0.0769422
-0.0678148
-0.0437168
-0.99674
0.26336
-0.964447
0.0219807
-0.961637
-0.260642
0.0855613
-0.0767902
-0.0436708
-0.99609
0.2616
-0.964941
0.0213151
-0.961379
-0.258551
0.0943458
-0.0855271
-0.0451728
-0.995311
0.260974
-0.965124
0.0206741
-0.960905
-0.257662
0.101353
-0.0924911
-0.0463163
-0.994636
0.260722
-0.965215
0.0195899
-0.960515
-0.257304
0.105861
-0.0971378
-0.0464167
-0.994188
0.259958
-0.96545
0.0181007
-0.960322
-0.256525
0.10944
-0.101016
-0.0458324
-0.993829
0.259006
-0.965754
0.0153553
-0.960102
-0.255689
0.113253
-0.105448
-0.0440757
-0.993448
0.257217
-0.966276
0.0122498
-0.960022
-0.254063
0.117514
-0.110439
-0.0419868
-0.992996
0.257327
-0.966269
0.0103756
-0.959681
-0.254286
0.119799
-0.11312
-0.0407847
-0.992744
0.258276
-0.966022
0.00972531
-0.959355
-0.255282
0.12029
-0.113721
-0.0403981
-0.992691
0.261606
-0.965152
0.00665259
-0.958733
-0.259059
0.117127
-0.111322
-0.0370191
-0.993095
0.265062
-0.964217
0.00525703
-0.958396
-0.262855
0.111288
-0.105924
-0.0345365
-0.993774
0.266842
-0.963735
0.00310329
-0.958299
-0.264993
0.106963
-0.102262
-0.0315161
-0.994258
0.269066
-0.963119
0.00219448
-0.958105
-0.267431
0.102542
-0.0981734
-0.0296931
-0.994726
0.270928
-0.962596
0.0027133
-0.958023
-0.269364
0.0981626
-0.09376
-0.0291944
-0.995167
0.271875
-0.962328
0.00285032
-0.957994
-0.270367
0.0956514
-0.0912774
-0.0287358
-0.995411
0.271919
-0.962313
0.00374516
-0.958149
-0.270377
0.0940546
-0.0894973
-0.0291637
-0.99556
0.271888
-0.962317
0.00476697
-0.958244
-0.270274
0.0933851
-0.0885777
-0.0299582
-0.995619
0.272103
-0.962247
0.00633594
-0.958314
-0.270382
0.0923445
-0.0871452
-0.031199
-0.995707
0.272244
-0.962195
0.00800975
-0.9584
-0.270409
0.0913728
-0.0857526
-0.0325522
-0.995785
0.271974
-0.962234
0.0116307
-0.958582
-0.269841
0.0911413
-0.0845609
-0.0359371
-0.99577
0.271382
-0.962315
0.0173986
-0.958871
-0.26876
0.0912871
-0.0831709
-0.0414567
-0.995673
0.270573
-0.962482
0.0204395
-0.959018
-0.267623
0.0930755
-0.0841134
-0.0447855
-0.995449
0.270918
-0.962324
0.0231714
-0.959045
-0.267771
0.0923644
-0.0826799
-0.0472456
-0.995456
0.275142
-0.960983
0.0284212
-0.958445
-0.271858
0.0864653
-0.0753652
-0.0510304
-0.995849
0.279901
-0.959413
0.0343865
-0.957779
-0.276615
0.0783791
-0.0656861
-0.054873
-0.99633
0.284545
-0.95775
0.0418359
-0.957112
-0.281332
0.0692061
-0.0545123
-0.0597338
-0.996725
0.290004
-0.955617
0.0519077
-0.956177
-0.287037
0.0577464
-0.0402839
-0.0663796
-0.996981
0.295481
-0.953368
0.0614849
-0.954984
-0.292978
0.0465845
-0.0263984
-0.0724819
-0.99702
0.300866
-0.951263
0.0676683
-0.953559
-0.29901
0.0363116
-0.0143084
-0.0754506
-0.997047
0.305622
-0.94951
0.0709019
-0.952148
-0.304538
0.0258885
-0.00298908
-0.0754212
-0.997147
0.310182
-0.947829
0.0735402
-0.950637
-0.309951
0.0148172
0.0087497
-0.074506
-0.997182
0.314928
-0.94646
0.0709554
-0.948987
-0.315234
0.00713058
0.0156188
-0.0695814
-0.997454
0.31602
-0.946446
0.0661235
-0.948556
-0.316605
0.001719
0.0193081
-0.0632651
-0.99781
0.316774
-0.946453
0.0622958
-0.948185
-0.317681
-0.00496984
0.0244939
-0.0574936
-0.998045
0.317424
-0.946346
0.0605982
-0.947818
-0.318621
-0.0109856
0.0297041
-0.053949
-0.998102
0.318161
-0.946074
0.0609677
-0.947417
-0.31962
-0.0156277
0.0342714
-0.0527897
-0.998017
0.319132
-0.945655
0.0623791
-0.946826
-0.320986
-0.0221235
0.040944
-0.0520018
-0.997807
0.321602
-0.944787
0.0628434
-0.945594
-0.323909
-0.0305619
0.0492301
-0.0495956
-0.997555
0.325419
-0.943365
0.0645331
-0.943881
-0.328157
-0.0374239
0.0564814
-0.0487332
-0.997214
0.328197
-0.942102
0.0687731
-0.942408
-0.331531
-0.0442095
0.0644502
-0.0503029
-0.996652
0.331857
-0.940336
0.0750981
-0.940447
-0.336012
-0.0515278
0.0736873
-0.053526
-0.995844
0.335218
-0.938615
0.0814305
-0.938493
-0.340269
-0.0587256
0.082829
-0.056736
-0.994947
0.33868
-0.936684
0.088985
-0.936366
-0.344811
-0.0657504
0.0922704
-0.0610542
-0.99386
0.342433
-0.934464
0.0975584
-0.934046
-0.349805
-0.0720806
0.101483
-0.0664412
-0.992616
0.345583
-0.93242
0.10567
-0.932054
-0.354129
-0.0766083
0.108852
-0.0720153
-0.991446
0.349692
-0.930223
0.11136
-0.930052
-0.358997
-0.0782556
0.112773
-0.0762052
-0.990694
0.35435
-0.927314
0.12052
-0.928153
-0.364474
-0.0754325
0.113876
-0.0851314
-0.989841
0.359335
-0.925027
0.1233
-0.926797
-0.369199
-0.0688485
0.109209
-0.0895341
-0.989978
0.362384
-0.923581
0.125204
-0.926525
-0.371556
-0.0591433
0.101144
-0.0945723
-0.990367
0.367597
-0.921068
0.12848
-0.924833
-0.376577
-0.0536042
0.0977556
-0.0991174
-0.990262
0.372981
-0.918437
0.13175
-0.92266
-0.382123
-0.0517746
0.0978964
-0.10225
-0.98993
0.377452
-0.916157
0.134861
-0.920763
-0.386814
-0.0507058
0.0986203
-0.105036
-0.989566
0.380919
-0.914116
0.138895
-0.919253
-0.39056
-0.0493583
0.099366
-0.108878
-0.989076
0.383455
-0.912661
0.141466
-0.918172
-0.39324
-0.0481961
0.0996168
-0.111409
-0.988769
0.383658
-0.912377
0.142742
-0.918092
-0.393503
-0.0475687
0.0995701
-0.112801
-0.988616
0.384165
-0.911727
0.145506
-0.917458
-0.394625
-0.0504096
0.10338
-0.11413
-0.988072
0.384519
-0.911887
0.143554
-0.917002
-0.395194
-0.0541117
0.106075
-0.110833
-0.988162
0.384796
-0.912474
0.139006
-0.916959
-0.395122
-0.0553666
0.105445
-0.106158
-0.988743
0.384793
-0.913368
0.133016
-0.916937
-0.394769
-0.0581739
0.105645
-0.0995825
-0.989405
0.385223
-0.913888
0.128109
-0.91656
-0.395051
-0.0620743
0.107338
-0.0935067
-0.989816
0.385904
-0.914329
0.122803
-0.915968
-0.395605
-0.0670803
0.109915
-0.0865972
-0.990161
0.387024
-0.914716
0.116217
-0.915356
-0.396324
-0.0710642
0.111063
-0.0788765
-0.990678
0.388142
-0.914831
0.111493
-0.914454
-0.39734
-0.0767831
0.114544
-0.0721527
-0.990794
0.38949
-0.915093
0.104413
-0.91354
-0.398261
-0.0826658
0.11723
-0.0631876
-0.991093
0.390157
-0.914767
0.104782
-0.912408
-0.399394
-0.0894182
0.123646
-0.0607168
-0.990467
0.39354
-0.912859
0.108695
-0.909406
-0.403877
-0.0993168
0.134562
-0.0597628
-0.989101
0.401397
-0.907949
0.120455
-0.903325
-0.414168
-0.111667
0.151276
-0.0639869
-0.986418
0.406663
-0.904147
0.13093
-0.899361
-0.421387
-0.116548
0.160549
-0.0703579
-0.984517
0.410791
-0.902186
0.131573
-0.897331
-0.425617
-0.116819
0.161392
-0.070076
-0.984399
0.415633
-0.9003
0.129263
-0.895359
-0.429995
-0.115916
0.159942
-0.0675581
-0.984812
0.421928
-0.896598
0.134493
-0.891626
-0.43723
-0.117612
0.164255
-0.0702933
-0.98391
0.427435
-0.894099
0.133735
-0.88998
-0.442149
-0.111536
0.158855
-0.0713472
-0.984721
0.430216
-0.894961
0.118148
-0.891306
-0.441872
-0.101603
0.143137
-0.0615949
-0.987784
0.431967
-0.89605
0.102464
-0.89229
-0.441134
-0.0960186
0.131238
-0.0499502
-0.990092
0.433149
-0.896883
0.0893481
-0.893051
-0.440459
-0.0919514
0.121824
-0.0399637
-0.991747
0.435392
-0.895876
0.0885383
-0.8927
-0.442355
-0.0860735
0.116277
-0.0415623
-0.992347
0.438995
-0.894238
0.0873033
-0.892307
-0.44529
-0.0741908
0.10522
-0.045332
-0.993415
0.445389
-0.892035
0.076829
-0.890388
-0.450303
-0.0666044
0.0940098
-0.0387427
-0.994817
0.455191
-0.887773
0.0682579
-0.886335
-0.459094
-0.0603532
0.0849168
-0.0330271
-0.995841
0.464242
-0.88281
0.071591
-0.881351
-0.468455
-0.0614121
0.0877523
-0.0345867
-0.995542
0.476808
-0.874541
0.0884988
-0.872832
-0.482966
-0.0700607
0.104013
-0.043839
-0.993609
0.487112
-0.867403
0.101653
-0.865798
-0.494887
-0.0740298
0.11452
-0.05195
-0.992062
0.494486
-0.860235
0.124415
-0.859762
-0.505108
-0.0753269
0.127642
-0.0697194
-0.989367
0.500128
-0.853188
0.148132
-0.854368
-0.51405
-0.076204
0.141163
-0.0884472
-0.986027
0.505602
-0.845502
0.171736
-0.848726
-0.523186
-0.0770785
0.15502
-0.106786
-0.982123
0.509169
-0.83826
0.195109
-0.844021
-0.530691
-0.077432
0.168451
-0.12525
-0.97772
0.511807
-0.832186
0.213355
-0.839831
-0.536957
-0.0797585
0.180937
-0.138361
-0.973714
0.51445
-0.829527
0.217314
-0.837401
-0.540554
-0.0810029
0.184664
-0.140307
-0.972735
0.512395
-0.831331
0.215268
-0.839462
-0.537724
-0.0784614
0.180982
-0.140506
-0.973398
0.511042
-0.833723
0.209145
-0.841957
-0.534519
-0.0734685
0.173044
-0.138546
-0.975121
0.505863
-0.837327
0.207331
-0.845938
-0.528573
-0.0707089
0.168796
-0.13962
-0.975712
0.486004
-0.847255
0.214379
-0.857708
-0.509477
-0.06907
0.167741
-0.150306
-0.974305
0.461293
-0.858723
0.223166
-0.871565
-0.485654
-0.0671903
0.166079
-0.163509
-0.972462
0.43497
-0.870499
0.230287
-0.886089
-0.459286
-0.0624689
0.160147
-0.176883
-0.971116
0.406717
-0.882715
0.235363
-0.901419
-0.429621
-0.0535754
0.148408
-0.19037
-0.97043
0.380829
-0.893788
0.236879
-0.915136
-0.400981
-0.0417162
0.132269
-0.20089
-0.970643
0.353125
-0.905367
0.235823
-0.928557
-0.369978
-0.0299776
0.11439
-0.208389
-0.971334
0.323837
-0.916794
0.233705
-0.94118
-0.337356
-0.0192439
0.0964845
-0.213727
-0.972117
0.292675
-0.928091
0.230193
-0.953097
-0.302559
-0.00805428
0.0771221
-0.217039
-0.973112
0.264668
-0.937276
0.226859
-0.962633
-0.270774
0.00435718
0.0573436
-0.219535
-0.973918
0.2458
-0.942931
0.224642
-0.968428
-0.248833
0.0151649
0.0415989
-0.221277
-0.974323
0.233336
-0.946716
0.221998
-0.971974
-0.233801
0.0245679
0.0286446
-0.221509
-0.974737
0.231281
-0.948046
0.218444
-0.972622
-0.230555
0.0291695
0.0227092
-0.21921
-0.975413
0.22971
-0.94905
0.215727
-0.973092
-0.228066
0.0328331
0.0180397
-0.217465
-0.975901
0.228209
-0.949176
0.21676
-0.973467
-0.226286
0.0339955
0.0167819
-0.218767
-0.975633
0.225764
-0.949365
0.218488
-0.974046
-0.223736
0.0343132
0.0163079
-0.220564
-0.975236
0.225018
-0.949472
0.21879
-0.974225
-0.2229
0.0346512
0.0158678
-0.220947
-0.975157
0.22107
-0.949436
0.222932
-0.975153
-0.218545
0.0362521
0.0143018
-0.225407
-0.97416
0.210953
-0.953136
0.216866
-0.977474
-0.204207
0.0533224
-0.00653799
-0.223229
-0.974744
0.204166
-0.956176
0.209864
-0.978589
-0.193639
0.0697651
-0.0260698
-0.219614
-0.975238
0.201802
-0.959199
0.198024
-0.978362
-0.187994
0.0864103
-0.0456573
-0.211177
-0.976381
0.206323
-0.961065
0.183807
-0.976605
-0.190624
0.0995257
-0.0606126
-0.200041
-0.977911
0.214612
-0.961926
0.169234
-0.973876
-0.197589
0.111914
-0.0742147
-0.188831
-0.979201
0.227151
-0.96171
0.153352
-0.969939
-0.209299
0.124143
-0.0872936
-0.176941
-0.980343
0.241954
-0.96016
0.139824
-0.965513
-0.223972
0.132744
-0.096139
-0.16712
-0.981238
0.254988
-0.957975
0.131394
-0.961975
-0.237567
0.134779
-0.0979
-0.160765
-0.982125
0.263007
-0.957461
0.118722
-0.959901
-0.247308
0.132016
-0.0970394
-0.148682
-0.984112
0.26597
-0.95741
0.112364
-0.959517
-0.251729
0.12633
-0.0926643
-0.141415
-0.985604
0.267176
-0.957495
0.108722
-0.959666
-0.254127
0.120254
-0.0875135
-0.136466
-0.986772
0.268867
-0.957321
0.10605
-0.959848
-0.257162
0.11207
-0.0800151
-0.131924
-0.988025
0.269502
-0.957576
0.102065
-0.960385
-0.259451
0.101715
-0.070919
-0.125434
-0.989564
0.269397
-0.957797
0.100248
-0.96107
-0.260751
0.0913976
-0.0614005
-0.120968
-0.990756
0.268616
-0.958078
0.0996625
-0.961701
-0.260884
0.0840908
-0.0545651
-0.118434
-0.991462
0.267137
-0.958852
0.0961249
-0.962314
-0.260166
0.0791542
-0.0508888
-0.113647
-0.992217
0.266672
-0.959226
0.0936612
-0.962716
-0.260533
0.0728052
-0.0454347
-0.109584
-0.992939
0.266487
-0.959618
0.0900945
-0.962869
-0.260863
0.0695238
-0.043214
-0.105276
-0.993504
0.26571
-0.960225
0.0858222
-0.963074
-0.260376
0.0684983
-0.0434278
-0.100854
-0.993953
0.264807
-0.960643
0.083922
-0.963309
-0.259584
0.0682033
-0.0437342
-0.0989035
-0.994136
0.262905
-0.961494
0.0800605
-0.96352
-0.257336
0.0735337
-0.0500998
-0.0964722
-0.994074
0.260179
-0.962239
0.0800202
-0.963852
-0.253897
0.0807798
-0.0574126
-0.0981448
-0.993515
0.258646
-0.962712
0.0792995
-0.963971
-0.251957
0.0853065
-0.0621455
-0.0985066
-0.993194
0.257041
-0.963123
0.0795185
-0.964182
-0.250009
0.0885963
-0.0654488
-0.0994432
-0.992888
0.256442
-0.963221
0.0802684
-0.964186
-0.249113
0.0910332
-0.0676892
-0.100738
-0.992608
0.256478
-0.963211
0.0802678
-0.964126
-0.249074
0.0917801
-0.0684111
-0.100928
-0.992539
0.255874
-0.963379
0.0801847
-0.96428
-0.248473
0.0917886
-0.0685035
-0.100807
-0.992545
0.253677
-0.964085
0.078659
-0.964723
-0.246247
0.0931227
-0.0704087
-0.0995072
-0.992543
0.250256
-0.96505
0.0777824
-0.965305
-0.24252
0.0967962
-0.0745494
-0.0993076
-0.99226
0.246897
-0.965956
0.0772688
-0.96588
-0.238871
0.100081
-0.0782164
-0.099342
-0.991974
0.243258
-0.966875
0.0773233
-0.966721
-0.235163
0.100739
-0.0792185
-0.0992557
-0.991904
0.239055
-0.967802
0.0788119
-0.967902
-0.231021
0.0989659
-0.0775723
-0.0999405
-0.991965
0.235662
-0.968577
0.079516
-0.968799
-0.227676
0.0979347
-0.0767534
-0.100115
-0.992011
0.232478
-0.969301
0.0800541
-0.969627
-0.224548
0.0969587
-0.0760062
-0.100163
-0.992064
0.229202
-0.970004
0.0809836
-0.97052
-0.221365
0.0953287
-0.0745423
-0.100446
-0.992146
0.227463
-0.970524
0.0796448
-0.970923
-0.219765
0.0949319
-0.0746306
-0.0989224
-0.992293
0.226903
-0.97071
0.0789733
-0.971303
-0.219611
0.0913298
-0.0713114
-0.0974299
-0.992684
0.230327
-0.969919
0.0787848
-0.971349
-0.224281
0.0786126
-0.0585779
-0.0946342
-0.993787
0.232936
-0.969091
0.0812625
-0.97152
-0.228153
0.0639979
-0.0434795
-0.0938555
-0.994636
0.234876
-0.968187
0.0862984
-0.971607
-0.231243
0.0500742
-0.0285254
-0.0956093
-0.99501
0.235094
-0.967949
0.0883503
-0.971779
-0.23226
0.0412378
-0.0193958
-0.0955518
-0.995235
0.234709
-0.967907
0.0898258
-0.971991
-0.232542
0.0340246
-0.0120444
-0.0952957
-0.995376
0.233928
-0.968116
0.089599
-0.972239
-0.232423
0.0270299
-0.00534328
-0.0934347
-0.995611
0.233308
-0.968298
0.0892557
-0.972403
-0.232306
0.0215938
-0.000174534
-0.0918305
-0.995775
0.231577
-0.968654
0.0898933
-0.972813
-0.230838
0.0186732
0.00266298
-0.0917737
-0.995776
0.227627
-0.969566
0.0901533
-0.973745
-0.226885
0.0185411
0.0024776
-0.0920068
-0.995755
0.224525
-0.969908
0.0941601
-0.974459
-0.223894
0.0173489
0.00425506
-0.0956505
-0.995406
0.225419
-0.969036
0.100774
-0.974208
-0.225282
0.0128923
0.0102093
-0.101081
-0.994826
0.226055
-0.968491
0.104519
-0.973933
-0.22678
0.00505227
0.0188097
-0.102936
-0.99451
0.226985
-0.96782
0.108643
-0.973442
-0.228878
-0.00511607
0.0298173
-0.104596
-0.994068
0.227391
-0.967133
0.113786
-0.972977
-0.230454
-0.0143602
0.0401106
-0.107446
-0.993402
0.225874
-0.966997
0.117888
-0.973067
-0.229685
-0.0196298
0.046059
-0.110279
-0.992833
0.222793
-0.96751
0.11953
-0.973725
-0.226784
-0.020717
0.0471513
-0.111773
-0.992614
0.220315
-0.967792
0.121817
-0.974206
-0.224567
-0.0221832
0.0488248
-0.113787
-0.992305
0.219102
-0.967875
0.123336
-0.974332
-0.223736
-0.0249001
0.0516949
-0.114715
-0.992053
0.218124
-0.967817
0.125511
-0.974329
-0.223303
-0.0286182
0.0557242
-0.116047
-0.991679
0.217149
-0.967696
0.128108
-0.974279
-0.222956
-0.0327112
0.060217
-0.11771
-0.991221
0.215827
-0.967741
0.129985
-0.974397
-0.22205
-0.0352801
0.0630052
-0.119043
-0.990888
0.214626
-0.967728
0.132056
-0.974495
-0.221249
-0.0375325
0.0655384
-0.120632
-0.990531
0.214134
-0.967553
0.134115
-0.974395
-0.221221
-0.0401987
0.0685635
-0.122073
-0.99015
0.213691
-0.967324
0.136456
-0.974251
-0.221303
-0.0431161
0.0719053
-0.123729
-0.989707
0.212992
-0.967233
0.138181
-0.974158
-0.221107
-0.0461249
0.0751664
-0.124786
-0.989332
0.212914
-0.967213
0.138442
-0.97381
-0.22163
-0.0507426
0.0797617
-0.124012
-0.98907
0.212451
-0.967078
0.140087
-0.973549
-0.221809
-0.0547928
0.0840615
-0.124741
-0.988622
0.211219
-0.967304
0.14039
-0.973741
-0.22072
-0.0557782
0.0849414
-0.124922
-0.988524
0.209389
-0.967657
0.140699
-0.974153
-0.2189
-0.0557479
0.0847439
-0.125389
-0.988482
0.208293
-0.967837
0.141088
-0.974398
-0.217823
-0.0556927
0.0846337
-0.125875
-0.988429
0.210459
-0.967394
0.140912
-0.973897
-0.220011
-0.0558606
0.0850414
-0.125477
-0.988445
0.21158
-0.96857
0.130791
-0.973262
-0.22104
-0.0624666
0.0894134
-0.114077
-0.98944
0.211723
-0.970284
0.117142
-0.972534
-0.221025
-0.072978
0.0967007
-0.0984732
-0.99043
0.212466
-0.971311
0.106835
-0.971761
-0.221509
-0.0813274
0.102659
-0.086539
-0.990945
0.211191
-0.972323
0.0999348
-0.971675
-0.219937
-0.0864597
0.106046
-0.0788447
-0.99123
0.209406
-0.973391
0.0930496
-0.971836
-0.217698
-0.0902407
0.108096
-0.0715319
-0.991564
0.208344
-0.974153
0.0872895
-0.971662
-0.216344
-0.0952231
0.111646
-0.0649767
-0.991621
0.207599
-0.974911
0.0803218
-0.971517
-0.215073
-0.0994889
0.114268
-0.0573802
-0.991791
0.208121
-0.975197
0.075344
-0.97101
-0.215258
-0.103941
0.117582
-0.0515274
-0.991726
0.208785
-0.975344
0.071512
-0.970297
-0.215731
-0.109468
0.122197
-0.0465326
-0.991414
0.208956
-0.975619
0.0671213
-0.969636
-0.215614
-0.1154
0.127059
-0.0409696
-0.991049
0.207048
-0.976424
0.0610509
-0.969953
-0.213024
-0.117526
0.12776
-0.034883
-0.991191
0.206039
-0.977012
0.0547235
-0.970051
-0.211283
-0.119835
0.128643
-0.0283938
-0.991284
0.206797
-0.977111
0.0498849
-0.969421
-0.211522
-0.124427
0.132131
-0.0226283
-0.990974
0.207415
-0.977204
0.0452899
-0.968469
-0.211652
-0.131423
0.138013
-0.0166027
-0.990291
0.208034
-0.97727
0.0407998
-0.967325
-0.211739
-0.13946
0.144929
-0.0104543
-0.989387
0.208683
-0.977288
0.0368817
-0.966623
-0.211844
-0.144088
0.148628
-0.005582
-0.988877
0.209592
-0.977216
0.033457
-0.966305
-0.212238
-0.145635
0.149417
-0.00180569
-0.988773
0.210117
-0.977158
0.0318244
-0.966293
-0.212513
-0.145313
0.148757
-0.000218925
-0.988874
0.209928
-0.977235
0.0306901
-0.967389
-0.212159
-0.138377
0.141738
-0.000639999
-0.989904
0.208169
-0.977537
0.0329729
-0.969301
-0.21069
-0.126746
0.130846
-0.00557606
-0.991387
0.205822
-0.977948
0.0354353
-0.971738
-0.208524
-0.110648
0.115597
-0.0116599
-0.993228
0.207717
-0.977432
0.0384722
-0.973002
-0.210501
-0.0946406
0.100603
-0.017775
-0.994768
0.210295
-0.976769
0.0412199
-0.97389
-0.212991
-0.0785725
0.0855266
-0.0236202
-0.996056
0.212421
-0.976326
0.0407902
-0.974604
-0.214705
-0.0636339
0.0708853
-0.0262371
-0.997139
0.213998
-0.976018
0.0399187
-0.975018
-0.215912
-0.0521748
0.0595425
-0.0277562
-0.99784
0.216104
-0.97561
0.0385164
-0.975148
-0.217639
-0.0414624
0.0488338
-0.028599
-0.998397
0.218021
-0.975171
0.038826
-0.975156
-0.219271
-0.0314676
0.0391997
-0.0310008
-0.99875
0.207167
-0.977414
0.0417625
-0.97762
-0.208431
-0.0285572
0.0366168
-0.0349118
-0.998719
0.176209
-0.983074
0.0501637
-0.983756
-0.177647
-0.0257835
0.0342585
-0.0448056
-0.998408
0.141313
-0.988148
0.0599502
-0.989509
-0.142826
-0.0217268
0.0300317
-0.056251
-0.997965
0.106191
-0.991981
0.0685378
-0.994202
-0.107097
-0.00967173
0.0169343
-0.0671133
-0.997602
0.0783659
-0.994271
0.0726861
-0.996904
-0.0776809
0.0122076
-0.00649134
-0.0734177
-0.99728
0.0639825
-0.995252
0.0733431
-0.997441
-0.0614274
0.0365814
-0.0319024
-0.075496
-0.996636
0.0576197
-0.995957
0.0689206
-0.996545
-0.0532424
0.0637477
-0.0598205
-0.0723556
-0.995583
0.059593
-0.996163
0.0640975
-0.994371
-0.0536049
0.0913974
-0.0876108
-0.0691833
-0.993749
0.0666662
-0.996053
0.0586088
-0.990798
-0.0591515
0.121735
-0.117788
-0.0661852
-0.990831
0.0717869
-0.995884
0.0553276
-0.987012
-0.0629357
0.147808
-0.143718
-0.0652197
-0.987467
0.0742774
-0.995502
0.0588071
-0.985106
-0.064076
0.159562
-0.155076
-0.0697831
-0.985435
0.0725898
-0.995173
0.0660382
-0.984091
-0.0607015
0.166971
-0.162156
-0.077108
-0.983748
0.0708103
-0.995009
0.0703102
-0.98289
-0.0575845
0.174962
-0.17004
-0.0814963
-0.982061
0.0719655
-0.994662
0.0739447
-0.982935
-0.0581429
0.174521
-0.16929
-0.0852424
-0.981873
0.0716302
-0.994495
0.0764746
-0.983726
-0.0577716
0.170134
-0.164779
-0.0874167
-0.982449
0.0673886
-0.994922
0.0747651
-0.982722
-0.0532416
0.177263
-0.172382
-0.0854188
-0.98132
0.0631468
-0.99534
0.0728818
-0.981974
-0.0489305
0.18257
-0.178153
-0.0830968
-0.980488
0.0631145
-0.995091
0.0762273
-0.985028
-0.0498338
0.165038
-0.160429
-0.0855022
-0.983337
0.0655472
-0.994064
0.0868372
-0.989182
-0.0532863
0.136671
-0.131233
-0.0948562
-0.986803
0.0690516
-0.993163
0.0941177
-0.992232
-0.0585869
0.109744
-0.103479
-0.100965
-0.989494
0.0763981
-0.99211
0.0994086
-0.99438
-0.0684826
0.080742
-0.0732972
-0.105018
-0.991765
0.0807654
-0.99115
0.105347
-0.995944
-0.0760436
0.0481001
-0.0396635
-0.108804
-0.993272
0.0798594
-0.990601
0.111048
-0.9967
-0.0777276
0.0234029
-0.0145515
-0.11255
-0.993539
0.0773971
-0.990181
0.116406
-0.996997
-0.076564
0.0116177
-0.00259107
-0.116956
-0.993134
0.0747931
-0.99019
0.118025
-0.997199
-0.0741943
0.00946594
-0.000616285
-0.118403
-0.992965
0.0705014
-0.989852
0.123383
-0.997504
-0.0694779
0.0125833
-0.00388327
-0.123962
-0.992279
0.0702491
-0.98998
0.12249
-0.997509
-0.0689256
0.0150145
-0.00642141
-0.123239
-0.992356
0.0730251
-0.989852
0.121903
-0.997329
-0.0723022
0.0103489
-0.00143004
-0.122333
-0.992488
0.0751627
-0.990446
0.115614
-0.997098
-0.0760548
-0.00331778
0.0120791
-0.115029
-0.993289
0.0763699
-0.991571
0.104666
-0.996755
-0.0786
-0.017345
0.0254255
-0.103002
-0.994356
0.0772959
-0.991801
0.101761
-0.996379
-0.0804693
-0.0274517
0.0354153
-0.0992707
-0.99443
0.0769155
-0.99099
0.109651
-0.996151
-0.0810177
-0.0334539
0.0420362
-0.106656
-0.993407
0.0839228
-0.988104
0.128867
-0.995112
-0.08986
-0.0409609
0.0520536
-0.124799
-0.990816
0.0902967
-0.984561
0.149952
-0.993802
-0.0988804
-0.0507945
0.0648377
-0.144436
-0.987388
0.0953572
-0.981927
0.163482
-0.992483
-0.106438
-0.0603974
0.0767065
-0.156494
-0.984696
0.0992881
-0.979939
0.172803
-0.991522
-0.11206
-0.0657725
0.0838174
-0.164808
-0.982758
0.100504
-0.979691
0.173508
-0.991597
-0.112908
-0.0631414
0.0814494
-0.165704
-0.982806
0.100448
-0.979834
0.172732
-0.991866
-0.11226
-0.0600047
0.0781855
-0.1653
-0.983139
0.101596
-0.980154
0.170226
-0.991909
-0.112898
-0.0580621
0.076128
-0.16295
-0.983693
0.0994985
-0.980574
0.169041
-0.992204
-0.110585
-0.0574658
0.0750429
-0.162006
-0.983932
0.0996961
-0.980452
0.169631
-0.992129
-0.110934
-0.05809
0.0757722
-0.162504
-0.983794
0.10133
-0.980039
0.171041
-0.991035
-0.114486
-0.0688651
0.0870724
-0.16253
-0.982854
0.105081
-0.979962
0.169209
-0.98924
-0.120422
-0.0830858
0.101797
-0.158658
-0.982072
0.10796
-0.98028
0.165519
-0.988114
-0.124132
-0.0906698
0.109428
-0.153763
-0.98203
0.109807
-0.980352
0.163867
-0.987813
-0.125933
-0.0914724
0.110311
-0.151826
-0.982232
0.110287
-0.980152
0.164737
-0.988263
-0.125772
-0.0867013
0.1057
-0.153242
-0.982519
0.11268
-0.978761
0.17126
-0.988622
-0.127719
-0.0794663
0.0996518
-0.160357
-0.982016
0.117542
-0.975973
0.183471
-0.988591
-0.132521
-0.0715993
0.0941927
-0.172962
-0.980414
0.123963
-0.97281
0.195636
-0.988408
-0.138469
-0.0622493
0.0876464
-0.185652
-0.978699
0.129153
-0.969951
0.206192
-0.988269
-0.142994
-0.0536353
0.0815078
-0.196846
-0.97704
0.133094
-0.969535
0.20564
-0.987952
-0.146316
-0.0504171
0.0789696
-0.196453
-0.977328
0.132141
-0.969982
0.204141
-0.988241
-0.144902
-0.0488126
0.0769278
-0.195291
-0.977724
0.131168
-0.970787
0.200914
-0.98862
-0.143148
-0.0462428
0.0736524
-0.192562
-0.978517
0.126265
-0.971044
0.202808
-0.988838
-0.139506
-0.0523168
0.0790948
-0.193939
-0.97782
0.120745
-0.969943
0.211261
-0.987459
-0.139163
-0.0745539
0.101713
-0.19961
-0.974582
0.116358
-0.968383
0.220672
-0.986462
-0.138529
-0.0877595
0.115554
-0.207473
-0.971392
0.115179
-0.964731
0.236701
-0.984848
-0.142004
-0.0995422
0.129644
-0.221649
-0.96647
0.112366
-0.960791
0.253485
-0.983146
-0.144521
-0.111968
0.144212
-0.236632
-0.960837
0.114354
-0.960965
0.251932
-0.982536
-0.146872
-0.114244
0.146786
-0.234468
-0.960978
0.113799
-0.961542
0.249975
-0.982483
-0.14629
-0.115441
0.14757
-0.232459
-0.961346
0.111768
-0.962498
0.247196
-0.982521
-0.144297
-0.117602
0.148861
-0.229731
-0.961802
0.110871
-0.961391
0.251864
-0.982672
-0.143924
-0.116798
0.148538
-0.234551
-0.960689
0.117784
-0.957976
0.26155
-0.982599
-0.150522
-0.108819
0.143615
-0.244182
-0.959036
0.127221
-0.953354
0.273736
-0.982322
-0.159312
-0.0983015
0.137326
-0.256391
-0.956768
0.13809
-0.948211
0.286055
-0.981575
-0.169538
-0.0881338
0.132067
-0.268614
-0.954151
0.150222
-0.943844
0.294265
-0.980499
-0.180377
-0.0780088
0.126707
-0.276807
-0.952535
0.162777
-0.940237
0.299096
-0.979266
-0.191005
-0.0674983
0.120593
-0.281908
-0.951833
0.169009
-0.938295
0.301726
-0.978883
-0.195514
-0.0596921
0.115001
-0.285266
-0.951524
0.172311
-0.938179
0.300214
-0.978778
-0.197388
-0.0550659
0.11092
-0.284355
-0.952281
0.174967
-0.938204
0.298596
-0.978771
-0.198623
-0.0505578
0.106742
-0.283411
-0.95304
0.17627
-0.938965
0.29542
-0.979005
-0.198442
-0.0465825
0.102363
-0.281007
-0.954231
0.176002
-0.939287
0.294555
-0.979176
-0.197805
-0.0456899
0.10118
-0.280379
-0.954542
0.175251
-0.940094
0.29242
-0.979532
-0.196366
-0.044244
0.0990149
-0.278681
-0.955266
0.17843
-0.938879
0.294395
-0.978972
-0.199461
-0.0427738
0.0988798
-0.280572
-0.954726
0.187298
-0.932502
0.308804
-0.977119
-0.20912
-0.0388352
0.100791
-0.294464
-0.950333
0.199777
-0.923329
0.327952
-0.974303
-0.222727
-0.0335629
0.104033
-0.312819
-0.944098
0.214107
-0.918312
0.332959
-0.972255
-0.233227
-0.0180455
0.0942264
-0.319858
-0.942769
0.229159
-0.916809
0.327028
-0.970855
-0.239504
0.00886966
0.0701929
-0.31953
-0.944973
0.240514
-0.916781
0.31885
-0.969859
-0.240209
0.0409148
0.0390808
-0.31908
-0.946922
0.249877
-0.918371
0.306849
-0.968264
-0.238665
0.0741873
0.00510251
-0.315649
-0.948862
0.257106
-0.921041
0.29254
-0.965905
-0.235404
0.107759
-0.0303859
-0.310271
-0.950162
0.264237
-0.923724
0.277332
-0.962156
-0.232618
0.141934
-0.066595
-0.304341
-0.950232
0.268807
-0.926528
0.263229
-0.958188
-0.229404
0.171026
-0.0980742
-0.298195
-0.949453
0.269408
-0.927986
0.257411
-0.956467
-0.226694
0.183794
-0.112205
-0.295721
-0.948662
0.270376
-0.927603
0.257779
-0.95605
-0.227144
0.185404
-0.113428
-0.296578
-0.948249
0.272372
-0.926815
0.258512
-0.955801
-0.229699
0.18353
-0.110718
-0.297074
-0.948414
0.273025
-0.926727
0.258135
-0.955743
-0.230729
0.182534
-0.1096
-0.296547
-0.948708
0.273012
-0.926813
0.257841
-0.95565
-0.230515
0.18329
-0.110439
-0.296446
-0.948643
0.273473
-0.926336
0.259063
-0.955197
-0.229844
0.18647
-0.11319
-0.298451
-0.947689
0.273444
-0.925118
0.263409
-0.955274
-0.229124
0.186961
-0.112608
-0.302751
-0.946394
0.273138
-0.923862
0.268093
-0.955739
-0.228936
0.184801
-0.109354
-0.306703
-0.945502
0.272436
-0.922962
0.271881
-0.956517
-0.229202
0.180392
-0.10418
-0.309204
-0.945272
0.271075
-0.923313
0.272049
-0.957463
-0.229605
0.174776
-0.0989088
-0.307854
-0.946278
0.270615
-0.924772
0.267516
-0.95794
-0.231109
0.170119
-0.0954958
-0.302301
-0.948417
0.270834
-0.928468
0.254159
-0.957716
-0.233259
0.168434
-0.0971012
-0.28903
-0.952383
0.272326
-0.934366
0.229779
-0.956313
-0.236441
0.171934
-0.10632
-0.266562
-0.957936
0.275217
-0.939228
0.2052
-0.954141
-0.240702
0.177982
-0.117773
-0.244773
-0.962401
0.279926
-0.942423
0.182976
-0.95133
-0.246717
0.184669
-0.128893
-0.225764
-0.965617
0.28726
-0.944629
0.158613
-0.947198
-0.255512
0.193726
-0.142471
-0.205887
-0.968149
0.293851
-0.946187
0.135583
-0.943705
-0.264643
0.198457
-0.151896
-0.186267
-0.970686
0.297172
-0.947917
0.114636
-0.941802
-0.271238
0.19859
-0.157154
-0.166979
-0.973355
0.298702
-0.949758
0.093469
-0.940452
-0.276286
0.198028
-0.162255
-0.147055
-0.97573
0.301309
-0.95045
0.0765316
-0.938765
-0.281619
0.198525
-0.167135
-0.131662
-0.977103
0.303106
-0.95134
0.0554913
-0.936674
-0.286703
0.201103
-0.175408
-0.112933
-0.977997
0.30169
-0.952693
0.0368655
-0.936288
-0.288757
0.199961
-0.179856
-0.0948428
-0.97911
0.295599
-0.955038
0.0228694
-0.938555
-0.285867
0.193379
-0.178146
-0.0786267
-0.980858
0.285957
-0.958192
0.00983666
-0.942691
-0.27946
0.182307
-0.171936
-0.0614049
-0.983192
0.275059
-0.961427
-0.000292652
-0.947657
-0.271171
0.168562
-0.16214
-0.0460873
-0.985691
0.265158
-0.964195
-0.00432664
-0.953202
-0.262805
0.149462
-0.145248
-0.0355068
-0.988758
0.256452
-0.96655
-0.00373785
-0.958504
-0.254812
0.127835
-0.124511
-0.0292008
-0.991788
0.251592
-0.967824
0.00421205
-0.962944
-0.249881
0.101477
-0.0971593
-0.0295867
-0.994829
0.246502
-0.968984
0.0175284
-0.966774
-0.244596
0.0743039
-0.0677119
-0.0352621
-0.997082
0.240276
-0.970171
0.0321841
-0.969825
-0.238514
0.0505066
-0.0413237
-0.0433484
-0.998205
0.2329
-0.971161
0.0510238
-0.972383
-0.231735
0.027751
-0.0151266
-0.0560779
-0.998312
0.222812
-0.97292
0.0614916
-0.974838
-0.222798
0.00717332
0.00672111
-0.0615426
-0.998082
0.215249
-0.974724
0.0598428
-0.976093
-0.216635
-0.0176616
0.0301792
-0.0546105
-0.998052
0.211098
-0.975538
0.0613406
-0.975569
-0.21418
-0.0489043
0.0608459
-0.0495184
-0.996918
0.205222
-0.976562
0.0648817
-0.974314
-0.21013
-0.0809748
0.0927105
-0.0465974
-0.994602
0.197474
-0.977821
0.0697845
-0.972294
-0.204446
-0.113343
0.125096
-0.0454688
-0.991102
0.190343
-0.979344
0.0682199
-0.969577
-0.198429
-0.143342
0.153918
-0.0388603
-0.987319
0.178328
-0.981513
0.0695096
-0.967426
-0.187792
-0.169767
0.179682
-0.0369711
-0.98303
0.166289
-0.982721
0.0812853
-0.964678
-0.179207
-0.193085
0.204315
-0.0463062
-0.977809
0.158026
-0.98294
0.0941102
-0.960282
-0.175178
-0.217188
0.229968
-0.0560511
-0.971583
0.154002
-0.983006
0.0999152
-0.955926
-0.173812
-0.236633
0.249978
-0.0590696
-0.966448
0.149266
-0.98337
0.103457
-0.951749
-0.171257
-0.254647
0.26813
-0.0604546
-0.961484
0.149964
-0.982349
0.111808
-0.944079
-0.175865
-0.278902
0.293642
-0.06373
-0.953789
0.149123
-0.980521
0.127834
-0.934381
-0.182034
-0.30626
0.323564
-0.0737753
-0.943326
0.144288
-0.979177
0.142807
-0.92699
-0.184247
-0.326714
0.346222
-0.0852399
-0.934272
0.137553
-0.979087
0.149892
-0.924389
-0.181252
-0.335637
0.355786
-0.092391
-0.929989
0.132614
-0.9811
0.140915
-0.927411
-0.17299
-0.331638
0.349747
-0.0867065
-0.932823
0.132776
-0.983728
0.121038
-0.932934
-0.165277
-0.319871
0.334671
-0.0704493
-0.939698
0.136373
-0.985281
0.103071
-0.937326
-0.162008
-0.308501
0.320658
-0.0545397
-0.945623
0.140919
-0.986088
0.0881648
-0.941807
-0.160976
-0.295103
0.30519
-0.0414485
-0.951389
0.147025
-0.98649
0.0722617
-0.945902
-0.161585
-0.281354
0.289229
-0.0269866
-0.95688
0.153269
-0.986676
0.0545759
-0.950593
-0.162301
-0.264633
0.269965
-0.0113194
-0.962804
0.160857
-0.986171
0.0398951
-0.953917
-0.165716
-0.250162
0.253314
0.0021836
-0.967382
0.168039
-0.985515
0.0228941
-0.957207
-0.168675
-0.235167
0.235623
0.0176028
-0.971685
0.174865
-0.984551
0.0089914
-0.958881
-0.172364
-0.225471
0.223538
0.0308053
-0.974208
0.179554
-0.983748
-0.000801212
-0.958574
-0.174776
-0.22492
0.221125
0.0411535
-0.974377
0.183752
-0.982906
-0.0114386
-0.956487
-0.176105
-0.232638
0.226647
0.0536885
-0.972496
0.186046
-0.982335
-0.0201275
-0.954595
-0.175866
-0.240459
0.232672
0.0639501
-0.970451
0.187948
-0.981827
-0.0263074
-0.953746
-0.176043
-0.243675
0.234616
0.0708888
-0.9695
0.191434
-0.981036
-0.0303649
-0.953792
-0.17864
-0.241596
0.23159
0.0752115
-0.969902
0.193876
-0.980461
-0.0332839
-0.956797
-0.181485
-0.227162
0.216683
0.0758871
-0.973288
0.194229
-0.980309
-0.0356182
-0.960877
-0.182818
-0.208071
0.197462
0.074638
-0.977465
0.193905
-0.980204
-0.0400062
-0.964971
-0.183228
-0.18777
0.176723
0.0750144
-0.981398
0.195047
-0.979847
-0.0430851
-0.967869
-0.185183
-0.170111
0.158704
0.0748803
-0.984483
0.197194
-0.979295
-0.0457759
-0.969645
-0.18794
-0.15642
0.144578
0.0752315
-0.986629
0.19867
-0.978819
-0.0494402
-0.971035
-0.189757
-0.1452
0.132743
0.0768551
-0.988166
0.197241
-0.979071
-0.050156
-0.972714
-0.189073
-0.134455
0.122158
0.0753074
-0.98965
0.195151
-0.979596
-0.0480478
-0.974182
-0.187937
-0.125097
0.113514
0.0712201
-0.99098
0.196361
-0.979541
-0.0440603
-0.974819
-0.190176
-0.116454
0.105692
0.0658178
-0.992218
0.196744
-0.97967
-0.039233
-0.975453
-0.191546
-0.10863
0.0989068
0.0596423
-0.993308
0.199815
-0.979236
-0.0342221
-0.974885
-0.195179
-0.107255
0.0983484
0.0547938
-0.993642
0.201478
-0.979105
-0.0275724
-0.974379
-0.197474
-0.107655
0.0999605
0.0485561
-0.993806
0.202072
-0.979105
-0.0228306
-0.974618
-0.198743
-0.103054
0.0963637
0.0430755
-0.994414
0.200983
-0.979393
-0.019859
-0.975842
-0.198399
-0.0914846
0.0856594
0.0377662
-0.995608
0.200126
-0.979655
-0.0150242
-0.977046
-0.198404
-0.0775702
0.0730112
0.0302031
-0.996874
0.199334
-0.979891
-0.00896293
-0.97809
-0.198391
-0.063102
0.0600549
0.0213449
-0.997967
0.198206
-0.98016
-0.000666972
-0.979043
-0.197947
-0.0478807
0.0467987
0.0101432
-0.998853
0.19656
-0.980465
0.00719316
-0.979979
-0.196689
-0.0309075
0.0317185
-0.00097396
-0.999496
0.196031
-0.980473
0.015608
-0.980419
-0.196275
-0.015981
0.0187324
-0.0121696
-0.99975
0.194457
-0.980679
0.0213344
-0.980893
-0.194538
-0.00178355
0.00589943
-0.0205799
-0.999771
0.195465
-0.98031
0.0280414
-0.980707
-0.195302
0.00846722
-0.00282397
-0.0291554
-0.999571
0.197427
-0.97969
0.0350672
-0.980282
-0.196989
0.015568
-0.00834393
-0.0374493
-0.999264
0.198345
-0.979254
0.0414929
-0.980038
-0.197562
0.0222297
-0.0135711
-0.0450738
-0.998891
0.196994
-0.979244
0.0476883
-0.980225
-0.195793
0.028714
-0.018781
-0.0524018
-0.998449
0.194945
-0.979361
0.0533703
-0.980542
-0.19332
0.034132
-0.02311
-0.0589857
-0.997991
0.193523
-0.979296
0.0593914
-0.980769
-0.191543
0.037453
-0.0253016
-0.0654973
-0.997532
0.191994
-0.979226
0.0652311
-0.981031
-0.189687
0.0399557
-0.0267522
-0.071665
-0.99707
0.189928
-0.979071
0.0731227
-0.981433
-0.187299
0.0413285
-0.0267677
-0.0796145
-0.996466
0.187021
-0.978981
0.0813539
-0.98193
-0.183859
0.0448338
-0.0289338
-0.0882687
-0.995676
0.185057
-0.978906
0.0865823
-0.982105
-0.181085
0.0517501
-0.0349798
-0.0946096
-0.9949
0.18386
-0.978611
0.0922781
-0.982174
-0.179167
0.0568662
-0.0391167
-0.101089
-0.994108
0.182591
-0.978438
0.0965379
-0.982233
-0.177205
0.0617752
-0.0433362
-0.106102
-0.99341
0.180333
-0.978785
0.0972664
-0.982442
-0.174428
0.0662037
-0.0478332
-0.107497
-0.993054
0.17915
-0.979395
0.0932289
-0.982477
-0.173147
0.0689907
-0.0514268
-0.103955
-0.993252
0.178042
-0.98027
0.0858603
-0.982544
-0.172315
0.0701091
-0.0539309
-0.0968439
-0.993837
0.174553
-0.98207
0.0712035
-0.983189
-0.169903
0.0668829
-0.0535859
-0.0816811
-0.995217
0.172541
-0.983008
0.0626418
-0.984017
-0.169175
0.055592
-0.04405
-0.0712325
-0.996487
0.171671
-0.983635
0.054699
-0.984786
-0.169824
0.0368293
-0.0269374
-0.0601893
-0.997823
0.170219
-0.9842
0.0487354
-0.985373
-0.169599
0.0166142
-0.00808625
-0.0508506
-0.998674
0.169605
-0.984584
0.0427546
-0.985479
-0.169794
-0.000818919
0.00806578
-0.0419949
-0.999085
0.167823
-0.985104
0.037491
-0.985606
-0.168454
-0.0143111
0.0204134
-0.0345496
-0.999194
0.166476
-0.985578
0.0303612
-0.985592
-0.167254
-0.0251982
0.0299128
-0.0257289
-0.999221
0.16479
-0.986093
0.0215792
-0.985606
-0.165467
-0.0346538
0.0377425
-0.015558
-0.999166
0.162838
-0.986563
0.0133364
-0.985571
-0.163278
-0.0446177
0.0461957
-0.0058785
-0.998915
0.160391
-0.987041
0.00491534
-0.985607
-0.160423
-0.0533224
0.05342
0.00370782
-0.998565
0.158225
-0.987397
-0.00350938
-0.9856
-0.15772
-0.0609612
0.0596394
0.0131044
-0.998134
0.155046
-0.987852
-0.0104697
-0.985734
-0.153993
-0.0679319
0.0654944
0.0208529
-0.997635
0.15298
-0.988069
-0.0178137
-0.985815
-0.151322
-0.072593
0.0690313
0.0286663
-0.997203
0.148995
-0.988577
-0.0227341
-0.986449
-0.146998
-0.0728651
0.0686909
0.0332825
-0.997083
0.14396
-0.989147
-0.0293817
-0.987378
-0.141595
-0.0709653
0.0660349
0.039227
-0.997046
0.139792
-0.989381
-0.0397937
-0.988068
-0.136757
-0.0708523
0.0646579
0.0492235
-0.996693
0.136454
-0.989589
-0.0457577
-0.988324
-0.132827
-0.0746552
0.0678001
0.0554103
-0.996159
0.133326
-0.989797
-0.0502657
-0.988438
-0.129105
-0.0795138
0.0722129
0.0602857
-0.995566
0.129799
-0.989937
-0.0563567
-0.988642
-0.124868
-0.0836303
0.0757515
0.0665718
-0.994902
0.128979
-0.989843
-0.0597979
-0.988169
-0.123247
-0.0912843
0.0829872
0.0708642
-0.994028
0.128806
-0.989732
-0.0619635
-0.987488
-0.12228
-0.0995722
0.0909729
0.0740137
-0.993099
0.128102
-0.990093
-0.057505
-0.986687
-0.121374
-0.108249
0.100197
0.0706063
-0.992459
0.125824
-0.990704
-0.0517027
-0.986329
-0.119337
-0.11364
0.106414
0.0652945
-0.992176
0.122044
-0.99163
-0.0421271
-0.986543
-0.116546
-0.11467
0.1088
0.055555
-0.99251
0.119655
-0.992208
-0.0347205
-0.987308
-0.11524
-0.109286
0.104434
0.0473565
-0.993404
0.119394
-0.992478
-0.0270742
-0.987994
-0.116073
-0.101953
0.098044
0.0389218
-0.994421
0.121581
-0.992396
-0.0192091
-0.988188
-0.119201
-0.0963084
0.0932863
0.0306914
-0.995166
0.122642
-0.992405
-0.00955532
-0.988531
-0.121297
-0.089963
0.0881207
0.020479
-0.995899
0.123482
-0.992346
0.00161249
-0.989163
-0.123216
-0.0798387
0.0794262
0.00826361
-0.996806
0.122983
-0.992386
0.0067794
-0.989979
-0.123157
-0.0690874
0.0693962
0.0017851
-0.997588
0.121842
-0.992527
0.00669103
-0.990587
-0.122022
-0.0620313
0.0623842
0.000929964
-0.998052
0.122817
-0.992395
0.00826353
-0.990827
-0.123088
-0.0557709
0.0563639
-0.00133811
-0.998409
0.125336
-0.992072
0.00917892
-0.990772
-0.125643
-0.0508364
0.0515867
-0.00272256
-0.998665
0.13084
-0.991321
0.0127852
-0.990723
-0.131217
-0.0353581
0.0367288
-0.0080403
-0.999293
0.143609
-0.989449
0.0191669
-0.989511
-0.14387
-0.0130386
0.0156586
-0.0170934
-0.999731
0.15748
-0.987179
0.0260225
-0.987517
-0.15734
0.00735602
-0.00316733
-0.0268561
-0.999634
0.169374
-0.985012
0.0326199
-0.985375
-0.168623
0.0245461
-0.0186778
-0.0363003
-0.999166
0.179767
-0.982978
0.0379151
-0.98305
-0.178102
0.0434958
-0.0360026
-0.0450916
-0.998334
0.187731
-0.981324
0.0419653
-0.98061
-0.184806
0.0652029
-0.0562297
-0.0533922
-0.996989
0.196546
-0.979242
0.0495558
-0.977774
-0.191988
0.0842488
-0.0729858
-0.0650131
-0.995212
0.203886
-0.977459
0.0548136
-0.974677
-0.197416
0.105029
-0.09184
-0.0748394
-0.992957
0.21081
-0.975902
0.0563395
-0.970752
-0.202226
0.129406
-0.114894
-0.0819716
-0.98999
0.218181
-0.974249
0.0568927
-0.965936
-0.207271
0.15494
-0.139158
-0.0887597
-0.986284
0.225821
-0.972411
0.0584908
-0.960482
-0.212217
0.180107
-0.162725
-0.0968513
-0.981906
0.233895
-0.970457
0.0592089
-0.954165
-0.217421
0.205665
-0.186716
-0.104599
-0.97683
0.241303
-0.96865
0.0590704
-0.947646
-0.222078
0.229451
-0.20914
-0.111345
-0.971526
0.245614
-0.967366
0.062267
-0.944033
-0.224111
0.242026
-0.220173
-0.118227
-0.96827
0.248958
-0.967114
0.05207
-0.93875
-0.227732
0.258626
-0.238263
-0.113268
-0.964573
0.249463
-0.967225
0.0473655
-0.934517
-0.227628
0.273612
-0.253862
-0.11252
-0.960673
0.249149
-0.967345
0.0465629
-0.933287
-0.226981
0.278308
-0.258651
-0.112797
-0.959363
0.248732
-0.967427
0.0470859
-0.933105
-0.226306
0.279465
-0.259707
-0.113448
-0.959001
0.246538
-0.967833
0.0501758
-0.934346
-0.223623
0.277471
-0.257325
-0.115289
-0.959423
0.247646
-0.966724
0.0641526
-0.937831
-0.22257
0.266339
-0.243198
-0.126122
-0.961742
0.247252
-0.966275
0.0719685
-0.939727
-0.221028
0.260884
-0.236179
-0.132135
-0.962684
0.247311
-0.965386
0.0828704
-0.942228
-0.219671
0.252884
-0.225926
-0.140624
-0.963941
0.247296
-0.964378
0.0939157
-0.944896
-0.218565
0.243724
-0.214515
-0.149012
-0.965287
0.247751
-0.963627
0.100214
-0.946298
-0.218517
0.238265
-0.2077
-0.153862
-0.966016
0.246978
-0.963799
0.100462
-0.946563
-0.217764
0.2379
-0.207411
-0.15385
-0.96608
0.246878
-0.963787
0.100827
-0.946535
-0.217537
0.238222
-0.207661
-0.154248
-0.965963
0.247131
-0.963882
0.099289
-0.946841
-0.218433
0.236178
-0.20596
-0.152378
-0.966624
0.247217
-0.964233
0.0955933
-0.947009
-0.219557
0.234453
-0.20508
-0.148489
-0.967416
0.247102
-0.96454
0.0927541
-0.946843
-0.219997
0.234712
-0.205983
-0.145821
-0.96763
0.245045
-0.965834
0.0843706
-0.946516
-0.219484
0.236505
-0.209907
-0.137813
-0.96796
0.24235
-0.967529
0.0717887
-0.946813
-0.219717
0.235093
-0.211686
-0.124945
-0.969318
0.240022
-0.96881
0.0616141
-0.94829
-0.220412
0.228393
-0.207689
-0.113247
-0.971617
0.23737
-0.969901
0.0542886
-0.950434
-0.220326
0.219391
-0.200826
-0.103675
-0.974125
0.234872
-0.970859
0.0476236
-0.952037
-0.21988
0.212789
-0.196116
-0.0953175
-0.975937
0.232495
-0.971602
0.0440001
-0.953718
-0.218878
0.206192
-0.190706
-0.0899023
-0.977522
0.230775
-0.972109
0.0417897
-0.955564
-0.218332
0.198062
-0.183413
-0.0856403
-0.979298
0.228398
-0.972724
0.0405301
-0.957549
-0.216925
0.189849
-0.175879
-0.0821707
-0.980976
0.223997
-0.97378
0.0397132
-0.959778
-0.213333
0.182523
-0.169265
-0.0790005
-0.982399
0.220411
-0.974573
0.0403322
-0.961769
-0.210253
0.175482
-0.16254
-0.0774683
-0.983656
0.217992
-0.975111
0.0404724
-0.963407
-0.208378
0.168602
-0.155972
-0.0757452
-0.984853
0.216765
-0.975252
0.0435571
-0.966004
-0.207843
0.153746
-0.140888
-0.0754031
-0.98715
0.21622
-0.975074
0.0498038
-0.969853
-0.20863
0.125933
-0.112404
-0.0755317
-0.990788
0.216738
-0.974602
0.056343
-0.972859
-0.210838
0.09535
-0.0810491
-0.0754798
-0.993848
0.216717
-0.974381
0.0601208
-0.974693
-0.212505
0.0693944
-0.0548407
-0.0736383
-0.995776
0.217789
-0.974046
0.0616556
-0.975561
-0.215371
0.0435473
-0.0291383
-0.0696329
-0.997147
0.221234
-0.973298
0.061213
-0.975215
-0.22059
0.0171683
-0.00320683
-0.0634941
-0.997977
0.222455
-0.973095
0.0599931
-0.974677
-0.223409
-0.00961312
0.0227575
-0.0563354
-0.998153
0.222493
-0.973259
0.0571289
-0.973831
-0.224646
-0.034459
0.0463713
-0.047967
-0.997772
0.221316
-0.973713
0.0538673
-0.973183
-0.224073
-0.0520197
0.0627225
-0.04091
-0.997192
0.220093
-0.974191
0.0501071
-0.972971
-0.222919
-0.0602948
0.0699085
-0.0354823
-0.996922
0.21974
-0.974455
0.0463953
-0.972649
-0.222507
-0.0666652
0.0752855
-0.0304773
-0.996696
0.220308
-0.974395
0.0449221
-0.971766
-0.223236
-0.0763999
0.0844719
-0.0268222
-0.996065
0.221195
-0.974362
0.0411243
-0.971213
-0.223911
-0.0812974
0.0884213
-0.0219579
-0.995841
0.221337
-0.974571
0.0349383
-0.971224
-0.223525
-0.0822255
0.0879442
-0.0157333
-0.996001
0.22101
-0.974803
0.0302151
-0.971474
-0.222775
-0.0813004
0.085983
-0.0113849
-0.996232
0.217617
-0.975766
0.0229001
-0.972742
-0.218748
-0.0769497
0.0800942
-0.00553038
-0.996772
0.209581
-0.977566
0.0209961
-0.974788
-0.210571
-0.0738181
0.0765832
-0.00499589
-0.997051
0.199446
-0.979642
0.0228707
-0.977175
-0.200577
-0.069979
0.0731417
-0.00839166
-0.997286
0.185926
-0.982244
0.0250806
-0.980052
-0.187215
-0.0666948
0.070206
-0.01218
-0.997458
0.170942
-0.984967
0.024874
-0.983065
-0.172195
-0.0627041
0.0660447
-0.013734
-0.997722
0.156564
-0.987401
0.0229644
-0.985694
-0.157678
-0.0595437
0.0624145
-0.0133135
-0.997962
0.144084
-0.989349
0.0206919
-0.987715
-0.145061
-0.0581127
0.0604954
-0.0120646
-0.998096
0.13305
-0.990954
0.0175322
-0.989306
-0.133854
-0.0579356
0.0597583
-0.00963644
-0.998166
0.124962
-0.992115
0.00959772
-0.990357
-0.125312
-0.0590738
0.0598108
-0.00212319
-0.998207
0.120064
-0.992762
0.00291426
-0.990904
-0.120017
-0.0608746
0.0607838
0.00442107
-0.998141
0.11712
-0.993118
0.000364587
-0.991163
-0.116913
-0.0626725
0.0622837
0.00697884
-0.998034
0.115247
-0.993337
0.000316316
-0.991537
-0.115057
-0.0601329
0.0597686
0.00661647
-0.99819
0.112057
-0.993691
0.00473294
-0.992232
-0.112149
-0.0538428
0.0540338
0.00133727
-0.998538
0.111462
-0.993718
0.0100371
-0.99296
-0.111773
-0.039202
0.0400776
-0.00559694
-0.999181
0.113067
-0.993434
0.0174758
-0.993287
-0.113448
-0.0225768
0.0244111
-0.0148058
-0.999592
0.115491
-0.992938
0.0271286
-0.993225
-0.115793
-0.00982355
0.0128955
-0.0258102
-0.999584
0.117524
-0.992411
0.0361846
-0.99307
-0.117467
0.00370369
0.000574908
-0.0363691
-0.999338
0.118974
-0.991857
0.0454422
-0.992805
-0.118214
0.0190721
-0.0135449
-0.0473843
-0.998785
0.119801
-0.991452
0.0516697
-0.992306
-0.117941
0.0376737
-0.0312578
-0.0557855
-0.997953
0.120043
-0.991181
0.056129
-0.991668
-0.117057
0.0537737
-0.0467291
-0.0621165
-0.996974
0.119501
-0.991085
0.058904
-0.990972
-0.115435
0.0681818
-0.0607744
-0.06652
-0.995933
0.117118
-0.991315
0.0598131
-0.989928
-0.111706
0.086978
-0.0795412
-0.0693973
-0.994413
0.114506
-0.991507
0.0616632
-0.988397
-0.107471
0.107337
-0.0997986
-0.0732384
-0.992309
0.113622
-0.991434
0.0644022
-0.986014
-0.104571
0.129777
-0.121931
-0.078247
-0.989449
0.112124
-0.991471
0.06644
-0.983159
-0.100976
0.152322
-0.144314
-0.0824001
-0.986095
0.110593
-0.991519
0.0682622
-0.981213
-0.0980022
0.166181
-0.158082
-0.0853583
-0.98373
0.11026
-0.99152
0.0687772
-0.980283
-0.0970717
0.172112
-0.163977
-0.0863982
-0.982673
0.110425
-0.99136
0.0707915
-0.980449
-0.0969834
0.171214
-0.162869
-0.0883137
-0.982687
0.110913
-0.990457
0.081818
-0.982303
-0.0967513
0.160377
-0.15093
-0.0981578
-0.983659
0.112132
-0.989394
0.092337
-0.983976
-0.0975912
0.149225
-0.138631
-0.10759
-0.984483
0.114987
-0.988283
0.100369
-0.98516
-0.100492
0.139141
-0.127424
-0.114879
-0.985173
0.117388
-0.987222
0.107766
-0.986066
-0.102991
0.130636
-0.117868
-0.121599
-0.985556
0.119426
-0.986555
0.111568
-0.98668
-0.105432
0.12388
-0.110451
-0.124876
-0.986005
0.121506
-0.986385
0.110817
-0.986966
-0.108193
0.119135
-0.105523
-0.123848
-0.986674
0.12381
-0.98652
0.107
-0.987116
-0.11143
0.114829
-0.101358
-0.119838
-0.987606
0.125641
-0.986569
0.104388
-0.987302
-0.114033
0.110593
-0.0972043
-0.116958
-0.988368
0.128542
-0.986735
0.0991527
-0.987197
-0.117794
0.107552
-0.0944455
-0.111708
-0.989243
0.132397
-0.986782
0.093444
-0.987111
-0.122712
0.102735
-0.0899106
-0.105841
-0.99031
0.132434
-0.986981
0.0912668
-0.987701
-0.123687
0.0956464
-0.0831127
-0.102811
-0.991223
0.131666
-0.987281
0.0891053
-0.988302
-0.123758
0.0891235
-0.0769625
-0.0997974
-0.992027
0.130978
-0.987918
0.0828409
-0.988447
-0.123704
0.0875823
-0.0762765
-0.0933551
-0.992707
0.129503
-0.988731
0.0751043
-0.988266
-0.122512
0.0912224
-0.0809932
-0.0860365
-0.992994
0.128098
-0.989561
0.0660292
-0.987596
-0.121181
0.0998486
-0.0908048
-0.0780005
-0.992809
0.126409
-0.990107
0.060893
-0.987287
-0.119611
0.104682
-0.0963632
-0.0733517
-0.99264
0.125362
-0.990446
0.0574541
-0.98738
-0.118906
0.104603
-0.096772
-0.0698423
-0.992853
0.12304
-0.990961
0.0534554
-0.987917
-0.117191
0.101421
-0.09424
-0.0652884
-0.993406
0.120073
-0.991433
0.0514039
-0.988635
-0.114695
0.0971935
-0.0904651
-0.06249
-0.993937
0.117419
-0.991971
0.0469656
-0.989413
-0.112792
0.0913213
-0.0852908
-0.0571912
-0.994713
0.115699
-0.992348
0.0431106
-0.990274
-0.111863
0.0827303
-0.0772748
-0.0522631
-0.995639
0.115292
-0.992559
0.0391709
-0.99137
-0.112498
0.0673039
-0.0623964
-0.0465925
-0.996963
0.116458
-0.992455
0.0383417
-0.992442
-0.11478
0.0434099
-0.0386816
-0.0431074
-0.998321
0.116776
-0.992274
0.0419122
-0.993085
-0.116152
0.0170359
-0.0120361
-0.0436118
-0.998976
0.113056
-0.992499
0.0465196
-0.993549
-0.113348
-0.00367208
0.00891744
-0.0458044
-0.998911
0.11036
-0.9929
0.0443965
-0.993669
-0.11117
-0.0162102
0.0210307
-0.0423265
-0.998882
0.106429
-0.993456
0.0414535
-0.993783
-0.10765
-0.0284109
0.0326874
-0.038172
-0.998736
0.103408
-0.993934
0.0374355
-0.993613
-0.104938
-0.0414971
0.0451737
-0.0329053
-0.998437
0.0998081
-0.994479
0.0324078
-0.993385
-0.101451
-0.0537914
0.0567822
-0.0268246
-0.998026
0.0959539
-0.994937
0.0298768
-0.993117
-0.0977174
-0.0645723
0.0671649
-0.0234752
-0.997466
0.0927998
-0.995226
0.0302376
-0.992661
-0.0948403
-0.0750305
0.07754
-0.0230529
-0.996723
0.088079
-0.995652
0.030323
-0.992363
-0.0903458
-0.0839804
0.0863548
-0.0226945
-0.996006
0.0830074
-0.996163
0.0277388
-0.992358
-0.0851763
-0.0892768
0.0912969
-0.0201162
-0.995621
0.079167
-0.996494
0.0270569
-0.992139
-0.0814018
-0.0950513
0.0969205
-0.0193193
-0.995105
0.0761666
-0.996658
0.0295234
-0.991673
-0.0788029
-0.101858
0.103844
-0.0215194
-0.994361
0.0716589
-0.996828
0.0346139
-0.991372
-0.0749996
-0.107506
0.109761
-0.0266114
-0.993602
0.0691233
-0.996852
0.03883
-0.991285
-0.0730085
-0.109651
0.11214
-0.0309122
-0.993211
0.0684769
-0.996555
0.0467832
-0.9909
-0.0733853
-0.112833
0.115877
-0.0386311
-0.992512
0.0696641
-0.996
0.0559588
-0.989604
-0.076074
-0.122051
0.12582
-0.0468745
-0.990945
0.0720236
-0.995101
0.0677224
-0.987528
-0.0806768
-0.135203
0.140004
-0.0571399
-0.988501
0.0735884
-0.993982
0.0811467
-0.985267
-0.0850561
-0.148373
0.154382
-0.0690326
-0.985597
0.0750932
-0.992386
0.0976244
-0.982745
-0.0902465
-0.161455
0.169036
-0.0838158
-0.98204
0.0770511
-0.990855
0.110766
-0.98058
-0.0954068
-0.171348
0.180349
-0.0954123
-0.978964
0.0801641
-0.989207
0.122653
-0.978155
-0.101745
-0.181274
0.191796
-0.105442
-0.975754
0.0841266
-0.987755
0.131386
-0.97623
-0.10813
-0.187836
0.199742
-0.112461
-0.973373
0.0887128
-0.986488
0.137733
-0.975239
-0.114148
-0.189418
0.202581
-0.117519
-0.972188
0.0896268
-0.98516
0.146379
-0.976339
-0.115946
-0.182533
0.196796
-0.126555
-0.972242
0.0909604
-0.985026
0.146458
-0.979113
-0.115313
-0.167456
0.181837
-0.128167
-0.97494
0.0997699
-0.983524
0.150756
-0.981524
-0.122142
-0.14728
0.163267
-0.133277
-0.977538
0.114044
-0.980694
0.158848
-0.98273
-0.134812
-0.126757
0.145725
-0.141648
-0.979132
0.128676
-0.97822
0.162876
-0.98356
-0.146872
-0.105061
0.126695
-0.14668
-0.981037
0.143525
-0.975947
0.1641
-0.983436
-0.159198
-0.0866626
0.110703
-0.148944
-0.98263
0.156878
-0.973813
0.164552
-0.982633
-0.170624
-0.072942
0.0991085
-0.150251
-0.983668
0.168942
-0.971969
0.163507
-0.981733
-0.180673
-0.0596455
0.0875148
-0.150443
-0.984738
0.180939
-0.970443
0.159693
-0.980815
-0.19003
-0.0434914
0.0725522
-0.148759
-0.986208
0.193409
-0.968338
0.15784
-0.979283
-0.200367
-0.0292754
0.0599745
-0.148908
-0.987031
0.204201
-0.966855
0.153279
-0.977868
-0.208752
-0.0140385
0.0455705
-0.14702
-0.988083
0.216026
-0.965564
0.144976
-0.975928
-0.218088
0.00171
0.0299664
-0.141855
-0.989434
0.222948
-0.966533
0.126921
-0.97479
-0.222228
0.0199879
0.00888644
-0.128177
-0.991711
0.227562
-0.967541
0.10991
-0.973738
-0.225288
0.0328445
-0.0070169
-0.114498
-0.993399
0.229777
-0.968201
0.0989401
-0.973113
-0.226892
0.0396361
-0.015927
-0.105387
-0.994304
0.229788
-0.969407
0.0863019
-0.972918
-0.226525
0.0460003
-0.0250435
-0.094535
-0.995206
0.228196
-0.970591
0.0766839
-0.973092
-0.224783
0.0506505
-0.0319237
-0.0861787
-0.995768
0.224885
-0.971896
0.0696091
-0.973667
-0.221402
0.0543525
-0.0374134
-0.0799991
-0.996093
0.221762
-0.972924
0.0651208
-0.974186
-0.218167
0.0580072
-0.0422294
-0.0763036
-0.99619
0.219256
-0.973778
0.0606929
-0.974531
-0.215574
0.0617891
-0.047085
-0.0726947
-0.996242
0.216038
-0.97475
0.0564785
-0.975045
-0.212351
0.0647594
-0.0511309
-0.0690596
-0.996301
0.213496
-0.975369
0.055443
-0.975563
-0.209835
0.0651585
-0.0519197
-0.0679992
-0.996334
0.211388
-0.976064
0.0511291
-0.975951
-0.207935
0.0654393
-0.0532414
-0.0637326
-0.996546
0.209484
-0.976664
0.0473774
-0.97621
-0.206123
0.0672886
-0.0559527
-0.0603462
-0.996608
0.208404
-0.976916
0.0469253
-0.976406
-0.205041
0.0677461
-0.0565607
-0.0599368
-0.996598
0.208246
-0.976925
0.0474389
-0.976458
-0.204868
0.0675256
-0.0562487
-0.060384
-0.996589
0.208464
-0.976563
0.0535403
-0.976666
-0.204971
0.0641115
-0.0516347
-0.065656
-0.996505
0.207563
-0.9767
0.0545434
-0.976948
-0.204126
0.0624962
-0.0499063
-0.0662579
-0.996554
0.207888
-0.976576
0.0555172
-0.976961
-0.2045
0.0610471
-0.0482639
-0.0669291
-0.99659
0.208496
-0.976382
0.0566322
-0.976937
-0.205186
0.0590974
-0.0460815
-0.0676477
-0.996645
0.211954
-0.975655
0.0563291
-0.976429
-0.209013
0.0538453
-0.0407609
-0.0664141
-0.996959
0.212447
-0.975709
0.0534703
-0.976694
-0.210312
0.0428643
-0.0305776
-0.0613305
-0.997649
0.207622
-0.976932
0.0499667
-0.97805
-0.206396
0.028628
-0.0176547
-0.0548137
-0.998341
0.204874
-0.97747
0.0507803
-0.978788
-0.204599
0.0106012
2.72073e-05
-0.0518751
-0.998654
0.201459
-0.978203
0.0503302
-0.979254
-0.202288
-0.0119147
0.0218362
-0.0468858
-0.998662
0.196407
-0.979166
0.0515533
-0.979546
-0.198286
-0.0342433
0.0437522
-0.0437732
-0.998083
0.192217
-0.979885
0.0536432
-0.979638
-0.194823
-0.0485018
0.0579771
-0.0432281
-0.997382
0.187439
-0.98093
0.0514137
-0.980179
-0.190201
-0.0554346
0.0641564
-0.040004
-0.997138
0.186964
-0.981208
0.0477078
-0.979292
-0.189998
-0.0699153
0.0776658
-0.0336482
-0.996411
0.186494
-0.981445
0.044571
-0.97805
-0.189758
-0.0860789
0.0929393
-0.0275395
-0.995291
0.183012
-0.982389
0.0376745
-0.977831
-0.185862
-0.0964496
0.101753
-0.0191879
-0.994625
0.178517
-0.983428
0.0316375
-0.978053
-0.180869
-0.103437
0.107445
-0.012478
-0.994133
0.176189
-0.984015
0.025924
-0.977847
-0.177987
-0.110168
0.113021
-0.0059394
-0.993575
0.17279
-0.984739
0.0208081
-0.978051
-0.174038
-0.114577
0.11645
-0.000553625
-0.993196
0.169728
-0.985372
0.0153372
-0.978671
-0.170361
-0.114807
0.11574
0.00447585
-0.993269
0.169412
-0.985494
0.0101004
-0.97908
-0.169464
-0.112629
0.112707
0.00919165
-0.993586
0.171227
-0.985225
0.00363485
-0.979764
-0.170663
-0.104579
0.103654
0.0143454
-0.99451
0.174828
-0.984595
0.00267119
-0.979764
-0.174237
-0.0985102
0.0974581
0.0146052
-0.995132
0.179544
-0.983745
0.00302962
-0.978949
-0.17897
-0.0981249
0.0970721
0.0146518
-0.995169
0.182781
-0.983149
0.00289099
-0.978341
-0.182176
-0.0982849
0.0971554
0.0151362
-0.995154
0.183951
-0.982933
0.0023562
-0.978157
-0.183292
-0.0980456
0.0968041
0.0157308
-0.995179
0.184348
-0.98284
0.00640776
-0.978267
-0.184112
-0.0953781
0.0949211
0.0113143
-0.99542
0.183566
-0.98278
0.0211391
-0.978436
-0.184742
-0.092379
0.0946935
-0.00372558
-0.9955
0.18649
-0.981953
0.0314518
-0.977926
-0.188606
-0.0899339
0.0942429
-0.0139858
-0.995451
0.186678
-0.981856
0.0333272
-0.977937
-0.188956
-0.0890806
0.0937617
-0.0159625
-0.995467
0.186998
-0.981785
0.0336125
-0.97785
-0.189306
-0.0892887
0.0940254
-0.0161711
-0.995438
0.187365
-0.981664
0.0350688
-0.977795
-0.189801
-0.0888421
0.0938692
-0.0176442
-0.995428
0.188714
-0.981076
0.0433207
-0.977796
-0.19181
-0.0843973
0.0911095
-0.0264319
-0.99549
0.191081
-0.979585
0.0624522
-0.97749
-0.195699
-0.078842
0.0894543
-0.0459811
-0.994929
0.196015
-0.976909
0.0850072
-0.976573
-0.202324
-0.0732759
0.0887829
-0.0686526
-0.993682
0.201235
-0.973637
0.107406
-0.975567
-0.209079
-0.0674889
0.088166
-0.0912002
-0.991922
0.204701
-0.970224
0.12947
-0.974866
-0.213965
-0.0620842
0.0879376
-0.113507
-0.989638
0.207284
-0.966475
0.151526
-0.974322
-0.217874
-0.0568152
0.0879242
-0.135858
-0.986819
0.209069
-0.962159
0.174757
-0.973983
-0.220861
-0.0507783
0.0874538
-0.159594
-0.983301
0.21034
-0.957463
0.197539
-0.973721
-0.223226
-0.0451452
0.0873205
-0.182852
-0.979255
0.211805
-0.952499
0.218825
-0.973295
-0.225859
-0.0410457
0.0885195
-0.204287
-0.974901
0.212732
-0.947567
0.238458
-0.972697
-0.228538
-0.0403892
0.0927681
-0.223355
-0.970313
0.212075
-0.942752
0.257379
-0.972457
-0.229645
-0.0398815
0.0967042
-0.241832
-0.965487
0.211336
-0.937916
0.275047
-0.972251
-0.230608
-0.0393347
0.10032
-0.259102
-0.960626
0.209018
-0.933614
0.290994
-0.97253
-0.229628
-0.0381707
0.102457
-0.275022
-0.955963
0.206593
-0.929701
0.304919
-0.973098
-0.227718
-0.0350091
0.101984
-0.289483
-0.951735
0.204446
-0.926422
0.316139
-0.973673
-0.225721
-0.0317862
0.100806
-0.301317
-0.94818
0.204428
-0.924393
0.322037
-0.973534
-0.226335
-0.03169
0.102182
-0.307035
-0.946197
0.204065
-0.923812
0.323928
-0.973292
-0.227001
-0.0342408
0.105164
-0.30829
-0.945462
0.202772
-0.924543
0.32265
-0.973453
-0.226046
-0.0359531
0.106174
-0.306794
-0.945835
0.201383
-0.926192
0.318769
-0.973772
-0.224487
-0.0370717
0.105895
-0.302943
-0.947107
0.199014
-0.928234
0.314285
-0.973314
-0.224606
-0.0470375
0.114252
-0.296537
-0.948163
0.191044
-0.926085
0.325374
-0.970918
-0.227012
-0.0760477
0.14429
-0.301383
-0.942522
0.185409
-0.922877
0.337522
-0.966668
-0.233011
-0.106104
0.176567
-0.3066
-0.935318
0.172889
-0.922958
0.343887
-0.965631
-0.22763
-0.125466
0.194079
-0.310376
-0.930591
0.151743
-0.927615
0.341327
-0.969619
-0.206733
-0.130771
0.191869
-0.311113
-0.930803
0.119367
-0.933107
0.339209
-0.976164
-0.172672
-0.131483
0.18126
-0.315429
-0.931477
0.0780342
-0.938126
0.337388
-0.982987
-0.128844
-0.130904
0.166275
-0.321433
-0.93222
0.0346119
-0.940185
0.338902
-0.98777
-0.083767
-0.131507
0.152029
-0.330206
-0.931585
-0.00382115
-0.938882
0.344217
-0.990005
-0.0449779
-0.133671
0.140984
-0.341288
-0.929326
-0.0366465
-0.936671
0.348289
-0.990581
-0.0119642
-0.136404
0.131932
-0.350007
-0.92741
-0.0698475
-0.934558
0.348888
-0.99009
0.0222336
-0.13866
0.121829
-0.355116
-0.92685
-0.104697
-0.929392
0.353934
-0.988163
0.0570928
-0.14239
0.112129
-0.364652
-0.924368
-0.138533
-0.922931
0.359176
-0.985501
0.0925934
-0.142178
0.0979629
-0.373664
-0.922376
-0.172295
-0.912981
0.369839
-0.98174
0.128425
-0.140331
0.0806225
-0.387264
-0.918437
-0.201552
-0.902226
0.381269
-0.977122
0.158225
-0.142121
0.0678986
-0.401191
-0.913475
-0.223738
-0.890159
0.396937
-0.972853
0.179254
-0.14637
0.0591398
-0.41891
-0.9061
-0.244959
-0.878245
0.410708
-0.968177
0.19918
-0.151531
0.051276
-0.434757
-0.899087
-0.265119
-0.867434
0.421034
-0.963365
0.219954
-0.153456
0.0405052
-0.446293
-0.89397
-0.281652
-0.857609
0.430324
-0.95904
0.237478
-0.154424
0.0302431
-0.456191
-0.889368
-0.292998
-0.85019
0.437413
-0.95585
0.249744
-0.154848
0.0224091
-0.463471
-0.885829
-0.29674
-0.8455
0.44393
-0.954793
0.25404
-0.154382
0.0177542
-0.469673
-0.882662
-0.280516
-0.861969
0.422279
-0.959639
0.242652
-0.142169
0.0200786
-0.445116
-0.895248
-0.262333
-0.877133
0.402268
-0.964431
0.224294
-0.139875
0.0324624
-0.424654
-0.904774
-0.241569
-0.891732
0.382699
-0.969012
0.200715
-0.143974
0.051573
-0.40562
-0.912586
-0.219923
-0.905477
0.362966
-0.973034
0.17708
-0.147812
0.0695666
-0.385686
-0.920004
-0.200308
-0.915542
0.348797
-0.975888
0.15494
-0.153739
0.0867121
-0.371182
-0.924502
-0.179811
-0.92494
0.334893
-0.978163
0.132045
-0.160501
0.104233
-0.35644
-0.928486
-0.157407
-0.933631
0.3218
-0.979782
0.106896
-0.16912
0.123496
-0.341914
-0.931581
-0.132512
-0.942186
0.307775
-0.980752
0.0797097
-0.178248
0.14341
-0.32547
-0.934614
-0.109154
-0.948895
0.296114
-0.980719
0.054225
-0.187751
0.162099
-0.310899
-0.936518
-0.0928071
-0.952928
0.288644
-0.979617
0.0355194
-0.197711
0.178151
-0.30111
-0.9368
-0.0708804
-0.956768
0.282085
-0.978537
0.011837
-0.205732
0.193499
-0.290613
-0.937071
-0.0479337
-0.959911
0.276175
-0.977093
-0.0123337
-0.212456
0.207345
-0.280032
-0.937331
-0.0245676
-0.962576
0.269897
-0.975187
-0.0363417
-0.218378
0.220014
-0.268565
-0.937799
-0.00245506
-0.964577
0.263789
-0.972546
-0.0590799
-0.225085
0.232696
-0.257099
-0.937951
0.015847
-0.967521
0.252293
-0.969319
-0.0767673
-0.233511
0.245295
-0.240852
-0.939053
0.0340243
-0.970454
0.238875
-0.964787
-0.0942699
-0.245561
0.260824
-0.222109
-0.939488
0.053781
-0.972672
0.225871
-0.958841
-0.11346
-0.260289
0.278803
-0.202576
-0.93874
0.0652355
-0.973297
0.220085
-0.954784
-0.124991
-0.269748
0.290054
-0.192536
-0.937443
0.0695822
-0.972721
0.221299
-0.953745
-0.129902
-0.271103
0.292455
-0.192198
-0.936766
0.0713023
-0.972826
0.220283
-0.953574
-0.131266
-0.271046
0.292596
-0.19073
-0.937022
0.0738252
-0.973193
0.217819
-0.952729
-0.133372
-0.272984
0.294717
-0.187369
-0.937035
0.0760127
-0.973369
0.216276
-0.951983
-0.135357
-0.274603
0.296564
-0.185017
-0.93692
0.0760344
-0.973552
0.215443
-0.951644
-0.135352
-0.275777
0.297644
-0.184057
-0.936766
0.0748676
-0.97366
0.215363
-0.951789
-0.134199
-0.27584
0.297476
-0.184328
-0.936766
0.0738933
-0.973586
0.216031
-0.952738
-0.132925
-0.273168
0.294668
-0.185636
-0.937395
0.0744813
-0.974076
0.213608
-0.953644
-0.132203
-0.270344
0.291575
-0.18357
-0.938768
0.0854751
-0.975496
0.202733
-0.951287
-0.140399
-0.274485
0.296223
-0.169395
-0.939977
0.104011
-0.976555
0.188472
-0.943968
-0.156608
-0.290514
0.313219
-0.147695
-0.938126
0.127658
-0.975375
0.179851
-0.932012
-0.179987
-0.314575
0.3392
-0.127466
-0.932039
0.149927
-0.972265
0.179508
-0.918226
-0.204244
-0.33933
0.366582
-0.113954
-0.923381
0.173871
-0.967746
0.182311
-0.903973
-0.230286
-0.360281
0.390644
-0.102162
-0.914855
0.195304
-0.963094
0.185221
-0.892166
-0.2529
-0.374274
0.407304
-0.0921506
-0.908632
0.211852
-0.959466
0.185857
-0.886025
-0.268811
-0.377757
0.412406
-0.0846453
-0.907059
0.228112
-0.955736
0.185833
-0.881434
-0.283787
-0.377544
0.413569
-0.0776769
-0.907153
0.246712
-0.950782
0.187474
-0.874312
-0.301819
-0.38011
0.417984
-0.0701329
-0.905743
0.265947
-0.944756
0.191597
-0.864992
-0.321607
-0.385173
0.425513
-0.0632938
-0.902736
0.281945
-0.93842
0.199689
-0.855541
-0.340109
-0.390353
0.43423
-0.0607843
-0.898749
0.295174
-0.931819
0.211155
-0.846241
-0.357573
-0.394991
0.443563
-0.0620967
-0.894089
0.307145
-0.925109
0.223238
-0.836813
-0.374256
-0.399595
0.453217
-0.0640747
-0.889094
0.315657
-0.920566
0.23004
-0.832235
-0.38505
-0.398901
0.455791
-0.0655315
-0.887671
0.321322
-0.916197
0.239446
-0.829894
-0.394231
-0.394788
0.456101
-0.0718613
-0.887022
0.327576
-0.912599
0.244658
-0.829991
-0.401675
-0.387003
0.451452
-0.0762915
-0.889028
0.334728
-0.908324
0.250809
-0.829373
-0.410331
-0.379169
0.447323
-0.0810958
-0.890688
0.342766
-0.902961
0.259177
-0.826961
-0.420915
-0.372781
0.445698
-0.0865526
-0.890989
0.350139
-0.89816
0.265915
-0.822933
-0.430558
-0.370677
0.447419
-0.0890421
-0.889881
0.352712
-0.894456
0.274851
-0.817989
-0.43737
-0.373632
0.454409
-0.0930409
-0.885921
0.353527
-0.89344
0.277098
-0.81658
-0.439262
-0.374495
0.456307
-0.0938787
-0.884856
0.356902
-0.892754
0.274974
-0.817865
-0.440859
-0.369784
0.451351
-0.0929147
-0.887496
0.356486
-0.895481
0.266516
-0.823878
-0.43582
-0.362333
0.440616
-0.0904104
-0.893131
0.358349
-0.897517
0.257001
-0.829141
-0.432483
-0.354236
0.429081
-0.0861503
-0.899148
0.361169
-0.896369
0.257061
-0.832675
-0.434104
-0.343811
0.419772
-0.0898744
-0.903169
0.362661
-0.894358
0.261917
-0.836929
-0.436189
-0.330588
0.40991
-0.0993148
-0.906703
0.36494
-0.891391
0.268778
-0.839635
-0.43984
-0.318676
0.402284
-0.109378
-0.908958
0.367661
-0.887839
0.276706
-0.841063
-0.444409
-0.308406
0.396786
-0.119338
-0.910121
0.370556
-0.883715
0.285895
-0.841742
-0.449632
-0.298833
0.392631
-0.129915
-0.910474
0.375101
-0.878033
0.297249
-0.840828
-0.457273
-0.289672
0.390266
-0.141279
-0.909798
0.379587
-0.871542
0.310368
-0.839034
-0.465645
-0.281417
0.389788
-0.153587
-0.908007
0.383975
-0.86458
0.324136
-0.836109
-0.474518
-0.275236
0.391772
-0.165329
-0.905086
0.387966
-0.857121
0.33886
-0.832221
-0.48378
-0.270861
0.396095
-0.176922
-0.901004
0.391637
-0.850368
0.35142
-0.828426
-0.492084
-0.267516
0.400415
-0.186356
-0.897184
0.394401
-0.844844
0.361506
-0.825226
-0.498698
-0.265145
0.404288
-0.193751
-0.893875
0.394338
-0.844668
0.361986
-0.826834
-0.498025
-0.261374
0.401053
-0.196233
-0.89479
0.393245
-0.848927
0.353103
-0.831187
-0.492415
-0.258178
0.393048
-0.191967
-0.899256
0.392085
-0.852759
0.345067
-0.834862
-0.487386
-0.255851
0.386361
-0.187768
-0.903033
0.379484
-0.854817
0.353949
-0.842145
-0.477562
-0.250452
0.383124
-0.203034
-0.901107
0.360847
-0.854795
0.372982
-0.852674
-0.46439
-0.239351
0.377805
-0.231663
-0.896435
0.343521
-0.853201
0.392482
-0.863006
-0.451619
-0.226408
0.370423
-0.260938
-0.891458
0.325966
-0.850815
0.412141
-0.872986
-0.438208
-0.214172
0.362824
-0.28998
-0.88559
0.307194
-0.847136
0.433581
-0.881836
-0.424682
-0.204963
0.357766
-0.319384
-0.877495
0.289329
-0.843711
0.45215
-0.890872
-0.410145
-0.195264
0.350194
-0.346313
-0.870306
0.273018
-0.842023
0.465251
-0.901376
-0.392884
-0.182107
0.336128
-0.369648
-0.866244
0.260773
-0.841959
0.472337
-0.912121
-0.375168
-0.165178
0.316279
-0.387755
-0.865802
0.248485
-0.841325
0.480028
-0.921999
-0.357354
-0.149049
0.296939
-0.405549
-0.864498
0.235788
-0.839236
0.489986
-0.930458
-0.340465
-0.135391
0.280448
-0.423988
-0.861152
0.218887
-0.833829
0.506772
-0.938047
-0.322801
-0.125963
0.268618
-0.447805
-0.852828
0.204494
-0.824259
0.527995
-0.944177
-0.308419
-0.115794
0.258288
-0.474841
-0.841316
0.19131
-0.816688
0.544446
-0.950131
-0.293266
-0.106048
0.246276
-0.497007
-0.832065
0.180085
-0.812026
0.555142
-0.956366
-0.276545
-0.0942723
0.230073
-0.513942
-0.826396
0.168153
-0.808146
0.564468
-0.96176
-0.260088
-0.0858618
0.2162
-0.528445
-0.820977
0.156026
-0.803473
0.574532
-0.966517
-0.24415
-0.0789617
0.203716
-0.542975
-0.814664
0.149738
-0.80218
0.578001
-0.970117
-0.232083
-0.0707775
0.190921
-0.550131
-0.812961
0.152967
-0.808178
0.568726
-0.970679
-0.230858
-0.0669778
0.185425
-0.541806
-0.819795
0.153253
-0.816092
0.557231
-0.971346
-0.228069
-0.0668724
0.181661
-0.531016
-0.82766
0.152471
-0.831317
0.534476
-0.972352
-0.222966
-0.0694145
0.176876
-0.509115
-0.842328
0.150507
-0.848623
0.507135
-0.973873
-0.215509
-0.0716018
0.170055
-0.483109
-0.858887
0.148167
-0.864799
0.479759
-0.97541
-0.207824
-0.0733765
0.163162
-0.45709
-0.874327
0.145121
-0.880286
0.451705
-0.977121
-0.199254
-0.074385
0.155484
-0.430575
-0.889061
0.140546
-0.896278
0.420634
-0.978865
-0.18954
-0.0767998
0.148561
-0.40095
-0.903974
0.135796
-0.912519
0.385835
-0.979998
-0.180905
-0.0829351
0.145479
-0.366855
-0.918833
0.132964
-0.928373
0.34705
-0.980239
-0.174924
-0.0923742
0.146465
-0.32791
-0.933286
0.131468
-0.937862
0.321139
-0.979256
-0.173251
-0.105078
0.154186
-0.300663
-0.941185
0.13363
-0.943129
0.304385
-0.977677
-0.175709
-0.115212
0.162143
-0.282195
-0.945556
0.136018
-0.949009
0.284395
-0.976946
-0.176162
-0.120595
0.164545
-0.261436
-0.951092
0.138975
-0.952359
0.271473
-0.975363
-0.179062
-0.128853
0.171325
-0.246877
-0.953782
0.139218
-0.95523
0.261064
-0.973792
-0.179942
-0.139107
0.179856
-0.234855
-0.955246
0.13883
-0.957704
0.25205
-0.972379
-0.180048
-0.148533
0.187632
-0.224467
-0.956247
0.138171
-0.959375
0.245986
-0.971094
-0.180042
-0.156719
0.19464
-0.217222
-0.95652
0.138797
-0.96094
0.239435
-0.969845
-0.180806
-0.163434
0.200342
-0.209531
-0.957058
0.139943
-0.96147
0.236626
-0.967926
-0.183195
-0.171927
0.208651
-0.204976
-0.956268
0.141317
-0.962558
0.231328
-0.966051
-0.185135
-0.180193
0.216273
-0.19801
-0.956043
0.140291
-0.964682
0.222953
-0.965484
-0.183197
-0.185145
0.21945
-0.189284
-0.957086
0.137938
-0.966747
0.215343
-0.966338
-0.179036
-0.184763
0.217174
-0.182608
-0.9589
0.136011
-0.969053
0.206003
-0.968229
-0.174063
-0.17954
0.209841
-0.175039
-0.96194
0.135633
-0.969078
0.206134
-0.969435
-0.172743
-0.17423
0.204451
-0.176202
-0.962888
0.135572
-0.969053
0.20629
-0.970323
-0.171945
-0.170026
0.200235
-0.177117
-0.963606
0.134319
-0.9689
0.207826
-0.970667
-0.170849
-0.169165
0.199411
-0.179008
-0.963427
0.132823
-0.969174
0.207509
-0.971207
-0.169045
-0.167874
0.197777
-0.179237
-0.963721
0.131938
-0.972253
0.193173
-0.973246
-0.164038
-0.160882
0.188106
-0.166778
-0.967885
0.127755
-0.975001
0.181799
-0.974931
-0.157122
-0.157548
0.182174
-0.157114
-0.970633
0.124695
-0.978056
0.166904
-0.975551
-0.151538
-0.159171
0.180971
-0.142976
-0.97304
0.120085
-0.980947
0.152718
-0.975962
-0.144829
-0.162859
0.181874
-0.12949
-0.974758
0.114542
-0.983523
0.139869
-0.976784
-0.137159
-0.164561
0.181034
-0.117773
-0.9764
0.109751
-0.985907
0.126259
-0.977889
-0.129851
-0.163924
0.178009
-0.105476
-0.97836
0.103096
-0.988017
0.114861
-0.97902
-0.1212
-0.163797
0.175756
-0.0955648
-0.979784
0.0928301
-0.989169
0.113695
-0.980205
-0.110844
-0.164046
0.174872
-0.0962159
-0.979879
0.0893371
-0.988063
0.125499
-0.97954
-0.109974
-0.168542
0.180332
-0.107875
-0.977672
0.0863184
-0.9865
0.139165
-0.979027
-0.109868
-0.171569
0.184543
-0.121436
-0.975293
0.0847137
-0.985734
0.145435
-0.979373
-0.109246
-0.169983
0.183446
-0.128035
-0.974656
0.0847354
-0.986279
0.141681
-0.98101
-0.107476
-0.161456
0.174468
-0.12531
-0.976657
0.0851442
-0.987858
0.129952
-0.983385
-0.104303
-0.148573
0.160323
-0.115143
-0.980326
0.0790449
-0.99057
0.111908
-0.986061
-0.0941808
-0.137162
0.146408
-0.0995064
-0.984207
0.0740016
-0.99249
0.0974055
-0.987647
-0.0864654
-0.130676
0.138117
-0.0865321
-0.986629
0.0702592
-0.993843
0.0856697
-0.988938
-0.0806439
-0.124495
0.130638
-0.075975
-0.988515
0.0667086
-0.994201
0.0843475
-0.989336
-0.0768778
-0.123712
0.129479
-0.0751954
-0.988727
0.0637045
-0.994049
0.0883635
-0.988752
-0.0748742
-0.129472
0.135317
-0.0791217
-0.987638
0.0605223
-0.994087
0.0901611
-0.989005
-0.0719317
-0.129207
0.134928
-0.0813499
-0.98751
0.0555246
-0.993542
0.0989509
-0.988142
-0.0688892
-0.13722
0.14315
-0.0901585
-0.985586
0.0487369
-0.993617
0.10174
-0.986213
-0.0639992
-0.152602
0.158139
-0.0928997
-0.983037
0.0401419
-0.993735
0.104307
-0.98424
-0.057318
-0.167291
0.172221
-0.0959478
-0.980374
0.0337702
-0.993669
0.10715
-0.982011
-0.0529191
-0.181254
0.185777
-0.0991015
-0.977582
0.0308078
-0.993049
0.1136
-0.978422
-0.0531932
-0.199651
0.204306
-0.104998
-0.97326
0.028722
-0.991738
0.125023
-0.973793
-0.0559912
-0.220435
0.225614
-0.115415
-0.967356
0.0254454
-0.990687
0.133759
-0.969348
-0.0571597
-0.238952
0.244372
-0.123578
-0.961775
0.0218997
-0.989651
0.141814
-0.966399
-0.0572924
-0.25058
0.256112
-0.131561
-0.957653
0.0205592
-0.988432
0.150264
-0.964165
-0.0593637
-0.258576
0.264505
-0.139563
-0.954232
0.0211503
-0.986636
0.161559
-0.96164
-0.064282
-0.266676
0.273498
-0.149722
-0.950149
0.0216295
-0.985477
0.168426
-0.960967
-0.0669697
-0.268437
0.275818
-0.156046
-0.948459
0.0227
-0.984977
0.171189
-0.961248
-0.0685615
-0.267022
0.274747
-0.158493
-0.948364
0.02417
-0.983675
0.178322
-0.960884
-0.0720854
-0.267404
0.275893
-0.164884
-0.94694
0.0254293
-0.98184
0.187999
-0.957627
-0.0778942
-0.277276
0.286885
-0.172982
-0.942218
0.0272087
-0.979624
0.198991
-0.954098
-0.0848438
-0.287225
0.298256
-0.182042
-0.936966
0.0277183
-0.977459
0.209299
-0.951587
-0.0899233
-0.293933
0.306129
-0.191019
-0.932629
0.0287659
-0.974948
0.220564
-0.950448
-0.0950098
-0.29601
0.30955
-0.20112
-0.929371
0.0310519
-0.973338
0.227265
-0.949923
-0.0994715
-0.296228
0.310937
-0.206686
-0.927685
0.034846
-0.97201
0.232342
-0.948742
-0.105246
-0.298012
0.314124
-0.210048
-0.925854
0.0398122
-0.97093
0.236031
-0.946877
-0.112102
-0.301425
0.319122
-0.211492
-0.923814
0.0431452
-0.970845
0.235795
-0.946516
-0.115259
-0.301368
0.319759
-0.210181
-0.923893
0.0473832
-0.972369
0.228589
-0.947474
-0.116219
-0.297972
0.316305
-0.202463
-0.926801
0.0539868
-0.972559
0.226306
-0.947716
-0.12129
-0.295165
0.314514
-0.198539
-0.928258
0.0636905
-0.972964
0.222002
-0.947804
-0.128615
-0.291762
0.312427
-0.191832
-0.930371
0.0783743
-0.973161
0.216369
-0.948335
-0.139708
-0.284854
0.307438
-0.182865
-0.933832
0.0957478
-0.973652
0.206966
-0.94796
-0.152618
-0.279427
0.303651
-0.169441
-0.937596
0.113311
-0.973679
0.197763
-0.946993
-0.166062
-0.275006
0.300608
-0.156119
-0.940883
0.12874
-0.973085
0.191131
-0.94571
-0.178471
-0.271626
0.298426
-0.145785
-0.943233
0.14191
-0.973321
0.1803
-0.945314
-0.187291
-0.267027
0.293672
-0.132546
-0.946672
0.152023
-0.972653
0.175602
-0.94547
-0.194889
-0.260969
0.288055
-0.126353
-0.949241
0.16058
-0.971217
0.17593
-0.94407
-0.203142
-0.25974
0.288003
-0.124381
-0.949518
0.166188
-0.970229
0.176176
-0.941924
-0.209062
-0.262817
0.291825
-0.122267
-0.948625
0.170825
-0.969257
0.177084
-0.939528
-0.21438
-0.267072
0.296825
-0.120753
-0.947266
0.17505
-0.968474
0.177242
-0.936362
-0.219397
-0.274029
0.304276
-0.117994
-0.945248
0.17944
-0.968181
0.174435
-0.933027
-0.223699
-0.281815
0.311869
-0.112183
-0.943479
0.181146
-0.968739
0.169503
-0.9299
-0.224819
-0.291104
0.320111
-0.104888
-0.941556
0.182504
-0.969756
0.162068
-0.92671
-0.224735
-0.301168
0.328481
-0.0952259
-0.939698
0.183804
-0.97034
0.15702
-0.925094
-0.224763
-0.306076
0.33229
-0.0890006
-0.938969
0.183314
-0.971214
0.152115
-0.927992
-0.222022
-0.299227
0.324386
-0.0863091
-0.941979
0.184004
-0.971825
0.147302
-0.93186
-0.22015
-0.288394
0.312697
-0.0841991
-0.946114
0.189766
-0.970877
0.146239
-0.929958
-0.225508
-0.290386
0.314907
-0.0808908
-0.945669
0.193258
-0.971018
0.140627
-0.928108
-0.22741
-0.294787
0.318224
-0.073547
-0.945158
0.193104
-0.973315
0.123968
-0.931082
-0.221632
-0.289767
0.30951
-0.059469
-0.949035
0.193711
-0.974609
0.112312
-0.933495
-0.218321
-0.284471
0.301768
-0.0497379
-0.952083
0.195217
-0.975335
0.103015
-0.934217
-0.216897
-0.283185
0.298544
-0.0409556
-0.953517
0.195629
-0.976189
0.0937252
-0.9347
-0.214525
-0.283398
0.296757
-0.0321639
-0.954411
0.195434
-0.977422
0.0803265
-0.935104
-0.210406
-0.28515
0.295613
-0.0193858
-0.955111
0.193554
-0.978868
0.0659841
-0.9369
-0.204375
-0.283636
0.291127
-0.00692162
-0.956659
0.189889
-0.980383
0.0528356
-0.939418
-0.19707
-0.28046
0.28537
0.00362163
-0.958411
0.187979
-0.981294
0.0415397
-0.940779
-0.192044
-0.279383
0.282134
0.0134384
-0.959281
0.187534
-0.981731
0.0321642
-0.941204
-0.188967
-0.280048
0.28101
0.0222454
-0.959447
0.18751
-0.981981
0.0235222
-0.941154
-0.186466
-0.281886
0.281193
0.0307184
-0.959159
0.188195
-0.982043
0.0131675
-0.940648
-0.184085
-0.285123
0.282427
0.0412727
-0.958401
0.187727
-0.98222
-0.00126279
-0.94076
-0.179433
-0.287705
0.282363
0.0551979
-0.957718
0.187479
-0.982153
-0.0150698
-0.940993
-0.175179
-0.289559
0.281751
0.0684668
-0.957042
0.186408
-0.982189
-0.0235801
-0.941577
-0.171745
-0.289719
0.280509
0.0762083
-0.956821
0.184411
-0.982396
-0.0298526
-0.94329
-0.168377
-0.286099
0.276036
0.0809196
-0.957735
0.181958
-0.982719
-0.0339783
-0.945424
-0.165344
-0.280774
0.270303
0.0832129
-0.959172
0.180068
-0.982986
-0.0362401
-0.946679
-0.163176
-0.277801
0.267161
0.0843309
-0.959955
0.177725
-0.983294
-0.0393316
-0.947983
-0.160343
-0.274987
0.264086
0.0861576
-0.960643
0.175125
-0.983611
-0.0429028
-0.949819
-0.157316
-0.270362
0.259182
0.0880971
-0.961802
0.172779
-0.983886
-0.0460043
-0.951373
-0.154612
-0.26643
0.255024
0.0898008
-0.962756
0.172346
-0.983974
-0.045737
-0.951949
-0.154444
-0.264461
0.253159
0.089118
-0.963311
0.171795
-0.98411
-0.0448708
-0.954209
-0.154907
-0.255907
0.24489
0.0867797
-0.965659
0.173536
-0.98405
-0.0391349
-0.95806
-0.159484
-0.238088
0.228049
0.0788105
-0.970455
0.176591
-0.98386
-0.0288965
-0.96234
-0.166415
-0.214961
0.206682
0.0657683
-0.976195
0.182092
-0.983194
-0.0131226
-0.965742
-0.176319
-0.190407
0.184894
0.0473448
-0.981617
0.188902
-0.981995
0.00100239
-0.968646
-0.186502
-0.164138
0.16137
0.030035
-0.986437
0.195684
-0.980612
0.0103735
-0.971103
-0.195239
-0.137263
0.136627
0.0167864
-0.99048
0.201984
-0.979249
0.0165373
-0.973036
-0.202565
-0.110309
0.11137
0.00618929
-0.99376
0.207571
-0.978018
0.0198978
-0.97411
-0.208519
-0.0873487
0.0895776
-0.00125163
-0.995979
0.213557
-0.976681
0.0220847
-0.974795
-0.21453
-0.0612465
0.0645561
-0.0084484
-0.997878
0.219093
-0.975475
0.0211433
-0.975052
-0.219687
-0.0317965
0.0356616
-0.0136494
-0.999271
0.222216
-0.974838
0.0176383
-0.974978
-0.22229
-0.00234241
0.00620428
-0.0166764
-0.999842
0.225164
-0.974233
0.0130999
-0.974057
-0.22477
0.0263084
-0.0226861
-0.0186838
-0.999568
0.227512
-0.973753
0.00666231
-0.972313
-0.22679
0.0563423
-0.0533525
-0.0192964
-0.998389
0.229875
-0.973217
0.00245059
-0.9697
-0.228829
0.0855491
-0.0826971
-0.022042
-0.996331
0.232961
-0.972485
-0.0016522
-0.966085
-0.231622
0.114155
-0.111397
-0.0249976
-0.993462
0.23501
-0.97198
-0.0049704
-0.962192
-0.233362
0.140459
-0.137683
-0.0282267
-0.990074
0.23692
-0.971483
-0.00946913
-0.958148
-0.235258
0.163117
-0.160693
-0.0295728
-0.986561
0.238072
-0.971149
-0.013865
-0.954175
-0.236528
0.183317
-0.181307
-0.0304129
-0.982956
0.239009
-0.970781
-0.0214191
-0.949832
-0.23832
0.202543
-0.20173
-0.028065
-0.979039
0.239737
-0.970404
-0.0290123
-0.94561
-0.240171
0.219407
-0.219882
-0.0251658
-0.975202
0.239721
-0.970237
-0.0342754
-0.942393
-0.241035
0.231945
-0.233303
-0.0233011
-0.972125
0.239739
-0.970204
-0.0350728
-0.941508
-0.241157
0.235384
-0.236829
-0.0234095
-0.971269
0.237479
-0.970732
-0.0358295
-0.940711
-0.239019
0.240691
-0.24221
-0.0234539
-0.96994
0.232915
-0.971788
-0.0371195
-0.940301
-0.23478
0.246399
-0.248163
-0.0224865
-0.968457
0.229128
-0.972653
-0.0380267
-0.940689
-0.231302
0.248201
-0.25021
-0.0210987
-0.967962
0.225838
-0.973521
-0.0354184
-0.942734
-0.227568
0.243856
-0.245459
-0.0216818
-0.969164
0.22756
-0.973122
-0.0353409
-0.943863
-0.229352
0.23774
-0.239456
-0.0207432
-0.970686
0.232194
-0.972102
-0.0332158
-0.945208
-0.233564
0.228101
-0.229495
-0.0215677
-0.973071
0.237488
-0.971097
-0.0238932
-0.947326
-0.236976
0.215442
-0.214877
-0.0285303
-0.976224
0.24332
-0.969895
-0.00992197
-0.95134
-0.240634
0.192477
-0.18907
-0.0373942
-0.981251
0.246797
-0.969065
0.00210126
-0.955107
-0.242874
0.169657
-0.163898
-0.0438777
-0.985501
0.246025
-0.969245
0.00602326
-0.957161
-0.241969
0.159043
-0.152694
-0.0448937
-0.987253
0.245336
-0.969431
0.00381244
-0.957676
-0.241747
0.156254
-0.150556
-0.0419858
-0.98771
0.245244
-0.969459
0.00210349
-0.958239
-0.242075
0.152245
-0.147086
-0.0393528
-0.988341
0.243977
-0.969778
0.0023271
-0.959475
-0.241035
0.145977
-0.141004
-0.0378479
-0.989285
0.240866
-0.970553
0.00322876
-0.9605
-0.23789
0.144386
-0.139366
-0.0378787
-0.989516
0.237065
-0.971491
0.00223698
-0.961695
-0.234347
0.142215
-0.137636
-0.0358654
-0.989833
0.237393
-0.971414
-0.000201652
-0.962975
-0.235359
0.131474
-0.127763
-0.0310168
-0.99132
0.237007
-0.971506
-0.00184989
-0.964654
-0.23556
0.118131
-0.115201
-0.0262133
-0.992996
0.234748
-0.972045
-0.00457753
-0.966285
-0.233864
0.107705
-0.105764
-0.0208603
-0.994172
0.230552
-0.97305
-0.00441686
-0.968453
-0.229899
0.0961552
-0.0945792
-0.0178912
-0.995357
0.229354
-0.973341
0.00207707
-0.970732
-0.228582
0.0736814
-0.0712423
-0.0189154
-0.99728
0.2308
-0.97293
0.0118017
-0.972217
-0.230111
0.042926
-0.0390482
-0.0213812
-0.999009
0.231458
-0.972626
0.0206405
-0.972805
-0.231205
0.0139374
-0.00878375
-0.0233051
-0.99969
0.229906
-0.972953
0.0224941
-0.973154
-0.230085
-0.00569383
0.0107154
-0.0205812
-0.999731
0.226785
-0.973735
0.0202354
-0.973597
-0.227211
-0.0220228
0.0260421
-0.0147067
-0.999553
0.223112
-0.974675
0.0151517
-0.974172
-0.223498
-0.0322097
0.0347803
-0.00757402
-0.999366
0.219259
-0.975619
0.00970121
-0.974748
-0.219473
-0.0411965
0.0423212
-0.000423551
-0.999104
0.216727
-0.976229
0.00267926
-0.975008
-0.216591
-0.049476
0.0488802
0.00811046
-0.998772
0.213099
-0.977015
-0.00543162
-0.975681
-0.212509
-0.0537283
0.0513391
0.016749
-0.998541
0.20897
-0.977834
-0.0131114
-0.97659
-0.207968
-0.0549652
0.0510201
0.0242906
-0.998402
0.204455
-0.978739
-0.0163627
-0.977496
-0.203251
-0.0564857
0.051959
0.0275433
-0.998269
0.201179
-0.97946
-0.0135896
-0.977979
-0.20005
-0.0594787
0.0555384
0.0252563
-0.998137
0.195311
-0.980703
-0.00865898
-0.978896
-0.194395
-0.0630286
0.0601291
0.0207864
-0.997974
0.189272
-0.981922
0.00248739
-0.979781
-0.189025
-0.0655699
0.0648546
0.00997343
-0.997845
0.18582
-0.982475
0.0145933
-0.980287
-0.18638
-0.0655696
0.0671404
-0.00212146
-0.997741
0.181384
-0.983124
0.0237962
-0.981394
-0.182508
-0.0596409
0.0629774
-0.0125356
-0.997936
0.179808
-0.983169
0.0323629
-0.981977
-0.181343
-0.0532519
0.0582244
-0.0222045
-0.998057
0.180507
-0.982624
0.0432206
-0.981926
-0.182573
-0.0498822
0.0569063
-0.0334353
-0.997819
0.181336
-0.981863
0.0553454
-0.981745
-0.184024
-0.0480816
0.0573944
-0.0456162
-0.997309
0.182376
-0.980892
0.0677513
-0.981539
-0.185668
-0.0459153
0.0576172
-0.0581267
-0.996645
0.183313
-0.979763
0.0803751
-0.981295
-0.187262
-0.0446521
0.0587997
-0.0706864
-0.995764
0.184874
-0.978508
0.0913469
-0.98089
-0.189457
-0.0442736
0.0606284
-0.0814163
-0.994834
0.186666
-0.977198
0.101193
-0.980287
-0.192059
-0.0463801
0.0647576
-0.0905405
-0.993785
0.188466
-0.975779
0.11107
-0.979486
-0.194976
-0.0509007
0.0713238
-0.0991987
-0.992508
0.191439
-0.973901
0.121937
-0.978185
-0.199522
-0.0578323
0.0806521
-0.108205
-0.990852
0.193465
-0.973113
0.124994
-0.977167
-0.202524
-0.0642544
0.087841
-0.109709
-0.990075
0.194062
-0.97347
0.12123
-0.976263
-0.203763
-0.0734272
0.0961812
-0.104103
-0.989905
0.1972
-0.973284
0.117605
-0.973254
-0.208776
-0.095855
0.117847
-0.0955571
-0.988423
0.204111
-0.971106
0.123663
-0.966821
-0.21979
-0.130191
0.153609
-0.0929864
-0.983747
0.210398
-0.968294
0.134682
-0.959694
-0.230829
-0.160326
0.186331
-0.0955215
-0.977832
0.216033
-0.965138
0.14778
-0.953033
-0.241342
-0.182982
0.212268
-0.10131
-0.971946
0.22154
-0.961649
0.161713
-0.945064
-0.252607
-0.20747
0.240363
-0.106866
-0.964782
0.226121
-0.958588
0.173142
-0.93788
-0.262265
-0.227153
0.263155
-0.111023
-0.958344
0.228691
-0.956706
0.180036
-0.933109
-0.26814
-0.2396
0.277502
-0.113199
-0.954033
0.22956
-0.956303
0.181073
-0.931317
-0.269872
-0.244578
0.282757
-0.112491
-0.952573
0.231392
-0.955836
0.181204
-0.929786
-0.272086
-0.247924
0.286278
-0.111114
-0.951682
0.235219
-0.953792
0.186958
-0.925465
-0.278559
-0.256746
0.296962
-0.112632
-0.948223
0.239594
-0.951723
0.191879
-0.920712
-0.285438
-0.266111
0.308033
-0.112907
-0.944652
0.244883
-0.950439
0.191569
-0.917028
-0.291202
-0.27251
0.314789
-0.108941
-0.942889
0.251331
-0.949082
0.189937
-0.915052
-0.296945
-0.272955
0.315457
-0.1052
-0.94309
0.264592
-0.947237
0.180925
-0.912971
-0.306471
-0.26937
0.310605
-0.0939057
-0.945889
0.279264
-0.944937
0.170605
-0.910314
-0.317071
-0.266074
0.305517
-0.080999
-0.948735
0.293326
-0.941899
0.163663
-0.90739
-0.328199
-0.262545
0.301005
-0.0714953
-0.950939
0.307592
-0.938725
0.155509
-0.904819
-0.339135
-0.257467
0.29443
-0.0615129
-0.953691
0.324524
-0.934053
0.149092
-0.902308
-0.352993
-0.247458
0.283767
-0.0542211
-0.957359
0.340751
-0.928683
0.146412
-0.899292
-0.367378
-0.237291
0.274156
-0.05081
-0.960342
0.356887
-0.922454
0.147343
-0.895802
-0.382681
-0.22604
0.264897
-0.0513191
-0.96291
0.373544
-0.916487
0.143239
-0.893377
-0.397007
-0.210387
0.249684
-0.0493777
-0.967068
0.391051
-0.910198
0.136454
-0.891009
-0.411541
-0.19167
0.230614
-0.0466285
-0.971927
0.407453
-0.903711
0.131486
-0.888023
-0.425672
-0.173834
0.213066
-0.045933
-0.975958
0.423823
-0.896801
0.126973
-0.884133
-0.440066
-0.157009
0.196682
-0.0457173
-0.979401
0.438824
-0.891077
0.115825
-0.88193
-0.451796
-0.134458
0.172141
-0.0431459
-0.984127
