0.160679
0.986999
-0.00377882
0.985721
-0.160664
-0.0504107
-0.0503625
0.00437508
-0.998721
0.161055
0.986939
0.00356466
0.985713
-0.160673
-0.0505288
-0.0492961
0.0116517
-0.998716
0.161139
0.986869
0.0111453
0.985731
-0.160376
-0.0511354
-0.0486765
0.0192261
-0.99863
0.161246
0.986732
0.0189436
0.985737
-0.160087
-0.051916
-0.0481946
0.0270447
-0.998472
0.161325
0.986533
0.0269662
0.985746
-0.159755
-0.0527496
-0.0477312
0.0350917
-0.998244
0.161446
0.986272
0.0346907
0.985758
-0.159486
-0.0533523
-0.0470872
0.0428102
-0.997973
0.161484
0.985947
0.0428006
0.985772
-0.159101
-0.0542244
-0.0466527
0.050948
-0.997611
0.16154
0.985544
0.0510605
0.985776
-0.158714
-0.0552765
-0.0463734
0.0592636
-0.997165
0.161538
0.985111
0.0588421
0.985805
-0.158312
-0.0559105
-0.0457626
0.0670385
-0.9967
0.161649
0.984587
0.0667667
0.985811
-0.158007
-0.0566623
-0.0452394
0.0749787
-0.996158
0.161805
0.983978
0.0748689
0.985808
-0.157733
-0.057471
-0.0447409
0.0831055
-0.995536
0.161862
0.983343
0.0826874
0.985829
-0.15739
-0.0580397
-0.0440587
0.0909101
-0.994884
0.161932
0.982613
0.0908271
0.98584
-0.157024
-0.0588507
-0.0435654
0.0990708
-0.994126
0.162001
0.981805
0.0990681
0.985853
-0.156653
-0.059614
-0.0430099
0.107324
-0.993293
0.162121
0.980935
0.10716
0.985855
-0.156336
-0.0604004
-0.0424958
0.115437
-0.992405
0.162295
0.97998
0.115326
0.985857
-0.156088
-0.06102
-0.0417975
0.123598
-0.991452
0.162335
0.978966
0.123584
0.985873
-0.155679
-0.0617929
-0.0412537
0.131869
-0.990408
0.162482
0.97785
0.13194
0.985871
-0.155368
-0.0626036
-0.0407177
0.140248
-0.989279
0.162559
0.976714
0.140012
0.985887
-0.155028
-0.0631881
-0.040011
0.148308
-0.988131
0.162744
0.975474
0.148208
0.985888
-0.154798
-0.0637334
-0.039228
0.156488
-0.9869
0.162859
0.974155
0.156523
0.985893
-0.154464
-0.0644651
-0.0386218
0.164814
-0.985568
0.162934
0.972787
0.164735
0.98591
-0.154123
-0.0650151
-0.0378564
0.173007
-0.984193
0.16296
0.971329
0.173102
0.985933
-0.153714
-0.0656306
-0.0371406
0.181362
-0.982715
0.163068
0.969798
0.181385
0.985939
-0.153376
-0.0663324
-0.036509
0.189651
-0.981173
0.162889
0.968203
0.189871
0.986001
-0.152792
-0.0667556
-0.0356221
0.198087
-0.979537
0.162544
0.96673
0.197514
0.986114
-0.152253
-0.0663236
-0.034045
0.205552
-0.978054
0.164672
0.966584
0.196463
0.985687
-0.15397
-0.068661
-0.0361171
0.204958
-0.978104
0.167818
0.967974
0.186716
0.984952
-0.156696
-0.0729146
-0.0413217
0.196143
-0.979704
0.170344
0.970067
0.173067
0.984262
-0.159126
-0.0768552
-0.0470153
0.183435
-0.981907
0.16951
0.973254
0.155059
0.984264
-0.159218
-0.0766369
-0.0498988
0.16561
-0.984928
0.16822
0.976349
0.135814
0.984419
-0.159235
-0.0745823
-0.0511918
0.146244
-0.987923
0.170947
0.977895
0.120407
0.984038
-0.163318
-0.0706826
-0.0494556
0.130568
-0.990205
0.176482
0.978299
0.108564
0.98316
-0.169886
-0.0673424
-0.0474375
0.11862
-0.991806
0.178754
0.978868
0.0993162
0.982786
-0.172852
-0.0652182
-0.046673
0.109265
-0.992916
0.179804
0.97965
0.0892006
0.982685
-0.174756
-0.0615647
-0.0447235
0.0987257
-0.994109
0.181324
0.980206
0.0794845
0.982537
-0.177137
-0.0569503
-0.0417433
0.088423
-0.995208
0.181506
0.980899
0.0699507
0.98262
-0.178091
-0.0523588
-0.0389011
0.0782384
-0.996175
0.179529
0.981837
0.061359
0.983064
-0.17672
-0.0485363
-0.0368114
0.0690335
-0.996935
0.175903
0.983119
0.050343
0.983765
-0.173711
-0.0450606
-0.0355548
0.057452
-0.997715
0.170849
0.984402
0.0419861
0.984688
-0.16909
-0.0424107
-0.0346498
0.048589
-0.998218
0.16601
0.985403
0.0376947
0.985575
-0.164522
-0.039669
-0.0328884
0.0437365
-0.998502
0.162873
0.986001
0.0356964
0.986129
-0.161508
-0.0382794
-0.0319782
0.0414359
-0.998629
0.160957
0.98634
0.035023
0.986491
-0.159684
-0.0365494
-0.0304575
0.0404328
-0.998718
0.159381
0.986327
0.0419059
0.98679
-0.157919
-0.0361648
-0.0290526
0.0471163
-0.998467
0.15969
0.986016
0.0476685
0.986753
-0.158039
-0.0366258
-0.0285802
0.0528859
-0.998191
0.16245
0.985396
0.0510385
0.986303
-0.160667
-0.037309
-0.0285639
0.0564003
-0.998
0.165706
0.98457
0.0562476
0.985818
-0.163842
-0.0363182
-0.0265421
0.061468
-0.997756
0.167968
0.98365
0.0649558
0.985557
-0.166124
-0.0328594
-0.0215314
0.069537
-0.997347
0.171072
0.982829
0.069152
0.985046
-0.169154
-0.0327453
-0.0204857
0.0737197
-0.997069
0.172905
0.982161
0.0739167
0.984622
-0.170459
-0.0382648
-0.0249824
0.0793962
-0.99653
0.172673
0.982021
0.0762849
0.984553
-0.169802
-0.0426881
-0.0289673
0.0824777
-0.996172
0.171961
0.981794
0.0806843
0.984628
-0.168756
-0.045041
-0.030605
0.0871894
-0.995722
0.171557
0.981475
0.0852923
0.984634
-0.167954
-0.0478173
-0.0326064
0.0921851
-0.995208
0.172081
0.981056
0.0889793
0.984498
-0.168163
-0.0498593
-0.0339517
0.0961797
-0.994785
0.174869
0.980379
0.0909812
0.984006
-0.170831
-0.0504804
-0.0339475
0.0983536
-0.994572
0.178713
0.979619
0.091697
0.983245
-0.174414
-0.0529989
-0.0359255
0.0996322
-0.994376
0.183074
0.978856
0.0912374
0.982312
-0.178424
-0.0568157
-0.0393354
0.100025
-0.994207
0.187957
0.97782
0.0924139
0.981247
-0.182853
-0.0609768
-0.0427262
0.102142
-0.993852
0.192312
0.976813
0.094087
0.980257
-0.186725
-0.0650435
-0.0459669
0.104738
-0.993437
0.197586
0.975709
0.0946185
0.978981
-0.191423
-0.070378
-0.0505563
0.106535
-0.993023
0.201517
0.974909
0.0945699
0.977973
-0.194903
-0.0747098
-0.0544032
0.107542
-0.992711
0.205524
0.974068
0.0946078
0.976945
-0.198498
-0.0785894
-0.057772
0.108579
-0.992408
0.210704
0.972877
0.0954654
0.9756
-0.203113
-0.0833657
-0.0617144
0.110702
-0.991936
0.215164
0.971713
0.0973588
0.974342
-0.206858
-0.0887008
-0.0660523
0.113946
-0.991289
0.2161
0.971295
0.0994299
0.973913
-0.207214
-0.0924973
-0.0692389
0.116825
-0.990736
0.213683
0.971703
0.100658
0.974354
-0.204553
-0.0937634
-0.0705204
0.118112
-0.990493
0.211574
0.971901
0.103172
0.974788
-0.202181
-0.0944014
-0.0708893
0.120544
-0.990174
0.209842
0.972229
0.103619
0.975225
-0.200535
-0.0933944
-0.0700217
0.120649
-0.990223
0.207969
0.972376
0.105989
0.975777
-0.198725
-0.0914741
-0.0678845
0.122445
-0.990151
0.20682
0.972371
0.108261
0.976166
-0.197647
-0.0896432
-0.065769
0.12422
-0.990073
0.206146
0.972233
0.110751
0.976457
-0.197042
-0.0877831
-0.063523
0.12624
-0.989964
0.206496
0.971803
0.113833
0.976511
-0.197372
-0.0864327
-0.0615281
0.129007
-0.989733
0.206529
0.971602
0.115481
0.976747
-0.197791
-0.0827246
-0.0575343
0.129881
-0.989859
0.207062
0.971927
0.111725
0.976842
-0.199103
-0.0783487
-0.0539045
0.125361
-0.990646
0.210861
0.971698
0.106496
0.976159
-0.203576
-0.0753043
-0.051493
0.119836
-0.991457
0.214349
0.971488
0.101321
0.975581
-0.207848
-0.0709983
-0.0479146
0.114065
-0.992317
0.216715
0.971439
0.0966442
0.975248
-0.210983
-0.0661571
-0.0438774
0.108589
-0.993118
0.218648
0.971075
0.0959458
0.974977
-0.213359
-0.0624256
-0.0401491
0.107194
-0.993427
0.220796
0.970578
0.0960563
0.97463
-0.215862
-0.0591695
-0.0366938
0.106684
-0.993616
0.227571
0.968758
0.0985897
0.973209
-0.222864
-0.0565248
-0.0327868
0.108812
-0.993522
0.238296
0.965584
0.104226
0.970753
-0.233584
-0.0554685
-0.029214
0.114395
-0.993006
0.255826
0.960279
0.11143
0.966498
-0.251575
-0.0509105
-0.0208552
0.120721
-0.992467
0.280291
0.952756
0.117015
0.959864
-0.27693
-0.0443893
-0.0098873
0.12476
-0.992138
0.306925
0.943902
0.121841
0.951731
-0.304712
-0.0368665
0.00232802
0.127275
-0.991865
0.335281
0.93451
0.119485
0.942066
-0.333891
-0.0320788
0.00991684
0.123318
-0.992318
0.357673
0.927033
0.112602
0.933761
-0.356669
-0.0296391
0.0126851
0.115744
-0.993198
0.375497
0.921092
0.102914
0.926714
-0.374837
-0.0264194
0.0142413
0.105292
-0.994339
0.394832
0.913807
0.0952088
0.91861
-0.394476
-0.0233343
0.0162346
0.0966728
-0.995184
0.412353
0.906114
0.0944623
0.910812
-0.412271
-0.0213032
0.0196409
0.0948218
-0.9953
0.429631
0.897484
0.0997019
0.902769
-0.429416
-0.0247117
0.0206352
0.100625
-0.99471
0.448379
0.888056
0.101553
0.89368
-0.447564
-0.0319619
0.0170676
0.105087
-0.994317
0.469791
0.876911
0.101604
0.8826
-0.468882
-0.0341569
0.0176879
0.105723
-0.994238
0.489384
0.865918
0.103387
0.871614
-0.489505
-0.0259489
0.0281387
0.102812
-0.994303
0.507727
0.855297
0.103347
0.860772
-0.508616
-0.0195383
0.0358527
0.0988781
-0.994453
0.517808
0.849013
0.105128
0.854638
-0.518871
-0.019123
0.0383121
0.0997482
-0.994275
0.519874
0.847537
0.106828
0.8534
-0.520837
-0.0208886
0.0379363
0.102027
-0.994058
0.520455
0.846999
0.108255
0.853047
-0.521374
-0.0218941
0.0378968
0.103741
-0.993882
0.522138
0.846175
0.106584
0.852091
-0.522886
-0.0230421
0.0362335
0.10285
-0.994037
0.523057
0.84713
0.0937149
0.851696
-0.523648
-0.0201512
0.0320029
0.0903569
-0.995395
0.523651
0.848996
0.0706825
0.851421
-0.524408
-0.00886865
0.029537
0.0648246
-0.997459
0.525009
0.850048
0.0422327
0.850646
-0.525699
0.00645972
0.0276928
0.0325337
-0.999087
0.526698
0.849972
0.0116794
0.849632
-0.52682
0.0241964
0.0267192
-0.00282096
-0.999639
0.525158
0.850817
-0.0178703
0.850647
-0.524212
0.0400234
0.0246848
-0.0362199
-0.999039
0.518724
0.853767
-0.0448081
0.854676
-0.516544
0.0520608
0.0213024
-0.0653016
-0.997638
0.507614
0.858719
-0.0702188
0.861416
-0.504214
0.0610816
0.0170466
-0.0914935
-0.99566
0.491829
0.866197
-0.0883522
0.870641
-0.488164
0.0606664
0.00941873
-0.106761
-0.99424
0.471186
0.876219
-0.101112
0.882034
-0.468102
0.0538227
-0.000170213
-0.114545
-0.993418
0.447797
0.886568
-0.116081
0.894107
-0.445027
0.0502441
-0.00711417
-0.126288
-0.991968
0.42078
0.897409
-0.132672
0.90702
-0.418783
0.0439872
-0.0160864
-0.138845
-0.990183
0.389991
0.909369
-0.144756
0.92035
-0.389959
0.0297893
-0.0293593
-0.144844
-0.989019
0.359134
0.920722
-0.152621
0.932201
-0.361771
0.0110963
-0.0449973
-0.146259
-0.988222
0.332149
0.930101
-0.156807
0.941144
-0.337846
-0.010401
-0.0626507
-0.144123
-0.987574
0.309534
0.937636
-0.158203
0.947471
-0.318215
-0.0322077
-0.0805418
-0.139924
-0.986881
0.291046
0.944272
-0.15376
0.952038
-0.301723
-0.0508653
-0.0944236
-0.131582
-0.986798
0.273615
0.950894
-0.144693
0.955871
-0.285555
-0.0690546
-0.106981
-0.119414
-0.987064
0.256161
0.957052
-0.135772
0.958869
-0.269352
-0.0895528
-0.122277
-0.107247
-0.986685
0.238779
0.962977
-0.125142
0.961268
-0.252664
-0.110108
-0.13765
-0.094004
-0.98601
0.222599
0.968682
-0.110022
0.96302
-0.236052
-0.129894
-0.151797
-0.0770389
-0.985405
0.209796
0.973463
-0.091406
0.963552
-0.221717
-0.149699
-0.165993
-0.0566681
-0.984497
0.200492
0.977219
-0.069617
0.963214
-0.2096
-0.168187
-0.178947
-0.0333361
-0.983294
0.194752
0.979804
-0.0453347
0.962307
-0.199811
-0.184503
-0.189835
-0.00769341
-0.981786
0.193755
0.980731
-0.0250038
0.961054
-0.194863
-0.195969
-0.197066
0.01394
-0.980291
0.195259
0.980741
-0.00463624
0.959864
-0.192069
-0.204378
-0.201332
0.0354565
-0.978881
0.197398
0.980116
0.0201761
0.95908
-0.188818
-0.21098
-0.202975
0.0609974
-0.977282
0.200874
0.97863
0.043955
0.958141
-0.186929
-0.216848
-0.203998
0.0856742
-0.975215
0.205439
0.976365
0.0671313
0.957445
-0.186301
-0.220435
-0.202718
0.10956
-0.973089
0.211007
0.973234
0.091057
0.957086
-0.186774
-0.221589
-0.198651
0.133906
-0.97088
0.21681
0.969337
0.115669
0.957179
-0.1878
-0.220317
-0.191839
0.158483
-0.968546
0.224931
0.965
0.134833
0.957374
-0.193144
-0.214778
-0.181219
0.177396
-0.967311
0.236094
0.960812
0.14526
0.95757
-0.204613
-0.202959
-0.165283
0.187014
-0.968353
0.245773
0.95659
0.156626
0.958186
-0.215327
-0.188454
-0.146547
0.196393
-0.969512
0.253369
0.952345
0.169833
0.959104
-0.224402
-0.172518
-0.126186
0.206598
-0.970255
0.260804
0.948057
0.182125
0.959711
-0.234178
-0.15529
-0.104574
0.215288
-0.970935
0.267213
0.945478
0.186195
0.960267
-0.245114
-0.133443
-0.0805283
0.214455
-0.973409
0.274671
0.943685
0.184432
0.959927
-0.258021
-0.109385
-0.0556374
0.207086
-0.976739
0.282477
0.941759
0.182472
0.958667
-0.270378
-0.088616
-0.0341184
0.199962
-0.979209
0.290179
0.939831
0.180313
0.956866
-0.282139
-0.0693205
-0.0142762
0.192651
-0.981164
0.297825
0.937991
0.177409
0.954606
-0.293661
-0.0499083
0.00528472
0.18422
-0.982871
0.306784
0.935876
0.173262
0.951491
-0.306044
-0.031644
0.0234108
0.174565
-0.984367
0.315289
0.934048
0.167773
0.948142
-0.31754
-0.0139564
0.0402386
0.163473
-0.985727
0.324127
0.932371
0.160081
0.944384
-0.328832
0.00308114
0.0555126
0.150179
-0.987099
0.334624
0.930662
0.147971
0.939735
-0.341249
0.0211461
0.0701749
0.131978
-0.988766
0.346216
0.92878
0.132297
0.934543
-0.353799
0.0381534
0.0822425
0.110427
-0.990476
0.357322
0.927088
0.113264
0.929462
-0.364884
0.0543999
0.0917618
0.0858366
-0.992075
0.366882
0.925338
0.0956392
0.925092
-0.373737
0.067275
0.097996
0.0637931
-0.99314
0.373941
0.924295
0.0764701
0.922077
-0.379372
0.0764948
0.0997144
0.0419068
-0.994133
0.38018
0.923482
0.0514129
0.919932
-0.383309
0.0824607
0.095858
0.0159465
-0.995267
0.38456
0.922834
0.0221681
0.919183
-0.385028
0.0828053
0.0849508
-0.011467
-0.996319
0.385907
0.922505
-0.00776532
0.919385
-0.383879
0.085841
0.0762078
-0.040266
-0.996279
0.385957
0.921747
-0.0376837
0.920024
-0.381591
0.0891313
0.0677768
-0.0690707
-0.995307
0.383538
0.921282
-0.064335
0.921665
-0.377415
0.0899569
0.0585947
-0.0937971
-0.993866
0.377817
0.921877
-0.0860058
0.9247
-0.371014
0.0853148
0.0467403
-0.111763
-0.992635
0.36919
0.92336
-0.105377
0.928824
-0.36277
0.075392
0.0313864
-0.12571
-0.99157
0.35756
0.925713
-0.12331
0.933772
-0.35228
0.0630059
0.0148857
-0.137672
-0.990366
0.344004
0.928651
-0.138811
0.938967
-0.340434
0.0494455
-0.00133836
-0.147348
-0.989084
0.328568
0.932594
-0.14937
0.944295
-0.327506
0.0323632
-0.0187379
-0.151683
-0.988252
0.312067
0.937743
-0.152484
0.949401
-0.313783
0.0133054
-0.0353699
-0.148921
-0.988216
0.295409
0.943522
-0.150001
0.954049
-0.299598
-0.00561979
-0.0502425
-0.141449
-0.98867
0.277201
0.949864
-0.144634
0.958754
-0.283302
-0.0230281
-0.0628485
-0.132285
-0.989217
0.259157
0.956129
-0.136583
0.96328
-0.266154
-0.0354078
-0.0702065
-0.122391
-0.989996
0.243418
0.961482
-0.127669
0.967098
-0.250633
-0.0436305
-0.0739481
-0.112848
-0.990857
0.230601
0.966444
-0.113174
0.970112
-0.237374
-0.0503663
-0.0755409
-0.0981772
-0.992298
0.221734
0.970296
-0.096744
0.972503
-0.227297
-0.0507308
-0.0712135
-0.0828351
-0.994016
0.217124
0.9727
-0.0819242
0.974167
-0.221259
-0.0452024
-0.0620948
-0.0699934
-0.995613
0.213687
0.974364
-0.0703818
0.975226
-0.216985
-0.0430406
-0.0572089
-0.0594409
-0.996591
0.210121
0.975698
-0.062151
0.976096
-0.212969
-0.0433688
-0.0555511
-0.0515526
-0.997124
0.208422
0.976304
-0.0582324
0.976493
-0.211069
-0.043707
-0.0549624
-0.0477541
-0.997346
0.206086
0.977014
-0.0545165
0.976989
-0.208571
-0.0446245
-0.0549693
-0.0440655
-0.997515
0.201973
0.978199
-0.0483011
0.978023
-0.204051
-0.042831
-0.0517532
-0.0385888
-0.997914
0.196414
0.979837
-0.0366291
0.97988
-0.1975
-0.0288064
-0.0354598
-0.0302341
-0.998914
0.193196
0.980901
-0.0225508
0.981146
-0.193266
-0.000953221
-0.00529333
-0.0219415
-0.999745
0.191917
0.981351
-0.010898
0.981113
-0.191574
0.0267696
0.0241825
-0.0158298
-0.999582
0.192418
0.981299
-0.00517714
0.980021
-0.191892
0.0523052
0.0503336
-0.0151382
-0.998618
0.201979
0.979385
-0.00295402
0.976437
-0.201135
0.0782082
0.0760018
-0.0186808
-0.996933
0.217603
0.976029
0.00413981
0.970845
-0.21688
0.10209
0.100541
-0.018196
-0.994767
0.235988
0.971736
0.00619822
0.96436
-0.234972
0.121645
0.119663
-0.0227294
-0.992554
0.253313
0.967384
0.000773006
0.957996
-0.250966
0.138782
0.13445
-0.0344148
-0.990323
0.269003
0.963082
-0.0104731
0.951935
-0.264204
0.154968
0.14648
-0.0516565
-0.987864
0.285153
0.958182
-0.0239837
0.945828
-0.277248
0.168944
0.15523
-0.0708593
-0.985334
0.299891
0.953273
-0.0365444
0.940234
-0.288876
0.180308
0.161326
-0.0884328
-0.982931
0.311562
0.949152
-0.0451727
0.935839
-0.298257
0.187745
0.164726
-0.100769
-0.981178
0.321324
0.945394
-0.0546047
0.932151
-0.305609
0.194161
0.166871
-0.113288
-0.979449
0.325849
0.943704
-0.0569666
0.929961
-0.309085
0.199098
0.170282
-0.117853
-0.978322
0.327342
0.943243
-0.0560272
0.92912
-0.310515
0.200788
0.171995
-0.117782
-0.978031
0.328594
0.94282
-0.0558218
0.928679
-0.311773
0.200879
0.171989
-0.117848
-0.978024
0.329296
0.94259
-0.0555756
0.928437
-0.312509
0.200854
0.171955
-0.117739
-0.978044
0.328679
0.94292
-0.0535881
0.928628
-0.312316
0.20027
0.172102
-0.115588
-0.978274
0.327679
0.943409
-0.0510505
0.92882
-0.311776
0.200223
0.172976
-0.113026
-0.978419
0.326884
0.943757
-0.0496873
0.928738
-0.311063
0.201706
0.174905
-0.112081
-0.978185
0.32619
0.944064
-0.0484086
0.928698
-0.310482
0.202783
0.17641
-0.111103
-0.978026
0.325449
0.944374
-0.0473362
0.928821
-0.309909
0.203097
0.177129
-0.110065
-0.978014
0.325398
0.944392
-0.047337
0.928664
-0.309751
0.204052
0.178043
-0.110358
-0.977815
0.329953
0.942712
-0.0492478
0.92687
-0.313632
0.206267
0.179005
-0.113705
-0.977256
0.333046
0.941591
-0.0498735
0.925446
-0.316287
0.208594
0.180636
-0.115627
-0.97673
0.333785
0.941405
-0.0484171
0.925024
-0.317225
0.209043
0.181435
-0.114562
-0.976707
0.334738
0.941069
-0.048365
0.924717
-0.318183
0.208944
0.181241
-0.114665
-0.976731
0.335412
0.940944
-0.0460709
0.924385
-0.319289
0.208728
0.181692
-0.112597
-0.976888
0.336015
0.940769
-0.0452416
0.923911
-0.3199
0.209886
0.182982
-0.112324
-0.976679
0.3376
0.940212
-0.0450363
0.92334
-0.321483
0.209979
0.182946
-0.112473
-0.976668
0.339869
0.939308
-0.0468046
0.922904
-0.323532
0.208748
0.180936
-0.114143
-0.976849
0.342379
0.938276
-0.0491337
0.923025
-0.326125
0.204125
0.175502
-0.11524
-0.977711
0.343142
0.93782
-0.05241
0.924119
-0.32709
0.197527
0.168102
-0.116213
-0.978895
0.345315
0.936765
-0.0568182
0.924189
-0.328903
0.19416
0.163195
-0.119557
-0.979323
0.348721
0.934916
-0.0657764
0.923144
-0.330514
0.196379
0.161858
-0.129203
-0.978319
0.353001
0.932191
-0.0800627
0.92187
-0.331918
0.199965
0.159832
-0.144395
-0.976526
0.353879
0.931126
-0.0881718
0.922299
-0.331751
0.198255
0.155349
-0.151479
-0.976177
0.345905
0.934444
-0.0846445
0.925866
-0.32532
0.192196
0.15206
-0.144851
-0.977699
0.335617
0.938854
-0.0769024
0.929843
-0.317108
0.186639
0.15084
-0.134146
-0.979414
0.32696
0.942531
-0.0687963
0.933326
-0.310625
0.180043
0.148326
-0.123076
-0.98125
0.321644
0.945005
-0.0592563
0.936072
-0.307935
0.170134
0.14253
-0.110191
-0.983638
0.318669
0.946527
-0.0503627
0.938778
-0.307828
0.154719
0.130943
-0.0965836
-0.986674
0.315693
0.948056
-0.0390912
0.941616
-0.307936
0.13614
0.117031
-0.0797875
-0.989918
0.312893
0.94938
-0.0278313
0.944223
-0.307759
0.11716
0.102664
-0.0629376
-0.992723
0.319495
0.947426
-0.017496
0.943211
-0.316192
0.101862
0.0909744
-0.0490467
-0.994645
0.342006
0.939684
-0.00506259
0.935889
-0.34013
0.0917808
0.084523
-0.0361276
-0.995766
0.366461
0.930377
0.0102286
0.927211
-0.366084
0.0791277
0.0773631
-0.0195131
-0.996812
0.391053
0.920025
0.0251246
0.917457
-0.39184
0.068808
0.0731499
-0.00385688
-0.997313
0.420732
0.906167
0.0429708
0.904017
-0.422747
0.06354
0.0757436
0.012113
-0.997054
0.455369
0.888615
0.0547935
0.886068
-0.45834
0.0693397
0.0867304
0.0169756
-0.996087
0.490412
0.869357
0.0609517
0.865263
-0.494062
0.0849865
0.103997
0.0110608
-0.994516
0.518914
0.852128
0.0678686
0.845725
-0.523324
0.104318
0.12441
0.00326593
-0.992226
0.542764
0.836987
0.0697201
0.8277
-0.547132
0.12474
0.142552
-0.00999709
-0.989737
0.561848
0.824889
0.0623245
0.81261
-0.564449
0.145128
0.154894
-0.0308945
-0.987448
0.578441
0.814405
0.0463807
0.799386
-0.577261
0.166587
0.162443
-0.0592848
-0.984935
0.592019
0.805531
0.0251485
0.788398
-0.585336
0.189237
0.167157
-0.092205
-0.981609
0.601093
0.799165
0.00474909
0.78102
-0.588684
0.208466
0.169394
-0.121598
-0.978018
0.608059
0.793702
-0.0173567
0.77569
-0.589321
0.225843
0.169024
-0.15079
-0.974009
0.614942
0.787208
-0.0463798
0.770905
-0.587744
0.245484
0.165988
-0.186713
-0.96829
0.618082
0.782259
-0.0777565
0.769783
-0.582218
0.261642
0.159401
-0.221572
-0.962028
0.615079
0.780871
-0.109168
0.774368
-0.572199
0.270077
0.14843
-0.250655
-0.95663
0.608671
0.781618
-0.136358
0.781483
-0.56089
0.273286
0.137124
-0.272903
-0.952219
0.596809
0.787104
-0.155837
0.791795
-0.546273
0.273214
0.129919
-0.286448
-0.949246
0.576553
0.798894
-0.171333
0.808062
-0.526493
0.264275
0.120922
-0.290816
-0.949107
0.553697
0.810247
-0.192142
0.825502
-0.503774
0.254477
0.109393
-0.299517
-0.947799
0.532215
0.818781
-0.215278
0.840987
-0.482046
0.245708
0.097407
-0.311815
-0.945137
0.512321
0.824832
-0.239123
0.854551
-0.461985
0.237303
0.085264
-0.325918
-0.941545
0.491248
0.831853
-0.258255
0.867874
-0.442288
0.226222
0.07396
-0.335264
-0.939217
0.469068
0.839299
-0.274869
0.881047
-0.423174
0.211376
0.0610903
-0.341322
-0.937959
0.447728
0.845145
-0.29201
0.892891
-0.405115
0.19654
0.0478067
-0.348729
-0.936003
0.427114
0.850687
-0.306438
0.903465
-0.387874
0.182494
0.0363855
-0.354802
-0.934233
0.402234
0.858474
-0.318167
0.915214
-0.367802
0.164635
0.0243123
-0.357413
-0.93363
0.371667
0.8708
-0.321824
0.928263
-0.343419
0.142797
0.0138272
-0.35181
-0.935969
0.343656
0.884019
-0.316878
0.93904
-0.319811
0.126193
0.010216
-0.340929
-0.940034
0.3215
0.895829
-0.306804
0.946813
-0.299492
0.117686
0.0135411
-0.328321
-0.944469
0.300205
0.910273
-0.285096
0.953501
-0.278005
0.1164
0.0266973
-0.306783
-0.951405
0.274495
0.92455
-0.26431
0.960688
-0.251784
0.116973
0.0415987
-0.286029
-0.957318
0.244129
0.93839
-0.244594
0.968918
-0.225635
0.101423
0.0399856
-0.261751
-0.964307
0.21441
0.948993
-0.231173
0.976176
-0.200127
0.0838434
0.0333028
-0.243642
-0.969293
0.186858
0.95843
-0.215627
0.981929
-0.175513
0.0707909
0.0300027
-0.224958
-0.973906
0.162743
0.968138
-0.190323
0.986091
-0.152994
0.0649416
0.0337542
-0.198244
-0.979571
0.140755
0.975882
-0.166863
0.989135
-0.131392
0.0659391
0.0424243
-0.174331
-0.983773
0.122723
0.981508
-0.146905
0.991235
-0.113929
0.0668808
0.0489074
-0.153825
-0.986887
0.106406
0.986104
-0.127576
0.992879
-0.0984631
0.067049
0.0535558
-0.133802
-0.98956
0.0906746
0.990285
-0.105424
0.994159
-0.0837882
0.0680199
0.0585259
-0.110976
-0.992098
0.0768993
0.994008
-0.0776832
0.995081
-0.071635
0.0684223
0.0624474
-0.0825628
-0.994627
0.0662379
0.996754
-0.0457536
0.995841
-0.063163
0.0656639
0.0625609
-0.0499127
-0.996792
0.0632669
0.997858
-0.0166444
0.996113
-0.0621146
0.0624487
0.061281
-0.0205306
-0.997909
0.0690275
0.997567
0.0097852
0.995685
-0.0695005
0.0614929
0.0620234
0.00549827
-0.99806
0.0810387
0.996107
0.0347017
0.994532
-0.0831133
0.0632289
0.0658669
0.029388
-0.997396
0.0942011
0.993789
0.0592425
0.99308
-0.0979923
0.0647235
0.0701268
0.0527355
-0.996143
0.109237
0.990388
0.0848477
0.991193
-0.114958
0.06574
0.074862
0.0769192
-0.994223
0.125927
0.985977
0.109507
0.988728
-0.133751
0.0672865
0.0809897
0.0997998
-0.991706
0.143794
0.980879
0.131148
0.985572
-0.1539
0.0704425
0.0892793
0.119127
-0.988857
0.1628
0.975623
0.147159
0.981244
-0.175701
0.079311
0.103234
0.131487
-0.985928
0.18301
0.97023
0.158625
0.975632
-0.199102
0.0921976
0.121035
0.137887
-0.983025
0.203173
0.965104
0.165214
0.969326
-0.222086
0.105286
0.138304
0.138754
-0.980622
0.223192
0.960457
0.166458
0.962478
-0.244178
0.118378
0.154343
0.133791
-0.978917
0.243728
0.956228
0.161938
0.954817
-0.265862
0.132823
0.170063
0.122249
-0.977821
0.264057
0.952307
0.152923
0.94685
-0.286143
0.146958
0.183707
0.10599
-0.97725
0.285378
0.947947
0.141264
0.938178
-0.30643
0.161002
0.195909
0.0865837
-0.976792
0.309289
0.941898
0.131027
0.928183
-0.32898
0.17392
0.20692
0.0678253
-0.976004
0.333679
0.934885
0.121029
0.917613
-0.35153
0.185506
0.215972
0.0491587
-0.975161
0.358598
0.927156
0.108581
0.906841
-0.373591
0.195112
0.221464
0.0284993
-0.974752
0.383254
0.919081
0.0916883
0.896449
-0.394044
0.202751
0.222474
0.00448874
-0.974928
0.406381
0.910747
0.0734479
0.886656
-0.412489
0.209032
0.220671
-0.0198234
-0.975147
0.426324
0.903091
0.0517197
0.878728
-0.427037
0.213252
0.214672
-0.0454668
-0.975627
0.443152
0.89604
0.0269851
0.87299
-0.438203
0.214165
0.203725
-0.0713499
-0.976425
0.457873
0.889012
-0.0032288
0.868198
-0.446366
0.21677
0.19127
-0.102056
-0.976217
0.468738
0.882681
-0.0340377
0.864567
-0.450536
0.222581
0.181133
-0.13376
-0.97432
0.475335
0.877527
-0.0632753
0.862868
-0.450934
0.228291
0.171799
-0.163113
-0.971535
0.478185
0.873381
-0.0924354
0.863734
-0.448602
0.229607
0.159068
-0.189634
-0.968884
0.473737
0.872261
-0.121382
0.868631
-0.440096
0.227585
0.145094
-0.213251
-0.966163
0.465781
0.872059
-0.150207
0.874545
-0.427759
0.228458
0.134976
-0.237774
-0.961897
0.455811
0.871693
-0.179969
0.88106
-0.413166
0.230276
0.126372
-0.263526
-0.956339
0.441864
0.872834
-0.207166
0.889376
-0.396023
0.228422
0.117332
-0.28518
-0.951265
0.426369
0.874519
-0.231143
0.898112
-0.378846
0.223319
0.107729
-0.302808
-0.946943
0.41051
0.876373
-0.251897
0.906331
-0.361781
0.218355
0.100229
-0.317939
-0.942799
0.393098
0.878687
-0.270892
0.914699
-0.343636
0.212694
0.0938035
-0.331395
-0.938818
0.373937
0.881526
-0.288242
0.923318
-0.324513
0.205368
0.0874985
-0.342934
-0.935276
0.353883
0.884949
-0.302709
0.931817
-0.305727
0.195573
0.080526
-0.351279
-0.932802
0.333925
0.889066
-0.313137
0.939698
-0.287944
0.184545
0.0739069
-0.355879
-0.931605
0.311199
0.89622
-0.316139
0.947676
-0.267738
0.173859
0.0711738
-0.353703
-0.932646
0.28668
0.906004
-0.311401
0.955374
-0.246193
0.163246
0.0712368
-0.344304
-0.936152
0.269911
0.913709
-0.303782
0.960144
-0.23161
0.156461
0.0726009
-0.333905
-0.939807
0.25985
0.919704
-0.294316
0.962829
-0.223486
0.151706
0.0737494
-0.322797
-0.943591
0.249756
0.925674
-0.284165
0.965651
-0.216377
0.14387
0.0716902
-0.310337
-0.94792
0.2384
0.931607
-0.274361
0.968722
-0.208078
0.135211
0.0688746
-0.298014
-0.952074
0.228289
0.937072
-0.264159
0.971167
-0.200033
0.129698
0.0686957
-0.286151
-0.955719
0.220519
0.94224
-0.252102
0.97285
-0.193858
0.126423
0.0702487
-0.273136
-0.959407
0.212961
0.946935
-0.240753
0.974276
-0.187217
0.125441
0.0737117
-0.261274
-0.962446
0.206539
0.950985
-0.230149
0.975244
-0.181097
0.126899
0.0789994
-0.250661
-0.964846
0.202105
0.953984
-0.221514
0.975899
-0.177162
0.127415
0.0823079
-0.241927
-0.966797
0.198921
0.955695
-0.216974
0.976502
-0.174558
0.12639
0.0829155
-0.237017
-0.967961
0.197098
0.956843
-0.213549
0.977035
-0.173719
0.12339
0.080967
-0.232965
-0.969109
0.19548
0.957633
-0.211486
0.977459
-0.172709
0.121435
0.0797647
-0.230457
-0.969808
0.193648
0.958733
-0.208161
0.97789
-0.171551
0.11959
0.0789443
-0.226717
-0.970756
0.192376
0.959738
-0.204683
0.97812
-0.170696
0.118932
0.0792052
-0.223084
-0.971576
0.191127
0.960926
-0.200231
0.97837
-0.170052
0.117791
0.0791384
-0.218413
-0.972642
0.189962
0.962145
-0.195425
0.978575
-0.169451
0.116954
0.079412
-0.213455
-0.97372
0.189876
0.962866
-0.191929
0.978583
-0.16977
0.116417
0.0795099
-0.209924
-0.974479
0.189661
0.963777
-0.187514
0.978623
-0.170089
0.115611
0.0795293
-0.205433
-0.975434
0.189947
0.964775
-0.182017
0.978682
-0.171313
0.113283
0.0781103
-0.199654
-0.976748
0.189016
0.965998
-0.176413
0.979086
-0.171625
0.10925
0.0752586
-0.193373
-0.978235
0.188312
0.967238
-0.17026
0.979562
-0.172503
0.103445
0.0706859
-0.18626
-0.979954
0.193369
0.966187
-0.170559
0.979662
-0.180646
0.087349
0.0535846
-0.183981
-0.981468
0.210246
0.963444
-0.166046
0.977115
-0.201468
0.0682423
0.0322947
-0.176594
-0.983754
0.236587
0.959219
-0.154679
0.971448
-0.23062
0.055709
0.017765
-0.163443
-0.986393
0.266247
0.954489
-0.134399
0.963876
-0.26256
0.0447772
0.00745155
-0.141466
-0.989915
0.298397
0.94763
-0.113829
0.954438
-0.295916
0.0385065
0.00280614
-0.120133
-0.992754
0.334083
0.937446
-0.0978982
0.94252
-0.331536
0.041707
0.00664128
-0.106205
-0.994322
0.37048
0.92511
-0.0831605
0.928725
-0.367535
0.0488683
0.0146442
-0.095338
-0.995337
0.401811
0.913417
-0.0649362
0.915484
-0.399076
0.051255
0.0209028
-0.0800429
-0.996572
0.426337
0.903342
-0.0470189
0.90414
-0.42397
0.0527246
0.0276938
-0.0649901
-0.997502
0.445336
0.894939
-0.0275781
0.894706
-0.443618
0.0520041
0.0343063
-0.0478336
-0.998266
0.463127
0.886266
-0.00676184
0.885331
-0.462257
0.0500679
0.0412478
-0.0291743
-0.998723
0.477834
0.878336
0.014175
0.877097
-0.477931
0.0477699
0.0487327
-0.0103932
-0.998758
0.49127
0.870306
0.0349565
0.869055
-0.49246
0.0471881
0.0582827
0.00719707
-0.998274
0.505149
0.861183
0.0564699
0.860223
-0.507701
0.0474974
0.0695738
0.0245834
-0.997274
0.520098
0.850939
0.07349
0.850095
-0.524065
0.0519059
0.0826823
0.0354773
-0.995944
0.538611
0.838557
0.0819796
0.836975
-0.543684
0.0622898
0.0968046
0.035065
-0.994686
0.556098
0.826625
0.0862963
0.823616
-0.562019
0.0761012
0.111407
0.0287554
-0.993359
0.571748
0.815574
0.0891205
0.810667
-0.578309
0.0915292
0.126188
0.0199154
-0.991806
0.585843
0.805341
0.0906301
0.798244
-0.592734
0.107113
0.139982
0.00959344
-0.990108
0.599169
0.795149
0.0934596
0.785644
-0.606414
0.122579
0.154144
-1.97435e-05
-0.988048
0.61162
0.785546
0.0940165
0.773315
-0.618686
0.138608
0.167049
-0.0120708
-0.985875
0.62325
0.777023
0.0882837
0.761991
-0.628791
0.15489
0.175865
-0.029264
-0.983979
0.635038
0.768425
0.079061
0.750821
-0.638057
0.170736
0.181643
-0.0490632
-0.98214
0.645572
0.760644
0.0682446
0.740452
-0.645296
0.187945
0.186997
-0.0708001
-0.979806
0.654632
0.753894
0.0556858
0.731164
-0.650157
0.206627
0.19198
-0.0945495
-0.976834
0.662525
0.748037
0.0387363
0.723244
-0.652308
0.226743
0.19488
-0.122207
-0.973184
0.670008
0.742168
0.0166139
0.716268
-0.652183
0.24823
0.195064
-0.154416
-0.968559
0.675966
0.736823
-0.012748
0.712243
-0.64878
0.267946
0.189158
-0.190202
-0.96335
0.679106
0.732733
-0.0437947
0.711792
-0.642771
0.283192
0.179354
-0.22349
-0.958063
0.676905
0.732212
-0.0752721
0.717963
-0.634248
0.286809
0.162264
-0.248185
-0.955026
0.668258
0.736739
-0.103182
0.73065
-0.623896
0.277317
0.139936
-0.260709
-0.955222
0.655608
0.743723
-0.130594
0.745757
-0.610613
0.266454
0.118426
-0.272081
-0.954959
0.638695
0.752973
-0.158432
0.763187
-0.593675
0.25514
0.0980566
-0.28387
-0.953836
0.61612
0.765887
-0.183883
0.783896
-0.573465
0.238
0.0768305
-0.290782
-0.9537
0.587557
0.782942
-0.204397
0.807335
-0.550147
0.213419
0.0546466
-0.290413
-0.95534
0.555201
0.802509
-0.218472
0.831032
-0.524617
0.184832
0.033715
-0.284176
-0.958179
0.524682
0.819271
-0.231308
0.851139
-0.499584
0.161178
0.0164901
-0.281442
-0.959436
0.497382
0.832512
-0.243996
0.867524
-0.476101
0.143981
0.00369902
-0.283286
-0.959028
0.469648
0.845267
-0.254861
0.882799
-0.452853
0.124862
-0.00987246
-0.283632
-0.958882
0.437534
0.860454
-0.261118
0.898904
-0.42602
0.102369
-0.0231574
-0.279509
-0.959864
0.403911
0.87549
-0.265281
0.914209
-0.396713
0.0827076
-0.032831
-0.275929
-0.960617
0.370277
0.889941
-0.26627
0.928218
-0.365626
0.0687744
-0.0361499
-0.272622
-0.961442
0.334606
0.904704
-0.263724
0.941663
-0.331747
0.0566999
-0.0361931
-0.267311
-0.96293
0.298246
0.918968
-0.257968
0.953791
-0.297274
0.0437212
-0.036509
-0.259087
-0.965164
0.262106
0.932278
-0.249315
0.9643
-0.263125
0.0298544
-0.0377684
-0.248239
-0.967962
0.226807
0.944008
-0.2396
0.973101
-0.229853
0.0155389
-0.0404037
-0.236679
-0.970747
0.194103
0.953665
-0.229883
0.979971
-0.199136
0.0013294
-0.0445103
-0.225537
-0.973217
0.165234
0.961498
-0.219587
0.98505
-0.171891
-0.0114261
-0.0487313
-0.214416
-0.975526
0.142136
0.967452
-0.209367
0.988419
-0.150076
-0.0224532
-0.0531433
-0.203751
-0.977579
0.125697
0.972218
-0.197463
0.990362
-0.13464
-0.032484
-0.0581681
-0.191477
-0.979772
0.110545
0.976751
-0.183675
0.991722
-0.120552
-0.0442033
-0.065318
-0.177268
-0.981993
0.093412
0.98123
-0.168708
0.992703
-0.104769
-0.059699
-0.0762537
-0.161901
-0.983856
0.0770563
0.984996
-0.154416
0.992742
-0.0901421
-0.0796071
-0.0923321
-0.147161
-0.984794
0.0650866
0.988518
-0.136369
0.991476
-0.0795189
-0.103206
-0.112864
-0.128489
-0.985268
0.0573427
0.991643
-0.115572
0.989235
-0.0720477
-0.127368
-0.13463
-0.107024
-0.985099
0.0550277
0.994103
-0.0934446
0.985952
-0.0688798
-0.152164
-0.157703
-0.0837586
-0.983928
0.0570362
0.995974
-0.0691507
0.981637
-0.0685741
-0.178004
-0.18203
-0.0577283
-0.981597
0.0603441
0.99722
-0.0437115
0.976689
-0.068026
-0.203595
-0.206002
-0.0304068
-0.978079
0.0610445
0.997878
-0.0226582
0.973414
-0.0645382
-0.219773
-0.220769
-0.00863989
-0.975288
0.063991
0.997948
-0.00219452
0.969818
-0.0627054
-0.23563
-0.235284
0.0129499
-0.97184
0.0710311
0.997299
0.018709
0.965743
-0.0640661
-0.251467
-0.249589
0.0359301
-0.967685
0.0821412
0.995809
0.0402126
0.962124
-0.0687095
-0.263811
-0.259942
0.0603593
-0.963736
0.105761
0.99233
0.0639915
0.958354
-0.084549
-0.272781
-0.265279
0.0901761
-0.959946
0.133961
0.987573
0.0821796
0.954736
-0.106392
-0.277778
-0.265583
0.115671
-0.957124
0.15612
0.983718
0.0890221
0.952828
-0.12624
-0.276011
-0.260279
0.127914
-0.957023
0.172744
0.98024
0.0963811
0.951826
-0.140962
-0.272318
-0.253351
0.138779
-0.957368
0.190077
0.976093
0.105423
0.950051
-0.155798
-0.270426
-0.247536
0.151559
-0.956951
0.214386
0.970139
0.113447
0.946441
-0.177619
-0.26963
-0.241428
0.165175
-0.956258
0.248
0.961755
0.116289
0.939955
-0.209831
-0.269176
-0.23448
0.176062
-0.956044
0.282625
0.952348
0.114704
0.93174
-0.244133
-0.26881
-0.227998
0.182847
-0.956339
0.315008
0.943046
0.106927
0.923142
-0.278281
-0.26527
-0.220406
0.182271
-0.958227
0.345583
0.933176
0.0987709
0.914709
-0.311495
-0.257447
-0.209476
0.179316
-0.961231
0.377198
0.921842
0.0890427
0.90472
-0.346214
-0.24823
-0.198001
0.174191
-0.9646
0.409138
0.909285
0.0762088
0.892719
-0.381597
-0.239659
-0.188837
0.166087
-0.967861
0.438742
0.896515
0.0613711
0.88065
-0.415381
-0.227845
-0.178774
0.154012
-0.971761
0.466518
0.883227
0.04766
0.868413
-0.447128
-0.214326
-0.167988
0.141375
-0.975599
0.492056
0.869815
0.036099
0.856189
-0.476011
-0.200881
-0.157546
0.129752
-0.97895
0.513517
0.857631
0.0277378
0.84498
-0.499786
-0.190326
-0.149366
0.121173
-0.981329
0.532234
0.846252
0.0241886
0.834557
-0.519649
-0.182971
-0.14227
0.11757
-0.982821
0.552993
0.832984
0.0183213
0.821892
-0.541757
-0.17605
-0.136721
0.112413
-0.984211
0.573845
0.818923
0.0081692
0.808235
-0.564689
-0.166981
-0.132132
0.102424
-0.985926
0.594026
0.80444
-0.0029505
0.794063
-0.586942
-0.157998
-0.128831
0.0915119
-0.987435
0.612292
0.790451
-0.0169104
0.780133
-0.607497
-0.149466
-0.128418
0.0783242
-0.988622
0.622324
0.782155
-0.0307782
0.771654
-0.619619
-0.143603
-0.13139
0.0656173
-0.989157
0.627724
0.777396
-0.0402251
0.766707
-0.626376
-0.140757
-0.13462
0.0575158
-0.989227
0.630699
0.774779
-0.0439963
0.763549
-0.629686
-0.143139
-0.138605
0.0566842
-0.988724
0.63208
0.773596
-0.0449875
0.761735
-0.630948
-0.147188
-0.142249
0.0587658
-0.988085
0.632561
0.773159
-0.0457238
0.760697
-0.631296
-0.151015
-0.145624
0.0607444
-0.987473
0.632438
0.773161
-0.0473822
0.7601
-0.631213
-0.15433
-0.14923
0.0615889
-0.986883
0.630561
0.774687
-0.0474698
0.761372
-0.629279
-0.155955
-0.150688
0.0621968
-0.986623
0.629012
0.7758
-0.0497801
0.762395
-0.628127
-0.155597
-0.15198
0.0599201
-0.986566
0.62776
0.776751
-0.0507387
0.763247
-0.627027
-0.155858
-0.152878
0.0591155
-0.986475
0.626262
0.77792
-0.0513391
0.764224
-0.625588
-0.156849
-0.154133
0.0589942
-0.986287
0.624419
0.779363
-0.051914
0.76539
-0.623774
-0.158378
-0.155817
0.0591599
-0.986013
0.623914
0.779754
-0.0520998
0.765478
-0.623196
-0.160221
-0.157401
0.0600827
-0.985705
0.624173
0.779508
-0.0526864
0.764527
-0.623286
-0.164356
-0.160956
0.0623065
-0.984993
0.624484
0.779195
-0.0536088
0.763325
-0.623418
-0.169367
-0.16539
0.064846
-0.984094
0.624334
0.779303
-0.0538009
0.762597
-0.622977
-0.1742
-0.169271
0.0677304
-0.983239
0.623553
0.780009
-0.0526126
0.763039
-0.621871
-0.176203
-0.170159
0.0697267
-0.982947
0.630259
0.774755
-0.0502764
0.758715
-0.628359
-0.171806
-0.164699
0.0701369
-0.983847
0.645027
0.762596
-0.0488711
0.748911
-0.643573
-0.157944
-0.151899
0.0652777
-0.986238
0.661594
0.748354
-0.0475315
0.73792
-0.661017
-0.136127
-0.13329
0.0549863
-0.989551
0.677719
0.733881
-0.0460042
0.726413
-0.677906
-0.11299
-0.114108
0.0431575
-0.992531
0.691675
0.72094
-0.042787
0.71585
-0.692226
-0.0915531
-0.0956225
0.032696
-0.994881
0.704361
0.708649
-0.041128
0.705453
-0.705263
-0.0702817
-0.0788112
0.0204898
-0.996679
0.715546
0.697386
-0.0405835
0.69563
-0.716656
-0.0500414
-0.0639826
0.00757579
-0.997922
0.724649
0.687921
-0.0406105
0.687247
-0.725765
-0.0309295
-0.0507507
-0.00549648
-0.998696
0.734081
0.677748
-0.0422077
0.677967
-0.735009
-0.0110819
-0.0385337
-0.0204805
-0.999047
0.743898
0.666634
-0.0470634
0.667731
-0.744315
0.0114324
-0.0274088
-0.0399302
-0.998826
0.749254
0.66007
-0.0540913
0.662071
-0.748575
0.0360073
-0.016724
-0.0627909
-0.997887
0.750944
0.657328
-0.0632694
0.660317
-0.748602
0.059796
-0.00805801
-0.0866813
-0.996204
0.749524
0.65799
-0.0725498
0.661976
-0.745226
0.0801622
-0.00132006
-0.10811
-0.994138
0.746609
0.660107
-0.0826678
0.665254
-0.740131
0.0982015
0.00363848
-0.128313
-0.991727
0.743548
0.662494
-0.0907687
0.668644
-0.735166
0.11156
0.00717748
-0.143642
-0.989604
0.742178
0.663336
-0.0956926
0.670133
-0.73243
0.120284
0.00970071
-0.153399
-0.988117
0.74331
0.661537
-0.0992878
0.668832
-0.732206
0.128596
0.0123721
-0.161994
-0.986714
0.747544
0.655879
-0.104885
0.664087
-0.734953
0.137235
0.0129239
-0.172242
-0.98497
0.747961
0.654746
-0.10891
0.663631
-0.734684
0.140833
0.0121951
-0.177614
-0.984025
0.740887
0.662009
-0.113273
0.671541
-0.727424
0.141023
0.0109611
-0.180549
-0.983505
0.728886
0.67535
-0.112371
0.684509
-0.71572
0.138534
0.0131328
-0.177895
-0.983962
0.71412
0.691465
-0.109126
0.699838
-0.701617
0.134017
0.0161033
-0.172074
-0.984952
0.69828
0.708034
-0.105328
0.71557
-0.686505
0.129116
0.01911
-0.165529
-0.98602
0.682298
0.72408
-0.100884
0.730735
-0.67125
0.124302
0.0222861
-0.15853
-0.987103
0.665797
0.739952
-0.0958446
0.745743
-0.655781
0.11755
0.0241284
-0.14974
-0.988431
0.647414
0.756902
-0.0891841
0.761748
-0.638896
0.107474
0.0243682
-0.137516
-0.9902
0.626148
0.775585
-0.0800468
0.779352
-0.619469
0.0941739
0.0234533
-0.121351
-0.992333
0.602421
0.795259
-0.0682052
0.797891
-0.597705
0.078225
0.0214426
-0.101545
-0.9946
0.578224
0.814012
-0.0551417
0.815666
-0.575213
0.061794
0.0185829
-0.0807081
-0.996565
0.554158
0.831319
-0.0426348
0.832288
-0.552467
0.0455606
0.0143211
-0.0607323
-0.998051
0.529732
0.847595
-0.0310914
0.848135
-0.529051
0.0277769
0.0070946
-0.041084
-0.999131
0.504626
0.863136
-0.0186768
0.863334
-0.504572
0.00785859
-0.00264075
-0.0200899
-0.999795
0.480609
0.876907
-0.00707521
0.876866
-0.480656
-0.00869995
-0.0110298
-0.00202274
-0.999937
0.458792
0.888538
0.00331176
0.888404
-0.45865
-0.0194463
-0.0157598
0.011864
-0.999805
0.437473
0.899131
0.0134489
0.899017
-0.436994
-0.0283704
-0.0196316
0.0245021
-0.999507
0.415746
0.909219
0.0217978
0.909137
-0.41481
-0.037457
-0.0250147
0.0353898
-0.99906
0.393744
0.918738
0.0297547
0.918743
-0.39229
-0.0449498
-0.0296247
0.0450356
-0.998546
0.373732
0.926891
0.0345945
0.926894
-0.371824
-0.0511374
-0.0345357
0.0511771
-0.998092
0.355532
0.933945
0.0366477
0.933857
-0.353323
-0.0554327
-0.0388226
0.0539319
-0.99779
0.338203
0.940373
0.0363049
0.940158
-0.335922
-0.057098
-0.0414978
0.053443
-0.997708
0.326132
0.944694
0.0345074
0.944464
-0.324061
-0.0545118
-0.0403145
0.0503691
-0.997917
0.324004
0.945441
0.0340983
0.945588
-0.3225
-0.0430925
-0.0297448
0.0462051
-0.998489
0.330124
0.943336
0.0336783
0.943836
-0.329357
-0.026406
-0.0138175
0.0405041
-0.999084
0.34205
0.93911
0.0327869
0.93968
-0.34191
-0.00993428
0.00188079
0.0342072
-0.999413
0.357228
0.933551
0.0294909
0.933899
-0.357508
0.00464008
0.014875
0.025884
-0.999554
0.375998
0.926348
0.0224821
0.926292
-0.3764
0.0174979
0.0246714
0.0142459
-0.999594
0.397175
0.917624
0.0147705
0.917146
-0.397446
0.0296478
0.033076
0.00177136
-0.999451
0.417997
0.908424
0.00664117
0.907504
-0.417885
0.0425361
0.0414161
-0.0117531
-0.999073
0.438549
0.898706
-0.00129646
0.897359
-0.437812
0.0553831
0.0492056
-0.0254516
-0.998464
0.460457
0.88764
-0.00871074
0.886094
-0.459024
0.0643057
0.0530818
-0.0373285
-0.997892
0.481508
0.876259
-0.0178926
0.87463
-0.479101
0.0740581
0.0563218
-0.051309
-0.997093
0.504791
0.86277
-0.0285482
0.861298
-0.50116
0.0836922
0.0578999
-0.0668355
-0.996083
0.527625
0.848598
-0.0386372
0.847492
-0.52274
0.0921921
0.0580368
-0.0813876
-0.994991
0.54784
0.835328
-0.0458185
0.834529
-0.541838
0.0998641
0.058593
-0.0929464
-0.993946
0.567653
0.821625
-0.0519861
0.821185
-0.560597
0.106708
0.0585307
-0.103263
-0.99293
0.587653
0.807061
-0.0575916
0.807046
-0.579581
0.11297
0.057795
-0.112866
-0.991928
0.607118
0.792264
-0.0610289
0.792573
-0.598274
0.117879
0.0568792
-0.119936
-0.991151
0.62488
0.778162
-0.0631552
0.778667
-0.61533
0.122664
0.056591
-0.125827
-0.990437
0.642986
0.763209
-0.0638849
0.76389
-0.633076
0.125246
0.0551446
-0.129332
-0.990067
0.662018
0.746746
-0.0640456
0.747575
-0.651813
0.127558
0.0535077
-0.132325
-0.989761
0.679266
0.730977
-0.0653394
0.732077
-0.668639
0.130329
0.0515794
-0.136362
-0.989315
0.693786
0.717196
-0.0655046
0.718383
-0.682764
0.133264
0.0508522
-0.139514
-0.988913
0.707164
0.70417
-0.0637527
0.705188
-0.69589
0.135818
0.051274
-0.141003
-0.98868
0.720844
0.690331
-0.0618693
0.691299
-0.709677
0.135882
0.0498963
-0.14072
-0.988791
0.7344
0.675883
-0.0619549
0.67755
-0.724725
0.125297
0.0397859
-0.133996
-0.990183
0.747038
0.661975
-0.0610244
0.664166
-0.739246
0.111346
0.0285963
-0.12371
-0.991906
0.757734
0.64968
-0.0612719
0.652288
-0.751343
0.10002
0.0189449
-0.115756
-0.993097
0.769881
0.635133
-0.0623604
0.638101
-0.764487
0.0915788
0.010491
-0.110297
-0.993843
0.782647
0.619203
-0.0636483
0.62246
-0.778094
0.0843424
0.00270073
-0.105629
-0.994402
0.793801
0.604766
-0.064322
0.608167
-0.789947
0.0782069
-0.00351409
-0.101199
-0.99486
0.805764
0.588596
-0.0655691
0.592151
-0.802574
0.0723323
-0.0100496
-0.0971096
-0.995223
0.820122
0.568075
-0.0684879
0.571896
-0.817637
0.0663668
-0.018297
-0.0935968
-0.995442
0.83463
0.546142
-0.0715626
0.5502
-0.832756
0.061625
-0.0259382
-0.0908078
-0.995531
0.848752
0.523611
-0.0738346
0.527812
-0.847374
0.0580712
-0.0321588
-0.0882589
-0.995578
0.862472
0.500476
-0.0752646
0.50474
-0.861495
0.0553593
-0.037134
-0.0857349
-0.995626
0.875372
0.477301
-0.076857
0.481633
-0.874761
0.0531362
-0.0418695
-0.0835309
-0.995625
0.886731
0.455535
-0.078719
0.459943
-0.886474
0.0511436
-0.0464847
-0.0815568
-0.995584
0.896761
0.435125
-0.080539
0.439626
-0.89679
0.0499596
-0.050488
-0.0802089
-0.995499
0.905501
0.416122
-0.0831328
0.420788
-0.905823
0.049216
-0.0548238
-0.0795464
-0.995322
0.913117
0.398955
-0.0839834
0.403693
-0.913559
0.0494114
-0.0570109
-0.0790219
-0.995241
0.918546
0.386478
-0.0831084
0.391274
-0.918818
0.0517415
-0.0563645
-0.0800452
-0.995196
0.922838
0.376054
-0.0833891
0.381073
-0.922889
0.0553143
-0.0561577
-0.0828235
-0.994981
0.925885
0.368356
-0.0839712
0.373719
-0.925564
0.0605379
-0.0554212
-0.0874327
-0.994628
0.927666
0.363718
-0.084532
0.369383
-0.926998
0.065042
-0.0547041
-0.0915619
-0.994296
0.929138
0.359878
-0.0848003
0.365847
-0.928031
0.0701037
-0.0534686
-0.0961599
-0.993929
0.930958
0.355085
-0.0850434
0.361326
-0.929449
0.0746137
-0.0525493
-0.100191
-0.99358
0.931653
0.353303
-0.084855
0.359657
-0.929896
0.0770794
-0.0516739
-0.10233
-0.993407
0.931175
0.354933
-0.0832764
0.361102
-0.929368
0.0766883
-0.0501752
-0.101482
-0.993571
0.930832
0.356335
-0.0811003
0.362162
-0.929152
0.0742633
-0.0488919
-0.0984981
-0.993935
0.931862
0.352878
-0.0843284
0.358688
-0.930987
0.0678692
-0.0545591
-0.0934923
-0.994124
0.934352
0.345025
-0.0891346
0.350243
-0.935259
0.0511956
-0.0657001
-0.0790535
-0.994703
0.935999
0.337573
-0.0997479
0.341877
-0.939289
0.0292555
-0.0838163
-0.0614847
-0.994583
0.936592
0.332796
-0.109736
0.335783
-0.941892
0.0094159
-0.100226
-0.0456662
-0.993916
0.937097
0.328582
-0.117823
0.330301
-0.943861
-0.00519079
-0.112915
-0.0340529
-0.993021
0.936278
0.328992
-0.123075
0.329664
-0.943972
-0.0154523
-0.121263
-0.0261058
-0.992277
0.930841
0.342288
-0.127965
0.341166
-0.939483
-0.0312716
-0.130925
-0.0145486
-0.991286
0.923286
0.362072
-0.128249
0.359143
-0.932144
-0.0460887
-0.136234
-0.00350659
-0.990671
0.914673
0.384009
-0.126136
0.379908
-0.923323
-0.0560747
-0.137997
0.00336993
-0.990427
0.903855
0.409867
-0.122696
0.405037
-0.912115
-0.0631723
-0.137805
0.00740237
-0.990432
0.889242
0.443208
-0.113207
0.437004
-0.896234
-0.0761093
-0.135192
0.0182076
-0.990652
0.877398
0.469772
-0.0973988
0.462944
-0.882292
-0.085108
-0.125916
0.0295834
-0.9916
0.875274
0.478485
-0.0703339
0.473576
-0.877467
-0.0760123
-0.0980864
0.0332232
-0.994623
0.879478
0.474352
-0.038839
0.471799
-0.87966
-0.0600326
-0.0626417
0.0344731
-0.997441
0.889665
0.456432
-0.0128774
0.455932
-0.889524
-0.0295372
-0.0249365
0.020407
-0.999481
0.901647
0.432457
0.00366671
0.432355
-0.901567
0.0156929
0.0100923
-0.0125641
-0.99987
0.911756
0.410561
0.0118835
0.408858
-0.909975
0.0691348
0.0391978
-0.0581754
-0.997537
0.916367
0.400006
0.0163596
0.396043
-0.911744
0.108967
0.0585031
-0.0933745
-0.993911
0.916951
0.398785
0.0131066
0.393937
-0.910041
0.128991
0.0633672
-0.113115
-0.991559
0.917284
0.398198
0.00524876
0.393556
-0.908447
0.140845
0.0608524
-0.127129
-0.990018
0.918205
0.396078
0.0047313
0.389812
-0.90567
0.166758
0.0703342
-0.151274
-0.985986
0.91786
0.396559
0.016557
0.385251
-0.900169
0.203166
0.0954713
-0.180099
-0.979004
0.912035
0.409098
0.0288339
0.391717
-0.88979
0.234164
0.121452
-0.202271
-0.971769
0.898806
0.436424
0.0410077
0.41263
-0.873936
0.25685
0.147934
-0.213937
-0.965581
0.88121
0.469958
0.051078
0.440951
-0.856112
0.269508
0.170386
-0.21497
-0.961643
0.862272
0.502904
0.0597959
0.470083
-0.838693
0.274983
0.18844
-0.209001
-0.959588
0.841986
0.535137
0.0684681
0.499948
-0.821647
0.273768
0.20276
-0.196278
-0.959356
0.820388
0.566362
0.0787303
0.529638
-0.804543
0.26869
0.215518
-0.178732
-0.960004
0.801001
0.591822
0.0902402
0.553901
-0.789833
0.26336
0.227137
-0.160968
-0.960468
0.782015
0.615336
0.0990613
0.577467
-0.775146
0.256281
0.234486
-0.143211
-0.961513
0.763866
0.636696
0.105485
0.599937
-0.76078
0.247566
0.237875
-0.125823
-0.963112
0.744223
0.659126
0.108097
0.625112
-0.744344
0.23492
0.235303
-0.10726
-0.965985
0.723701
0.681111
0.111102
0.650584
-0.727053
0.219398
0.230212
-0.0864973
-0.969289
0.707815
0.696837
0.115829
0.668106
-0.713638
0.210605
0.229417
-0.0716831
-0.970685
0.688485
0.714786
0.122757
0.687012
-0.69701
0.205408
0.232386
-0.0570852
-0.970947
0.659195
0.741203
0.126808
0.716175
-0.670234
0.194627
0.229249
-0.0374807
-0.972646
0.630707
0.765127
0.129576
0.743413
-0.643616
0.181921
0.22259
-0.0184104
-0.974738
0.604803
0.785268
0.132542
0.766754
-0.619156
0.169514
0.215178
-0.000895731
-0.976574
0.579871
0.803331
0.135678
0.787865
-0.595331
0.157637
0.207408
0.0154863
-0.978132
0.555055
0.820078
0.139237
0.807041
-0.571473
0.148669
0.201491
0.0298504
-0.979035
0.53178
0.834702
0.143116
0.823403
-0.549118
0.143101
0.198034
0.0417434
-0.979306
0.508657
0.84876
0.144482
0.838831
-0.52636
0.138949
0.193984
0.0505183
-0.979703
0.488389
0.861156
0.141019
0.85225
-0.505434
0.134931
0.187473
0.0542852
-0.980769
0.475423
0.870422
0.127824
0.861722
-0.490004
0.131645
0.177221
0.047562
-0.983021
0.466143
0.878279
0.106473
0.869085
-0.4771
0.130641
0.165537
0.0316366
-0.985696
0.458696
0.884698
0.0831131
0.875251
-0.465975
0.129625
0.153408
0.0132864
-0.988074
0.449841
0.891218
0.0580913
0.882044
-0.453534
0.127695
0.140151
-0.0062034
-0.990111
0.441712
0.896459
0.0353873
0.888057
-0.442495
0.124709
0.127455
-0.0236595
-0.991562
0.442755
0.896544
0.0132548
0.889082
-0.44089
0.123086
0.116196
-0.0427126
-0.992307
0.454045
0.890931
-0.00921125
0.884686
-0.449588
0.123291
0.105703
-0.0641289
-0.992328
0.472703
0.880733
-0.029362
0.876112
-0.466117
0.123138
0.0947657
-0.0839321
-0.991955
0.497225
0.8664
-0.0460209
0.863635
-0.489165
0.121872
0.0830779
-0.100343
-0.991478
0.524552
0.84933
-0.0590262
0.848405
-0.515674
0.119535
0.0710864
-0.112781
-0.991074
0.552937
0.830444
-0.0679908
0.831027
-0.54372
0.117316
0.0604566
-0.121371
-0.990764
0.581451
0.810305
-0.0729408
0.81189
-0.572126
0.116215
0.0524381
-0.126793
-0.990542
0.609018
0.78962
-0.0748218
0.791787
-0.599712
0.115841
0.0465992
-0.129792
-0.990446
0.636021
0.768107
-0.0740817
0.770552
-0.626994
0.114579
0.0415603
-0.129959
-0.990648
0.661593
0.746516
-0.070774
0.748893
-0.652986
0.113001
0.0381426
-0.127763
-0.991071
0.68584
0.724838
-0.0650715
0.726835
-0.677743
0.111239
0.0365285
-0.123588
-0.991661
0.70919
0.702431
-0.0603346
0.704151
-0.701477
0.110009
0.0349506
-0.120502
-0.992098
0.728195
0.682966
-0.0573586
0.68449
-0.720469
0.111341
0.0347172
-0.12034
-0.992126
0.745084
0.664538
-0.0569223
0.666192
-0.737372
0.111676
0.0322398
-0.121129
-0.992113
0.760153
0.647067
-0.0589106
0.649155
-0.752477
0.111246
0.0276548
-0.122806
-0.992045
0.775306
0.62862
-0.0611378
0.631183
-0.767717
0.110533
0.0225465
-0.124286
-0.99199
0.7908
0.608897
-0.0622846
0.611789
-0.78322
0.110818
0.0186942
-0.12574
-0.991887
0.804934
0.589747
-0.0654264
0.593182
-0.797046
0.113367
0.0147098
-0.130063
-0.991397
0.818239
0.570777
-0.0685477
0.57478
-0.81005
0.115961
0.0106608
-0.134284
-0.990886
0.830584
0.552518
-0.0696757
0.556834
-0.822128
0.118498
0.00819023
-0.137221
-0.990507
0.84262
0.533829
-0.0708334
0.538482
-0.833969
0.120554
0.00528227
-0.139724
-0.990176
0.856361
0.511491
-0.0708723
0.51637
-0.847528
0.122709
0.00269833
-0.14168
-0.989909
0.870849
0.486018
-0.0735445
0.491544
-0.861837
0.124987
-0.00263736
-0.144995
-0.989429
0.884501
0.460022
-0.0777003
0.466453
-0.875176
0.128412
-0.00892918
-0.149824
-0.988672
0.896602
0.435107
-0.0823854
0.442578
-0.886803
0.133059
-0.0151646
-0.155763
-0.987678
0.907487
0.411186
-0.0859823
0.419579
-0.897205
0.137757
-0.0204998
-0.16109
-0.986727
0.917814
0.386787
-0.0895175
0.396142
-0.90713
0.142082
-0.0262485
-0.165866
-0.985799
0.927154
0.362811
-0.0935588
0.373273
-0.916032
0.146809
-0.0324391
-0.171037
-0.98473
0.935533
0.339568
-0.0973233
0.351148
-0.923933
0.151795
-0.0383755
-0.176184
-0.983609
0.943944
0.314611
-0.0999468
0.327225
-0.931697
0.157682
-0.0435115
-0.181549
-0.982419
0.952223
0.288016
-0.101576
0.30162
-0.939075
0.164815
-0.0479178
-0.187578
-0.98108
0.960243
0.259103
-0.103916
0.273997
-0.946029
0.173076
-0.0534628
-0.194668
-0.979411
0.967319
0.230069
-0.10659
0.24642
-0.952044
0.181356
-0.0597537
-0.201695
-0.977624
0.973498
0.201727
-0.107739
0.219282
-0.957126
0.189278
-0.0649371
-0.207887
-0.975995
0.978923
0.173378
-0.10793
0.191981
-0.961473
0.196756
-0.0696588
-0.213329
-0.974494
0.984108
0.13997
-0.109267
0.160036
-0.965753
0.204232
-0.0769382
-0.218473
-0.972805
0.988056
0.105325
-0.11248
0.127387
-0.96901
0.21164
-0.0867032
-0.223441
-0.970854
0.990558
0.0722621
-0.116507
0.0968392
-0.970341
0.221496
-0.0970456
-0.230687
-0.968176
0.990568
0.0642764
-0.12101
0.0905884
-0.96981
0.226412
-0.102803
-0.235239
-0.966485
0.988566
0.0824656
-0.126237
0.109518
-0.96814
0.225191
-0.103645
-0.236441
-0.966102
0.985667
0.110956
-0.127079
0.137221
-0.965496
0.221332
-0.0981365
-0.235597
-0.966883
0.981257
0.144539
-0.127449
0.16989
-0.961016
0.218141
-0.0909509
-0.235705
-0.967559
0.975675
0.178869
-0.126746
0.203181
-0.95492
0.216439
-0.0823179
-0.236926
-0.968034
0.96888
0.213144
-0.125861
0.236477
-0.947277
0.216204
-0.0731423
-0.239239
-0.968202
0.961004
0.247295
-0.12376
0.269431
-0.9381
0.217657
-0.0622738
-0.242514
-0.968147
0.951491
0.281861
-0.123363
0.303128
-0.927455
0.218952
-0.0526992
-0.245726
-0.967906
0.940509
0.316952
-0.122412
0.337143
-0.915275
0.220467
-0.0421637
-0.248621
-0.967683
0.927903
0.352649
-0.120975
0.371572
-0.901307
0.222668
-0.0305124
-0.251565
-0.967359
0.913342
0.38957
-0.118498
0.406837
-0.885228
0.22551
-0.0170459
-0.254177
-0.967007
0.895475
0.430082
-0.114692
0.445113
-0.865248
0.230698
-1.78127e-05
-0.257635
-0.966242
0.87505
0.471449
-0.109653
0.483658
-0.842712
0.236458
0.0190718
-0.259947
-0.965435
0.852732
0.511942
-0.103745
0.521018
-0.819452
0.238829
0.0372523
-0.25771
-0.965504
0.828554
0.551117
-0.0988338
0.557421
-0.795296
0.238299
0.0527288
-0.252536
-0.96615
0.803672
0.587916
-0.0920083
0.591289
-0.771551
0.234706
0.0669985
-0.24303
-0.967702
0.778098
0.622281
-0.0856193
0.623132
-0.747502
0.230105
0.0791893
-0.232396
-0.969392
0.75197
0.654594
-0.0777676
0.653001
-0.723562
0.223715
0.0901727
-0.219009
-0.971547
0.727603
0.68218
-0.0722764
0.679059
-0.701286
0.21697
0.0973265
-0.206948
-0.973499
0.704249
0.70693
-0.0654467
0.702192
-0.679993
0.211034
0.104683
-0.194577
-0.975285
0.682125
0.728934
-0.0579707
0.7226
-0.659799
0.20619
0.11205
-0.182537
-0.976793
0.66036
0.749406
-0.0481164
0.741361
-0.640384
0.200728
0.119614
-0.168225
-0.978465
0.638106
0.768981
-0.0385812
0.759826
-0.620827
0.192973
0.124441
-0.152452
-0.980445
0.615217
0.787846
-0.0284009
0.777918
-0.600833
0.183964
0.127871
-0.135271
-0.982523
0.591322
0.806163
-0.0209648
0.795908
-0.579218
0.176172
0.12988
-0.12086
-0.984136
0.566538
0.823957
-0.0113581
0.813259
-0.556853
0.168894
0.132837
-0.104922
-0.985569
0.543384
0.839483
-0.00141616
0.828549
-0.536033
0.161784
0.135056
-0.0890841
-0.986825
0.521389
0.853274
0.00879438
0.842386
-0.516326
0.154249
0.136157
-0.0730154
-0.987993
0.496436
0.867814
0.0212118
0.857245
-0.493944
0.145432
0.136685
-0.054014
-0.989141
0.479183
0.87703
0.0346723
0.867056
-0.479131
0.136555
0.136375
-0.035372
-0.990026
0.46842
0.882309
0.0459641
0.874109
-0.470378
0.121149
0.128511
-0.0165709
-0.99157
0.460353
0.886431
0.0481139
0.880908
-0.46285
0.0988519
0.109895
-0.00312287
-0.993938
0.455527
0.888983
0.0469494
0.885781
-0.457885
0.0757176
0.0888091
0.00709557
-0.996023
0.454636
0.889683
0.0420691
0.88818
-0.45639
0.0533422
0.0666576
0.0131136
-0.99769
0.455758
0.889161
0.0409534
0.8886
-0.457179
0.0371049
0.0517153
0.0194803
-0.998472
0.461524
0.885793
0.0486526
0.885918
-0.463064
0.0268578
0.0463197
0.0307067
-0.998455
0.469701
0.880967
0.0572448
0.881784
-0.471309
0.0180367
0.0428697
0.0420056
-0.998197
0.481415
0.874331
0.0615201
0.875519
-0.483002
0.0132608
0.0413087
0.0474781
-0.998018
0.501318
0.863067
0.0616077
0.864356
-0.502781
0.0100191
0.0396223
0.0482282
-0.99805
0.52817
0.84701
0.0600937
0.848529
-0.529149
0.000450432
0.03218
0.0507533
-0.998193
0.557311
0.828242
0.0584776
0.829992
-0.557648
-0.0118946
0.0227583
0.0551649
-0.998218
0.587156
0.807611
0.0548813
0.809374
-0.586796
-0.0241655
0.0126877
0.0586084
-0.9982
0.617126
0.785344
0.0488815
0.786862
-0.616081
-0.035948
0.00188346
0.0606475
-0.998157
0.64566
0.762437
0.0425648
0.763592
-0.644114
-0.0452129
-0.00705546
0.0616943
-0.99807
0.671376
0.740227
0.0363074
0.740986
-0.669531
-0.05166
-0.0139313
0.0615866
-0.998005
0.694306
0.71908
0.0293729
0.719386
-0.692279
-0.0568561
-0.0205498
0.060606
-0.99795
0.71655
0.697155
0.0230464
0.697022
-0.714364
-0.0620115
-0.0267681
0.0604982
-0.997809
0.738899
0.673644
0.0152416
0.672964
-0.736637
-0.0669712
-0.0338872
0.059742
-0.997638
0.763292
0.646023
0.00627855
0.644708
-0.76104
-0.0718974
-0.0416691
0.0589266
-0.997392
0.7901
0.612968
-0.00349941
0.611028
-0.78803
-0.0751862
-0.0488443
0.0572664
-0.997163
0.812434
0.582944
-0.0112915
0.580548
-0.810584
-0.0769286
-0.0539978
0.0559442
-0.996973
0.831202
0.555689
-0.0176563
0.553036
-0.829657
-0.0762896
-0.057042
0.0536475
-0.996929
0.849563
0.526876
-0.0254021
0.524089
-0.848567
-0.0725535
-0.0597821
0.0483257
-0.997041
0.865805
0.499377
-0.0316911
0.496509
-0.865244
-0.0695006
-0.0621275
0.0444391
-0.997078
0.877948
0.477352
-0.0366346
0.474391
-0.877703
-0.0677552
-0.0644974
0.0421064
-0.997029
0.886718
0.460635
-0.0393292
0.45767
-0.886658
-0.0661465
-0.065341
0.0406535
-0.997035
0.897327
0.43901
-0.0455467
0.435792
-0.897613
-0.066145
-0.0699217
0.0395048
-0.99677
0.909797
0.411721
-0.0524898
0.407759
-0.910237
-0.0721157
-0.0774697
0.0442075
-0.996014
0.920459
0.38627
-0.0595869
0.38166
-0.921181
-0.0758971
-0.0842071
0.0471182
-0.995334
0.928137
0.366781
-0.0635088
0.361876
-0.929046
-0.0769318
-0.0872197
0.0484209
-0.995012
0.935137
0.347319
-0.0699124
0.341934
-0.93644
-0.0784951
-0.0927316
0.0494983
-0.99446
0.944156
0.31872
-0.0835859
0.312656
-0.946656
-0.0780291
-0.103997
0.0475381
-0.993441
0.951806
0.291159
-0.0963986
0.284657
-0.955632
-0.0757535
-0.114178
0.0446621
-0.992456
0.957151
0.270019
-0.10465
0.263156
-0.961843
-0.0748803
-0.120876
0.0441324
-0.991686
0.958807
0.262869
-0.107657
0.255457
-0.963677
-0.0779055
-0.124225
0.0471947
-0.991131
0.956021
0.272719
-0.107926
0.264438
-0.960646
-0.0850394
-0.12687
0.0527597
-0.990515
0.950723
0.291176
-0.106498
0.281695
-0.95473
-0.0955921
-0.129511
0.0608816
-0.989707
0.94375
0.314175
-0.103098
0.303246
-0.946666
-0.108925
-0.131821
0.0715335
-0.988689
0.935925
0.33779
-0.0997094
0.32535
-0.937623
-0.122521
-0.134876
0.0822303
-0.987444
0.927767
0.360797
-0.0952578
0.346942
-0.928
-0.135823
-0.137404
0.0929637
-0.986143
0.919218
0.383217
-0.0904599
0.367963
-0.917815
-0.149059
-0.140147
0.103732
-0.984682
0.909322
0.407137
-0.0858686
0.39036
-0.906169
-0.162718
-0.14406
0.114444
-0.982929
0.897773
0.433027
-0.0805724
0.414786
-0.892719
-0.176084
-0.148178
0.124663
-0.981072
0.884691
0.4596
-0.0780286
0.439472
-0.878084
-0.189295
-0.155516
0.133176
-0.978815
0.871705
0.483744
-0.078245
0.461118
-0.863783
-0.203101
-0.165836
0.140964
-0.976026
0.859677
0.504487
-0.0803062
0.478745
-0.850492
-0.217865
-0.17821
0.148848
-0.972669
0.848312
0.523029
-0.0825084
0.493748
-0.837661
-0.233531
-0.191258
0.157369
-0.968842
0.836688
0.541428
-0.0825203
0.508672
-0.824069
-0.249325
-0.202994
0.166631
-0.964898
0.823056
0.56198
-0.0822054
0.525786
-0.808649
-0.263888
-0.214775
0.173972
-0.961044
0.806037
0.586144
-0.0820964
0.545745
-0.789724
-0.280175
-0.229056
0.181027
-0.956432
0.785056
0.614569
-0.0774099
0.569788
-0.765502
-0.298912
-0.24296
0.190555
-0.951136
0.766203
0.638703
-0.0706537
0.589931
-0.742734
-0.316746
-0.254783
0.201011
-0.945875
0.762165
0.644269
-0.0634188
0.594299
-0.735154
-0.326126
-0.256735
0.210872
-0.943197
0.77078
0.635408
-0.0464298
0.588784
-0.738269
-0.329077
-0.243376
0.226309
-0.943161
0.782292
0.622535
-0.0216562
0.583366
-0.744375
-0.324947
-0.218411
0.24157
-0.945484
0.795612
0.605689
0.011925
0.576322
-0.750677
-0.323011
-0.186693
0.263864
-0.94632
0.810029
0.584821
0.0428627
0.566184
-0.761002
-0.316719
-0.152605
0.28082
-0.94755
0.826013
0.559937
0.0646004
0.550968
-0.777929
-0.302094
-0.118899
0.285127
-0.951087
0.842875
0.53247
0.0777027
0.53096
-0.799498
-0.280866
-0.0874294
0.277991
-0.956596
0.856813
0.508561
0.0850712
0.512205
-0.820485
-0.25387
-0.0593089
0.261093
-0.96349
0.86674
0.490541
0.0901752
0.497619
-0.838281
-0.222845
-0.0337227
0.238022
-0.970674
0.875052
0.475191
0.0920721
0.483926
-0.854982
-0.186604
-0.00995278
0.207845
-0.978111
0.881108
0.463356
0.0945986
0.472739
-0.868432
-0.149481
0.0128894
0.17643
-0.984229
0.885003
0.455133
0.0980998
0.46432
-0.878309
-0.113934
0.0343068
0.146382
-0.988633
0.885999
0.452632
0.100648
0.460851
-0.883556
-0.0833392
0.051206
0.120222
-0.991426
0.87893
0.465519
0.1038
0.473151
-0.878446
-0.0667882
0.0600916
0.107815
-0.992353
0.866103
0.488216
0.10729
0.496367
-0.865346
-0.0692512
0.0590335
0.113234
-0.991813
0.85111
0.513145
0.110879
0.522332
-0.848918
-0.0806636
0.0527349
0.126569
-0.990555
0.839054
0.532125
0.11328
0.542265
-0.83482
-0.094997
0.0440179
0.141135
-0.989011
0.828947
0.547876
0.112604
0.558515
-0.821644
-0.113854
0.0301427
0.15727
-0.987096
0.815941
0.567451
0.110631
0.577976
-0.805128
-0.133089
0.013551
0.172535
-0.98491
0.798008
0.591935
0.113115
0.602646
-0.783638
-0.150763
-0.000600457
0.188479
-0.982077
0.776318
0.618926
0.119424
0.63022
-0.758381
-0.166379
-0.0124073
0.204427
-0.978803
0.757737
0.639488
0.129958
0.652329
-0.737001
-0.176908
-0.0173514
0.218826
-0.97561
0.751183
0.643142
0.148633
0.660094
-0.731801
-0.169541
-0.000269198
0.225468
-0.974251
0.759917
0.631504
0.154039
0.649729
-0.745026
-0.150956
0.0194335
0.214797
-0.976465
0.777459
0.611966
0.145103
0.628268
-0.766298
-0.134413
0.0289358
0.195664
-0.980244
0.797837
0.589491
0.126318
0.602183
-0.789256
-0.120215
0.0288315
0.171978
-0.984679
0.817353
0.565689
0.109222
0.57542
-0.810984
-0.10581
0.0287219
0.149333
-0.98837
0.834954
0.54233
0.0934307
0.549633
-0.830281
-0.0923967
0.0274642
0.1285
-0.991329
0.84986
0.521004
0.0793279
0.526452
-0.846206
-0.0823643
0.0242155
0.111761
-0.99344
0.863401
0.500274
0.0653061
0.504191
-0.860242
-0.075989
0.0181637
0.0985357
-0.994968
0.876969
0.477764
0.0516447
0.48042
-0.874134
-0.0713245
0.0110681
0.0873605
-0.996115
0.889442
0.455334
0.0395511
0.457028
-0.886876
-0.0676521
0.00427259
0.0782486
-0.996925
0.901268
0.43235
0.0281061
0.433255
-0.89897
-0.064369
-0.00256339
0.0701908
-0.99753
0.914029
0.405354
0.0154734
0.405502
-0.912006
-0.061758
-0.010922
0.0627231
-0.997971
0.925854
0.377859
0.00403939
0.377413
-0.924124
-0.0596092
-0.018791
0.056714
-0.998214
0.93441
0.356167
-0.00482898
0.355246
-0.932815
-0.0604627
-0.0260393
0.0547815
-0.998159
0.942165
0.334731
-0.0167276
0.333155
-0.940829
-0.0620408
-0.0365049
0.0528798
-0.997933
0.950079
0.310457
-0.0310932
0.308132
-0.949262
-0.0629064
-0.0490453
0.0501853
-0.997535
0.957213
0.285421
-0.0477246
0.282256
-0.957229
-0.0635906
-0.0638335
0.0473992
-0.996834
0.962654
0.262618
-0.0657976
0.25851
-0.963832
-0.0648058
-0.080437
0.0453763
-0.995726
0.965525
0.24726
-0.0813921
0.242485
-0.968026
-0.0642362
-0.0946728
0.0422853
-0.99461
0.967233
0.235287
-0.0953937
0.230162
-0.971193
-0.0617299
-0.10717
0.0377512
-0.993524
0.968562
0.222433
-0.111409
0.21716
-0.974437
-0.0575699
-0.121366
0.0315665
-0.992106
0.969659
0.209021
-0.126774
0.20371
-0.97756
-0.0536465
-0.135142
0.0261937
-0.99048
0.968753
0.207479
-0.135905
0.202184
-0.977975
-0.0518275
-0.143665
0.0227303
-0.989365
0.965939
0.219134
-0.137627
0.213856
-0.975468
-0.0522204
-0.145694
0.0210094
-0.989107
0.962197
0.235277
-0.13719
0.229785
-0.971697
-0.0548114
-0.146203
0.0212153
-0.989027
0.95674
0.257891
-0.134686
0.251961
-0.965897
-0.059655
-0.145477
0.0231387
-0.989091
0.94976
0.284391
-0.130683
0.277814
-0.958333
-0.0664579
-0.144138
0.0268135
-0.989194
0.941484
0.313028
-0.124988
0.30596
-0.949263
-0.0727232
-0.141411
0.0302265
-0.989489
0.931003
0.346389
-0.115097
0.339316
-0.937528
-0.0768455
-0.134525
0.0324889
-0.990377
0.918029
0.382435
-0.104717
0.375865
-0.92344
-0.0773626
-0.126286
0.0316617
-0.991488
0.904409
0.41531
-0.0977901
0.409232
-0.909209
-0.0765989
-0.120724
0.0292579
-0.992255
0.889598
0.447721
-0.0903434
0.442392
-0.893815
-0.0733778
-0.113603
0.0253096
-0.993204
0.874268
0.478349
-0.0826881
0.473818
-0.877915
-0.0690074
-0.105603
0.0211519
-0.994183
0.858854
0.50655
-0.076004
0.50272
-0.862039
-0.0645113
-0.0981966
0.0171971
-0.995018
0.842867
0.533712
-0.0687537
0.530524
-0.84555
-0.0599096
-0.0901092
0.0140203
-0.995833
0.823536
0.564055
-0.0602553
0.561318
-0.825633
-0.057027
-0.0819151
0.0131414
-0.996553
0.804145
0.592006
-0.0536651
0.589613
-0.80584
-0.0545745
-0.0755539
0.0122442
-0.997067
0.78604
0.616237
-0.0489214
0.614162
-0.78749
-0.0516187
-0.0703345
0.0105287
-0.997468
0.769684
0.636916
-0.043867
0.634992
-0.770852
-0.0507158
-0.0661167
0.01118
-0.997749
0.75571
0.653864
-0.0369292
0.652091
-0.756488
-0.0500361
-0.0606533
0.0137316
-0.998064
0.744724
0.666878
-0.0256726
0.665754
-0.745046
-0.040965
-0.046446
0.013416
-0.998831
0.739652
0.672813
-0.0154158
0.672208
-0.739703
-0.0312291
-0.0324144
0.0127361
-0.999393
0.740097
0.672453
-0.00795725
0.672205
-0.74007
-0.0208989
-0.0199425
0.0101183
-0.99975
0.743486
0.668746
-0.00282797
0.668708
-0.743479
-0.00830574
-0.00765697
0.00428411
-0.999962
0.750883
0.660432
0.00182737
0.66043
-0.750885
0.00187721
0.00261192
-0.000202717
-0.999997
0.763013
0.646377
0.00269226
0.646317
-0.762988
0.0111202
0.00924198
-0.00674477
-0.999935
0.777064
0.629421
-0.000516218
0.629268
-0.776857
0.0227068
0.0138911
-0.0179695
-0.999742
0.791374
0.611295
-0.0067153
0.611096
-0.790715
0.0364832
0.0169921
-0.0329756
-0.999312
0.804381
0.593967
-0.0132247
0.593776
-0.802972
0.0516375
0.0200519
-0.0493887
-0.998578
0.815656
0.578209
-0.0194664
0.578119
-0.81333
0.0653674
0.0219634
-0.0645713
-0.997671
0.822585
0.568189
-0.0227019
0.568223
-0.819787
0.0712171
0.0218541
-0.0714818
-0.997202
0.821125
0.570199
-0.0250172
0.57049
-0.818651
0.0659641
0.0171323
-0.0684369
-0.997508
0.816159
0.577075
-0.0294767
0.577719
-0.813956
0.060958
0.0111847
-0.0667806
-0.997705
0.808491
0.587682
-0.0311636
0.588438
-0.806446
0.0581784
0.00905867
-0.0653745
-0.99782
0.795269
0.605864
-0.0218345
0.606065
-0.793595
0.0537742
0.0152521
-0.0559981
-0.998314
0.776516
0.63001
-0.0105005
0.629683
-0.775293
0.0492061
0.0228594
-0.0448213
-0.998733
0.75958
0.650412
-0.00133941
0.649769
-0.758734
0.0460796
0.0289545
-0.0358714
-0.998937
0.743633
0.668542
0.00780064
0.667733
-0.743221
0.0419003
0.0338098
-0.0259497
-0.999091
0.72593
0.687523
0.018394
0.686856
-0.726085
0.0320842
0.0354142
-0.0106568
-0.999316
0.71324
0.700264
0.030314
0.699927
-0.713865
0.0223329
0.037279
0.00528888
-0.999291
0.71215
0.70045
0.0470325
0.700631
-0.71336
0.0152856
0.0442579
0.0220668
-0.998776
0.724858
0.685931
0.0638715
0.686679
-0.726847
0.0128841
0.0552624
0.0345201
-0.997875
0.746567
0.661334
0.0726294
0.66207
-0.749252
0.0168858
0.0655848
0.0354793
-0.997216
0.768534
0.634802
0.0798866
0.635311
-0.771939
0.0221491
0.0757278
0.0337305
-0.996558
0.789292
0.608932
0.0788728
0.608516
-0.792896
0.031987
0.0820159
0.0227483
-0.996371
0.811416
0.580517
0.067847
0.578723
-0.814245
0.045665
0.0817534
0.00221121
-0.99665
0.834202
0.548838
0.053701
0.54596
-0.835676
0.0597782
0.0776851
-0.0205485
-0.996766
0.856208
0.514672
0.0449575
0.511024
-0.856488
0.0726889
0.0759165
-0.0392625
-0.996341
0.873014
0.485901
0.041795
0.48145
-0.872334
0.0850772
0.0777984
-0.0541514
-0.995497
0.887068
0.45995
0.0394458
0.454568
-0.885186
0.0990644
0.0804815
-0.0699461
-0.994299
0.901021
0.432312
0.0356063
0.426329
-0.89771
0.111178
0.0800275
-0.0849934
-0.993162
0.91382
0.40489
0.0315774
0.398693
-0.909195
0.120037
0.0773117
-0.0971023
-0.992267
0.922504
0.384891
0.0290613
0.3787
-0.917081
0.124693
0.074645
-0.104025
-0.99177
0.927461
0.372898
0.0276137
0.366909
-0.921822
0.124985
0.0720617
-0.105787
-0.991774
0.931253
0.363475
0.0255759
0.357779
-0.925437
0.124743
0.0690098
-0.107017
-0.991859
0.933875
0.356824
0.0235357
0.351602
-0.928226
0.121541
0.0652151
-0.105229
-0.992307
0.930964
0.364322
0.0239982
0.359595
-0.926298
0.112537
0.063229
-0.0961379
-0.993358
0.923056
0.383738
0.0267041
0.379495
-0.919796
0.0997949
0.0628574
-0.0819822
-0.99465
0.911845
0.409266
0.0322484
0.405463
-0.910107
0.0854669
0.0643282
-0.064857
-0.995819
0.897382
0.439394
0.0404729
0.436198
-0.897206
0.0689408
0.0666048
-0.044212
-0.996799
0.880981
0.470651
0.0485742
0.468384
-0.882034
0.0513081
0.0669922
-0.0224501
-0.997501
0.863633
0.5008
0.0577713
0.499583
-0.865562
0.0349185
0.0674918
-0.00129521
-0.997719
0.845957
0.529173
0.065823
0.529085
-0.848329
0.0201946
0.066526
0.0177422
-0.997627
0.82511
0.560797
0.0685574
0.561839
-0.827232
0.00480776
0.0594091
0.0345513
-0.997636
0.804674
0.590044
0.0659376
0.591893
-0.805938
-0.0112504
0.0465034
0.0480809
-0.99776
0.786803
0.614192
0.0609032
0.616349
-0.787072
-0.0251561
0.0324845
0.0573304
-0.997827
0.768525
0.637406
0.0555216
0.639484
-0.768035
-0.0343933
0.02072
0.0619374
-0.997865
0.749129
0.660638
0.0486175
0.66235
-0.748121
-0.0400812
0.00989264
0.0622278
-0.998013
0.728303
0.684034
0.0408895
0.685255
-0.726968
-0.044083
-0.000428955
0.0601255
-0.998191
0.708687
0.704766
0.0326666
0.705464
-0.707268
-0.0457371
-0.00912993
0.0554584
-0.998419
0.692917
0.72075
0.0196411
0.720804
-0.691793
-0.0431739
-0.01753
0.0440733
-0.998874
0.680194
0.733028
-0.00227998
0.732404
-0.679737
-0.0392725
-0.0303376
0.0250431
-0.999226
0.664375
0.747179
-0.0181239
0.746223
-0.664495
-0.0399647
-0.0419041
0.0130271
-0.999037
0.639846
0.768079
-0.0255229
0.766968
-0.640313
-0.0419452
-0.0485599
0.00726322
-0.998794
0.610288
0.791653
-0.0288714
0.790436
-0.610957
-0.0440599
-0.0525194
0.00406823
-0.998612
0.582929
0.812086
-0.026654
0.810762
-0.583511
-0.0466826
-0.0534632
0.00560261
-0.998554
0.559199
0.828825
-0.018576
0.827322
-0.559344
-0.0517029
-0.053243
0.0135439
-0.99849
0.539358
0.842055
-0.0060584
0.840269
-0.538657
-0.0616231
-0.0551534
0.0281462
-0.998081
0.521555
0.853206
0.00459757
0.851166
-0.51992
-0.0721061
-0.059131
0.0415206
-0.997386
0.500566
0.865472
0.0197839
0.863745
-0.497772
-0.0785372
-0.0581239
0.0564013
-0.996715
0.478961
0.877056
0.036994
0.876107
-0.474948
-0.0828292
-0.0550757
0.0720826
-0.995877
0.464373
0.884151
0.05134
0.884054
-0.459294
-0.0865895
-0.052978
0.0855971
-0.99492
0.470008
0.880199
0.0658906
0.881231
-0.463687
-0.0917999
-0.0502496
0.101212
-0.993595
0.491602
0.867428
0.0767829
0.869579
-0.484284
-0.0964388
-0.046469
0.114178
-0.992373
0.522463
0.848022
0.088829
0.851763
-0.51429
-0.10003
-0.0391438
0.127923
-0.991011
0.551793
0.827799
0.10136
0.833499
-0.543255
-0.10076
-0.0283446
0.140082
-0.989734
0.574004
0.811007
0.113079
0.818718
-0.565912
-0.0971794
-0.0148207
0.148361
-0.988822
0.595224
0.793825
0.1247
0.80356
-0.58809
-0.0918789
0.000399256
0.154893
-0.987931
0.615281
0.775917
0.13922
0.788069
-0.609769
-0.0844294
0.0193818
0.161663
-0.986656
0.636767
0.755968
0.151791
0.770134
-0.633188
-0.0772476
0.0377158
0.166088
-0.985389
0.662399
0.733036
0.154552
0.747283
-0.661096
-0.06724
0.0528844
0.160034
-0.985694
0.690137
0.707535
0.152008
0.720597
-0.691232
-0.0542047
0.0667208
0.146945
-0.986892
0.716226
0.682028
0.147845
0.69337
-0.719473
-0.0399703
0.0791099
0.131139
-0.988202
0.736869
0.660462
0.144267
0.670018
-0.741897
-0.0257888
0.0899989
0.115665
-0.989203
0.752143
0.643584
0.141708
0.651381
-0.758659
-0.0117948
0.0999174
0.101178
-0.989838
0.76637
0.627578
0.137196
0.633321
-0.773886
0.00229601
0.107615
0.0851293
-0.990541
0.780127
0.611971
0.129979
0.615465
-0.788
0.0160988
0.112276
0.0674385
-0.991386
0.789015
0.601892
0.123209
0.604038
-0.796613
0.0233764
0.11222
0.0559785
-0.992105
0.79292
0.599963
0.106408
0.601043
-0.798819
0.0252063
0.100124
0.0439694
-0.994003
0.798876
0.595199
0.0868035
0.595576
-0.802931
0.0243272
0.0841767
0.0322636
-0.995928
0.804629
0.590225
0.06486
0.589993
-0.80703
0.0247143
0.0669309
0.0183812
-0.997588
0.807852
0.587991
0.0405202
0.587436
-0.808862
0.0257137
0.0478946
0.0030302
-0.998848
0.808149
0.588764
0.0158896
0.588172
-0.80816
0.0305141
0.0308069
-0.0153141
-0.999408
0.806264
0.591526
-0.00588169
0.591279
-0.805543
0.0386
0.0180949
-0.0345995
-0.999237
0.804391
0.593272
-0.0313551
0.594099
-0.803208
0.0436241
0.000696268
-0.0537189
-0.998556
0.802335
0.59374
-0.0610856
0.596531
-0.801132
0.0483471
-0.020232
-0.07523
-0.996961
0.79964
0.592527
-0.0974041
0.59876
-0.799057
0.0547174
-0.0454099
-0.102076
-0.99374
0.795208
0.589625
-0.141377
0.601397
-0.796692
0.0600277
-0.0772399
-0.132758
-0.988134
0.787717
0.588459
-0.182261
0.607162
-0.791652
0.0681274
-0.104197
-0.164327
-0.980887
0.777811
0.589905
-0.216846
0.616538
-0.783145
0.0810188
-0.122029
-0.196711
-0.972838
0.764583
0.595423
-0.246749
0.630128
-0.771021
0.0920017
-0.135469
-0.225826
-0.964702
0.749047
0.604155
-0.271893
0.646316
-0.756562
0.0994515
-0.14562
-0.250223
-0.957175
0.730964
0.615827
-0.29402
0.664236
-0.740853
0.0996375
-0.156466
-0.26813
-0.950592
0.709488
0.633348
-0.309027
0.684048
-0.724358
0.0859244
-0.169426
-0.272352
-0.947164
0.684027
0.657207
-0.316521
0.706439
-0.704973
0.0629021
-0.181799
-0.26663
-0.946498
0.661539
0.677892
-0.320669
0.724666
-0.687892
0.0407872
-0.192936
-0.25936
-0.946313
0.642556
0.694505
-0.323705
0.739457
-0.672761
0.0244258
-0.200812
-0.255061
-0.945843
0.62243
0.710745
-0.327754
0.755131
-0.655451
0.0126855
-0.205811
-0.255393
-0.944678
0.601232
0.726071
-0.333677
0.770592
-0.637327
0.00167717
-0.211444
-0.258137
-0.942686
0.585745
0.739941
-0.330742
0.782387
-0.622746
-0.00760808
-0.211598
-0.254312
-0.943691
0.570655
0.756142
-0.320317
0.793928
-0.60768
-0.0200849
-0.209837
-0.242847
-0.947098
0.555344
0.772235
-0.30862
0.804891
-0.592444
-0.0340713
-0.209151
-0.229484
-0.950575
0.540062
0.78727
-0.297555
0.814679
-0.577755
-0.0499783
-0.21126
-0.21542
-0.953396
0.524271
0.80246
-0.284953
0.824384
-0.562135
-0.0662931
-0.21338
-0.200156
-0.956246
0.510924
0.815635
-0.27147
0.832331
-0.548333
-0.0809724
-0.2149
-0.184582
-0.959035
0.505013
0.824478
-0.255339
0.836256
-0.540621
-0.0916827
-0.213632
-0.167227
-0.962495
0.501873
0.832194
-0.235745
0.839754
-0.534106
-0.0976913
-0.207211
-0.148939
-0.966892
0.501884
0.838141
-0.213616
0.842465
-0.529631
-0.0987118
-0.195872
-0.130422
-0.971918
0.504924
0.84335
-0.183883
0.843481
-0.527319
-0.102347
-0.18328
-0.103424
-0.977605
0.512186
0.845591
-0.15047
0.841537
-0.529109
-0.108902
-0.171702
-0.0708483
-0.982598
0.523909
0.843833
-0.116039
0.836332
-0.535438
-0.117703
-0.161453
-0.0353818
-0.986246
0.53815
0.838884
-0.08166
0.829416
-0.54431
-0.125678
-0.149877
-9.66386e-05
-0.988705
0.557176
0.82881
-0.0512695
0.819118
-0.558702
-0.129992
-0.136383
0.0304326
-0.990189
0.577284
0.816244
-0.0220961
0.807149
-0.574527
-0.135755
-0.123504
0.0605343
-0.990496
0.598671
0.800943
0.00915307
0.793587
-0.591545
-0.142454
-0.108683
0.0925469
-0.989759
0.620309
0.783259
0.0415058
0.779096
-0.609166
-0.148072
-0.0906944
0.124187
-0.988105
0.642177
0.76374
0.0656499
0.763129
-0.628869
-0.148855
-0.0724017
0.145691
-0.986677
0.66409
0.743151
0.0819188
0.745575
-0.650097
-0.1466
-0.0556911
0.158432
-0.985798
0.678693
0.728009
0.0968479
0.733189
-0.663999
-0.146763
-0.0425378
0.170615
-0.984419
0.686919
0.719066
0.105291
0.725809
-0.671499
-0.149302
-0.0366551
0.178979
-0.98317
0.692609
0.71246
0.112664
0.720358
-0.675163
-0.158869
-0.037121
0.191192
-0.98085
0.695968
0.708548
0.116567
0.717005
-0.676863
-0.166616
-0.0391551
0.199538
-0.979107
0.697935
0.705116
0.125291
0.715315
-0.677857
-0.169805
-0.0348028
0.208135
-0.977481
0.707556
0.692376
0.141352
0.706505
-0.688957
-0.16183
-0.0146617
0.214369
-0.976643
0.724543
0.67252
0.150845
0.689157
-0.710079
-0.144398
0.0100013
0.208578
-0.977955
0.74201
0.652725
0.152878
0.669545
-0.732992
-0.120139
0.0336401
0.191503
-0.980915
0.759738
0.631727
0.154013
0.647994
-0.755205
-0.0988378
0.0538729
0.17489
-0.983113
0.775405
0.613453
0.149742
0.628284
-0.773264
-0.0855706
0.0632963
0.160432
-0.985015
0.791747
0.594129
0.141939
0.606978
-0.791315
-0.0734785
0.0686629
0.14433
-0.987144
0.809777
0.571479
0.132937
0.582038
-0.811021
-0.0589712
0.0741141
0.125128
-0.989369
0.828824
0.545417
0.12478
0.553773
-0.831519
-0.0437176
0.0799125
0.105334
-0.991221
0.847168
0.518233
0.117221
0.52446
-0.850967
-0.0282083
0.0851329
0.0853751
-0.992705
0.864525
0.490522
0.109471
0.494402
-0.869178
-0.00979467
0.0903455
0.0625906
-0.993942
0.880784
0.463536
0.0967145
0.464594
-0.885434
0.0126477
0.0914969
0.0337931
-0.995232
0.892959
0.442085
0.0847677
0.44068
-0.896956
0.0356541
0.0917951
0.00551776
-0.995763
0.899975
0.429358
0.0754716
0.426023
-0.902938
0.0566333
0.0924621
-0.018816
-0.995538
0.902817
0.424967
0.065758
0.419657
-0.904065
0.0809644
0.0938567
-0.0455002
-0.994545
0.902738
0.42674
0.054382
0.419825
-0.901501
0.105086
0.0938698
-0.072034
-0.992975
0.900116
0.433086
0.0472018
0.425424
-0.89715
0.118898
0.0938401
-0.086941
-0.991784
0.897588
0.438367
0.0465837
0.430412
-0.894301
0.122355
0.0952961
-0.0897738
-0.991393
0.894855
0.443901
0.0467622
0.435797
-0.89153
0.123513
0.0965175
-0.0901476
-0.991241
0.891191
0.451922
0.0393076
0.445085
-0.887855
0.116674
0.0876273
-0.086484
-0.992392
0.886634
0.461312
0.0327484
0.456104
-0.88394
0.103051
0.0764862
-0.0764317
-0.994137
0.880208
0.473995
0.0237421
0.470601
-0.878191
0.085531
0.0613913
-0.0641119
-0.996053
0.874261
0.485255
0.0139867
0.483348
-0.872784
0.0679942
0.045202
-0.0526842
-0.997588
0.871086
0.49097
0.0125385
0.489401
-0.869877
0.0616485
0.0411745
-0.0475648
-0.998019
0.870771
0.491533
0.0123558
0.490181
-0.869793
0.0564134
0.038476
-0.0430666
-0.998331
0.867593
0.497077
0.0140322
0.495731
-0.866777
0.0543028
0.0391554
-0.0401565
-0.998426
0.857473
0.514529
-0.00036989
0.513912
-0.85641
0.0495703
0.0251886
-0.0426953
-0.998771
0.839692
0.542601
-0.0223959
0.543033
-0.838494
0.0451937
0.00574328
-0.0501105
-0.998727
0.823118
0.566421
-0.0405395
0.567749
-0.822319
0.0381279
-0.01174
-0.0544
-0.99845
0.806329
0.588953
-0.0544728
0.590807
-0.806356
0.0271481
-0.0279355
-0.0540733
-0.998146
0.786858
0.613439
-0.067428
0.615506
-0.788015
0.0135971
-0.0447933
-0.0522014
-0.997631
0.766259
0.637837
-0.0775385
0.639704
-0.768621
-0.000980202
-0.0602229
-0.0488506
-0.996989
0.74502
0.661801
-0.0834582
0.663075
-0.748395
-0.0153939
-0.0726474
-0.0438703
-0.996392
0.723258
0.6851
-0.086814
0.685515
-0.727454
-0.0296549
-0.0834698
-0.0380642
-0.995783
0.701144
0.707397
-0.0893648
0.706635
-0.706122
-0.0453854
-0.0952079
-0.0313265
-0.994964
0.678963
0.72889
-0.0879135
0.726594
-0.68428
-0.0618212
-0.105218
-0.0219032
-0.994208
0.655026
0.750465
-0.0879958
0.746433
-0.660763
-0.0789358
-0.117383
-0.0139779
-0.992988
0.628891
0.772552
-0.0875207
0.766587
-0.634917
-0.0960521
-0.129774
-0.00668592
-0.991521
0.603621
0.792569
-0.0864635
0.784308
-0.609781
-0.114139
-0.143187
0.00108293
-0.989695
0.581849
0.809298
-0.0805472
0.798421
-0.587254
-0.132878
-0.15484
0.0130046
-0.987854
0.566584
0.820812
-0.0724592
0.807128
-0.570536
-0.151768
-0.165914
0.0275056
-0.985757
0.555829
0.828829
-0.0640007
0.812737
-0.557984
-0.167667
-0.174679
0.0411787
-0.983764
0.547141
0.835208
-0.0553522
0.817725
-0.54747
-0.177773
-0.178781
0.0520043
-0.982514
0.541733
0.839395
-0.0440591
0.821365
-0.539776
-0.184394
-0.178561
0.0637036
-0.981864
0.542675
0.839131
-0.0369143
0.821892
-0.539561
-0.182668
-0.1732
0.0687899
-0.982481
0.548933
0.835249
-0.0321131
0.819055
-0.545162
-0.178739
-0.166798
0.0718132
-0.983372
0.559319
0.82842
-0.0297107
0.813527
-0.555441
-0.17222
-0.159173
0.0721556
-0.98461
0.571413
0.820175
-0.0282814
0.806768
-0.56772
-0.163765
-0.150372
0.0707612
-0.986094
0.583729
0.811574
-0.0246635
0.799306
-0.579715
-0.158244
-0.142724
0.072658
-0.987092
0.597646
0.801453
-0.0222032
0.790136
-0.593454
-0.153286
-0.136028
0.0740675
-0.987932
0.610844
0.791524
-0.0189689
0.781589
-0.606657
-0.145206
-0.126441
0.0738721
-0.98922
0.622363
0.782534
-0.0174426
0.77352
-0.618297
-0.139196
-0.11971
0.0731382
-0.990111
0.633309
0.773804
-0.0121204
0.765384
-0.62858
-0.138113
-0.114491
0.0781912
-0.990342
0.646896
0.762543
-0.00728968
0.754535
-0.641429
-0.138728
-0.110462
0.0842425
-0.990304
0.659931
0.751325
-0.0016113
0.743722
-0.653554
-0.14052
-0.10663
0.0915354
-0.990076
0.673107
0.739541
0.00257776
0.732898
-0.666586
-0.1361
-0.0989329
0.0934988
-0.990692
0.690872
0.722972
0.00258992
0.717525
-0.685218
-0.125037
-0.0886236
0.0882429
-0.992149
0.710739
0.703456
4.3882e-08
0.699019
-0.706256
-0.11214
-0.0788856
0.0797024
-0.993692
0.729259
0.684185
-0.00851088
0.680528
-0.726542
-0.0949622
-0.0711552
0.0634602
-0.995444
0.74708
0.664527
-0.0165793
0.661882
-0.745951
-0.0739543
-0.061512
0.0442762
-0.997124
0.763886
0.645008
-0.0210507
0.643526
-0.763771
-0.0502815
-0.0485099
0.0248627
-0.998513
0.778107
0.627734
-0.0223431
0.627289
-0.778413
-0.0241189
-0.0325324
0.00475151
-0.999459
0.789302
0.613687
-0.0197677
0.613801
-0.789461
-0.000352911
-0.0158224
-0.0118549
-0.999805
0.79758
0.602952
-0.0177458
0.603209
-0.797344
0.019526
-0.00237628
-0.026278
-0.999652
0.804013
0.594391
-0.0161965
0.594558
-0.803276
0.0353274
0.00798801
-0.0380334
-0.999245
0.808446
0.588376
-0.0151424
0.588365
-0.807213
0.0472648
0.0155863
-0.0471203
-0.998768
0.809466
0.586925
-0.0168504
0.586872
-0.807818
0.0548729
0.0185942
-0.0543068
-0.998351
0.806064
0.591503
-0.0196335
0.591553
-0.804233
0.0572275
0.0180604
-0.0577433
-0.998168
0.797876
0.602445
-0.0213304
0.602549
-0.795951
0.0582801
0.0181326
-0.0593529
-0.998072
0.782812
0.622005
-0.0177626
0.621898
-0.781067
0.0563641
0.021185
-0.055169
-0.998252
0.763271
0.645948
-0.0129554
0.64565
-0.761882
0.0516904
0.0235188
-0.0478184
-0.998579
0.742986
0.669281
-0.0058648
0.668684
-0.741889
0.049616
0.028856
-0.0407857
-0.998751
0.721866
0.69203
0.00223667
0.691148
-0.721102
0.048231
0.0349902
-0.0332705
-0.998834
0.699789
0.714284
0.00972375
0.713208
-0.699375
0.04701
0.040379
-0.025962
-0.998847
0.676764
0.736018
0.0163931
0.734862
-0.676708
0.0452121
0.0443702
-0.0185513
-0.998843
0.651604
0.758148
0.0249777
0.757166
-0.65205
0.0391353
0.045957
-0.00658846
-0.998922
0.626901
0.778291
0.0354675
0.777668
-0.627859
0.0320206
0.0471899
0.00750827
-0.998858
0.606904
0.793313
0.0481784
0.793219
-0.608394
0.0257197
0.0497152
0.0226066
-0.998508
0.595928
0.800287
0.0664169
0.801164
-0.598147
0.0188714
0.0548296
0.0419648
-0.997613
0.59618
0.798367
0.0847335
0.80061
-0.599076
0.0115009
0.0599437
0.0609819
-0.996337
0.601486
0.792795
0.0984397
0.796314
-0.604857
0.00564725
0.0640191
0.0749922
-0.995127
0.608246
0.786448
0.10741
0.790827
-0.612032
0.00292653
0.0680397
0.0831623
-0.994211
0.619355
0.776412
0.116553
0.781647
-0.62372
0.001259
0.0736738
0.0903233
-0.993184
0.633253
0.764154
0.122714
0.769918
-0.638143
0.000707086
0.0788496
0.0940321
-0.992442
0.652832
0.747302
0.123895
0.753514
-0.657413
-0.00509901
0.0776395
0.0966852
-0.992282
0.673559
0.729871
0.116648
0.735883
-0.676978
-0.0133269
0.0692409
0.0948154
-0.993084
0.686438
0.719063
0.108399
0.724807
-0.6886
-0.0220315
0.0588016
0.0936918
-0.993863
0.693677
0.713828
0.0962377
0.718794
-0.69463
-0.0287316
0.0463401
0.0891055
-0.994944
0.699048
0.709532
0.0888585
0.713864
-0.699684
-0.0290001
0.0415964
0.0837053
-0.995622
0.706219
0.70279
0.0856797
0.706745
-0.706976
-0.0263907
0.0420264
0.0791913
-0.995973
0.715528
0.693497
0.0841466
0.697167
-0.716545
-0.0228293
0.0444628
0.0749993
-0.996192
0.723301
0.685765
0.0810048
0.689067
-0.724422
-0.0199959
0.0449692
0.0702808
-0.996513
0.740965
0.668049
0.068419
0.670308
-0.741931
-0.0150302
0.0407213
0.0569987
-0.997543
0.765137
0.641809
0.051446
0.643045
-0.765754
-0.0106878
0.0325354
0.0412597
-0.998619
0.782506
0.621446
0.0386024
0.621989
-0.783021
-0.00270941
0.0285427
0.0261304
-0.999251
0.787886
0.614927
0.0331871
0.615053
-0.788451
0.00748293
0.0307678
0.0145161
-0.999421
0.786288
0.617124
0.0301684
0.616977
-0.786837
0.0150619
0.0330326
0.0067702
-0.999431
0.778457
0.626913
0.0313712
0.626675
-0.77907
0.0181335
0.0358085
0.00554333
-0.999343
0.768032
0.639583
0.0325553
0.639373
-0.768689
0.017874
0.0364569
0.00708718
-0.99931
0.753753
0.6563
0.0335629
0.656237
-0.754417
0.0144225
0.0347859
0.0111543
-0.999333
0.737704
0.674307
0.0332071
0.674314
-0.738336
0.0126669
0.0330594
0.0130475
-0.999368
0.719664
0.693459
0.0346168
0.69352
-0.720335
0.0121515
0.0333623
0.0152624
-0.999327
0.697447
0.715524
0.0399196
0.715675
-0.698314
0.0129155
0.0371177
0.0195616
-0.999119
0.674808
0.736779
0.0423183
0.736845
-0.675847
0.0170318
0.0411494
0.0196888
-0.998959
0.654106
0.755169
0.0431852
0.755014
-0.655298
0.0231995
0.0458187
0.0174305
-0.998798
0.63218
0.773481
0.0455649
0.773234
-0.633555
0.0267724
0.0495759
0.0183074
-0.998603
0.605376
0.794265
0.0516085
0.794139
-0.607094
0.0279201
0.0535072
0.0240822
-0.998277
0.578347
0.813871
0.0559333
0.813692
-0.580417
0.0319588
0.058475
0.0270292
-0.997923
0.555715
0.829375
0.057608
0.828805
-0.558109
0.0399543
0.0652886
0.0255427
-0.997539
0.534372
0.843128
0.0598462
0.841839
-0.537234
0.0518406
0.0758597
0.0226787
-0.996861
0.517283
0.853623
0.0612102
0.850952
-0.52064
0.0693855
0.0910975
0.016195
-0.99571
0.510925
0.857603
0.0589348
0.853343
-0.514271
0.0856226
0.103739
0.00654482
-0.994583
0.510081
0.858096
0.0590609
0.852964
-0.513482
0.0937414
0.110766
0.00256116
-0.993843
0.505356
0.860115
0.0694136
0.854859
-0.509981
0.0955739
0.117604
0.01104
-0.992999
0.50132
0.861571
0.0798363
0.856826
-0.507167
0.0929019
0.120532
0.0218322
-0.992469
0.498743
0.862184
0.0888562
0.85855
-0.50549
0.0858593
0.118942
0.0334659
-0.992337
0.500201
0.861798
0.0842807
0.858568
-0.506253
0.0810516
0.112517
0.0318186
-0.99314
0.505618
0.85987
0.0705306
0.857138
-0.509959
0.0725058
0.0983132
0.0237942
-0.994871
0.512032
0.857565
0.0490457
0.85571
-0.514225
0.0577263
0.0747247
0.0124112
-0.997127
0.504862
0.862728
0.0285462
0.861563
-0.505665
0.0448565
0.0531337
0.00194801
-0.998586
0.482135
0.876063
0.00768774
0.875409
-0.482085
0.0353978
0.0347168
-0.0103366
-0.999344
0.453596
0.891113
-0.0129504
0.891054
-0.4532
0.0251645
0.0165553
-0.022954
-0.999599
0.424509
0.905083
-0.0248247
0.905424
-0.424342
0.0119323
0.000265592
-0.0275423
-0.999621
0.399443
0.916405
-0.0254226
0.916657
-0.399658
-0.00379808
-0.0136409
-0.0217867
-0.99967
0.375261
0.926753
-0.0175646
0.926514
-0.37559
-0.0224719
-0.027423
-0.007841
-0.999593
0.350262
0.936628
-0.00658902
0.93573
-0.350221
-0.0418918
-0.0415447
0.00850758
-0.9991
0.325358
0.945575
0.00542498
0.944033
-0.324487
-0.059236
-0.0542518
0.0243943
-0.998229
0.299251
0.954021
0.0171048
0.951895
-0.29725
-0.0744147
-0.0659088
0.0385507
-0.997081
0.275812
0.960815
0.0276184
0.958432
-0.272717
-0.0838711
-0.0730526
0.0496029
-0.996094
0.274182
0.960769
0.0417942
0.959006
-0.269924
-0.0863002
-0.0716333
0.0637428
-0.995392
0.296145
0.953769
0.0512084
0.952981
-0.291445
-0.0829904
-0.0642293
0.0733778
-0.995234
0.330204
0.941962
0.0606
0.94217
-0.32502
-0.0817188
-0.0572798
0.0840794
-0.994811
0.362645
0.929081
0.0727758
0.930631
-0.356917
-0.0808514
-0.0491426
0.0970477
-0.994066
0.396521
0.91375
0.0885028
0.917249
-0.390374
-0.0791379
-0.037763
0.112559
-0.992927
0.430103
0.896193
0.108852
0.902542
-0.424084
-0.0746398
-0.0207294
0.130346
-0.991252
0.456034
0.878474
0.142538
0.889949
-0.451031
-0.0675435
0.00495369
0.157653
-0.987482
0.474838
0.860989
0.182282
0.879505
-0.471683
-0.0631345
0.0316213
0.190297
-0.981217
0.505648
0.835308
0.215824
0.860218
-0.507253
-0.0521469
0.0659187
0.212024
-0.975039
0.55008
0.8016
0.2342
0.828082
-0.559872
-0.0286891
0.108125
0.209718
-0.971765
0.586825
0.77083
0.247904
0.796442
-0.604694
-0.0050669
0.146
0.200414
-0.968771
0.618581
0.741972
0.258525
0.765219
-0.643569
0.0160918
0.178319
0.187874
-0.96587
0.645739
0.717359
0.261567
0.736384
-0.675654
0.035078
0.201892
0.169962
-0.964548
0.670076
0.697563
0.253779
0.710747
-0.701546
0.0516905
0.214095
0.145736
-0.96588
0.693161
0.680117
0.238682
0.68708
-0.723546
0.0663583
0.217828
0.117996
-0.968828
0.717494
0.663222
0.212931
0.662265
-0.744252
0.0865679
0.215888
0.078905
-0.973225
0.740036
0.648137
0.179628
0.638896
-0.760898
0.113346
0.210143
0.0308832
-0.977183
