0.0584115
-0.998214
0.0125505
-0.998293
-0.0584121
0.000318958
0.000414713
-0.0125477
-0.999921
0.058151
-0.998229
0.0125505
-0.998308
-0.0581515
0.000318958
0.000411438
-0.0125478
-0.999921
0.0578923
-0.998244
0.0125504
-0.998323
-0.0578928
0.000323348
0.000403797
-0.0125481
-0.999921
0.0581635
-0.998228
0.0125502
-0.998307
-0.058164
0.000331398
0.000399157
-0.0125482
-0.999921
0.0583548
-0.998217
0.01255
-0.998296
-0.0583552
0.000338716
0.000394244
-0.0125484
-0.999921
0.0584119
-0.998214
0.0125498
-0.998292
-0.0584122
0.000345302
0.000388376
-0.0125485
-0.999921
0.0585125
-0.998206
0.0126765
-0.998287
-0.0585135
0.000292942
0.000449329
-0.0126719
-0.99992
0.0586241
-0.998195
0.0130494
-0.99828
-0.0586266
0.000194522
0.00057087
-0.0130383
-0.999915
0.0585489
-0.998179
0.0145111
-0.998284
-0.0585541
6.98114e-05
0.000779998
-0.0144903
-0.999895
0.0576385
-0.998122
0.0207535
-0.998337
-0.05762
0.00148721
-0.000288602
-0.0208047
-0.999784
0.0552637
-0.998307
0.0181378
-0.998408
-0.0550462
0.0122784
-0.0112592
-0.0187875
-0.99976
0.0525587
-0.998472
0.0170369
-0.998335
-0.0521304
0.0246795
-0.0237537
-0.0183056
-0.99955
0.050672
-0.998571
0.0169542
-0.998254
-0.0501255
0.0312382
-0.0303437
-0.0185075
-0.999368
0.0480166
-0.998706
0.0167706
-0.998269
-0.0474115
0.0347876
-0.0339475
-0.0184119
-0.999254
0.0486618
-0.998699
0.015232
-0.998202
-0.0480918
0.0357825
-0.0350034
-0.0169458
-0.999244
0.0487902
-0.998694
0.0151322
-0.998196
-0.0482238
0.0357686
-0.0349922
-0.01685
-0.999246
0.048912
-0.998718
0.0130233
-0.998196
-0.0484236
0.0354919
-0.0348157
-0.0147358
-0.999285
0.0480781
-0.99878
0.0112932
-0.998239
-0.0476526
0.0353284
-0.0347471
-0.0129719
-0.999312
0.0483643
-0.998792
0.00867632
-0.998206
-0.0480252
0.0357602
-0.0353004
-0.0103903
-0.999323
0.0501893
-0.998736
0.00278539
-0.998114
-0.050059
0.0355337
-0.0353494
-0.00456355
-0.999365
0.0569441
-0.998376
0.00144565
-0.997989
-0.0568815
0.0279855
-0.0278579
-0.00303635
-0.999607
0.0666196
-0.997764
0.00537167
-0.997667
-0.0665305
0.0153346
-0.014943
-0.00638072
-0.999868
0.0757093
-0.99704
0.0133868
-0.997129
-0.0757159
1.86244e-05
0.000995024
-0.0133498
-0.99991
0.0856933
-0.996091
0.021445
-0.996237
-0.0859472
-0.0112098
0.0130091
-0.0204037
-0.999707
0.0919644
-0.995426
0.0258775
-0.995592
-0.0923978
-0.0160793
0.0183968
-0.0242847
-0.999536
0.0939306
-0.995105
0.0307086
-0.995328
-0.0945541
-0.0195216
0.0223297
-0.0287314
-0.999338
0.0942803
-0.994992
0.0332076
-0.995257
-0.0950036
-0.0209159
0.023966
-0.0310782
-0.99923
0.0945784
-0.994891
0.0353207
-0.995302
-0.0952372
-0.0174555
0.0207302
-0.0335038
-0.999224
0.0964052
-0.994727
0.0349868
-0.995173
-0.0969768
-0.0150225
0.0183362
-0.0333697
-0.999275
0.0981711
-0.994529
0.0357111
-0.995
-0.098754
-0.0149391
0.0183839
-0.0340659
-0.99925
0.0992504
-0.994399
0.0363285
-0.994891
-0.0998447
-0.0149225
0.0184662
-0.0346618
-0.999228
0.0992548
-0.994274
0.0395898
-0.99489
-0.0998981
-0.0146126
0.0184839
-0.0379371
-0.999109
0.101658
-0.993872
0.043397
-0.994606
-0.102444
-0.0162632
0.0206093
-0.0415097
-0.998926
0.103063
-0.993659
0.0449419
-0.994383
-0.104021
-0.0195284
0.0240795
-0.0426768
-0.998799
0.10338
-0.993687
0.0435757
-0.994362
-0.104291
-0.0191684
0.023592
-0.0413484
-0.998866
0.101978
-0.993884
0.0423692
-0.994575
-0.102743
-0.0162788
0.0205324
-0.0404792
-0.998969
0.103329
-0.993752
0.0421951
-0.994443
-0.104074
-0.0158535
0.0201459
-0.0403225
-0.998984
0.10507
-0.993437
0.0451926
-0.994259
-0.105864
-0.0155425
0.0202247
-0.0433002
-0.998857
0.105026
-0.993366
0.0468313
-0.994334
-0.105674
-0.0115644
0.0164366
-0.0453513
-0.998836
0.103934
-0.993478
0.0468987
-0.994515
-0.104368
-0.00689083
0.0117406
-0.0459253
-0.998876
0.108794
-0.992785
0.050413
-0.993996
-0.109243
-0.00623715
0.0116994
-0.0494318
-0.998709
0.124037
-0.98994
0.0680717
-0.992013
-0.125297
-0.0145479
0.0229307
-0.0657235
-0.997574
0.14174
-0.986061
0.0871424
-0.988985
-0.144851
-0.0304511
0.0426494
-0.0818664
-0.99573
0.155824
-0.983024
0.0968607
-0.985783
-0.160999
-0.0480797
0.062858
-0.0879917
-0.994136
0.166423
-0.980591
0.103655
-0.982367
-0.173965
-0.0684983
0.0852012
-0.0904276
-0.992252
0.173845
-0.978795
0.108345
-0.978784
-0.183854
-0.0904364
0.108438
-0.0903249
-0.989991
0.180158
-0.977128
0.112974
-0.974905
-0.192647
-0.111568
0.13078
-0.0900393
-0.987314
0.187013
-0.97574
0.113833
-0.971002
-0.201174
-0.129164
0.148931
-0.0863765
-0.985068
0.187867
-0.975864
0.111336
-0.970404
-0.201926
-0.132445
0.15173
-0.0831585
-0.984918
0.187646
-0.975933
0.111101
-0.970441
-0.20168
-0.132549
0.151766
-0.0829443
-0.98493
0.187611
-0.975941
0.11109
-0.970459
-0.201638
-0.132485
0.151697
-0.0829529
-0.98494
0.185722
-0.976004
0.113684
-0.970798
-0.200138
-0.132273
0.151852
-0.0857984
-0.984672
0.185827
-0.975441
0.118248
-0.970736
-0.200883
-0.131595
0.152117
-0.0903334
-0.984226
0.183314
-0.975473
0.121853
-0.971215
-0.198889
-0.131088
0.152108
-0.0943149
-0.983854
0.180213
-0.975734
0.124365
-0.970684
-0.196858
-0.137908
0.159044
-0.0958666
-0.982606
0.177675
-0.976536
0.121696
-0.969751
-0.194775
-0.147124
0.167375
-0.0918742
-0.981603
0.175405
-0.977396
0.118026
-0.969472
-0.192347
-0.152074
0.171338
-0.0877481
-0.981297
0.174091
-0.977927
0.115549
-0.969095
-0.19097
-0.156156
0.174776
-0.084793
-0.98095
0.174712
-0.977817
0.115545
-0.968189
-0.191958
-0.160507
0.179126
-0.0838268
-0.980248
0.176039
-0.977579
0.115543
-0.966731
-0.193816
-0.166932
0.185583
-0.0823121
-0.979175
0.178604
-0.977386
0.113212
-0.964563
-0.196639
-0.175928
0.194212
-0.0777789
-0.977871
0.178138
-0.977889
0.109543
-0.963384
-0.195992
-0.182973
0.200396
-0.0729377
-0.976996
0.17716
-0.978059
0.109612
-0.961157
-0.195889
-0.194436
0.211641
-0.0709084
-0.974772
0.162958
-0.980539
0.109486
-0.962702
-0.182316
-0.199916
0.215987
-0.0728242
-0.973677
0.143754
-0.983628
0.108676
-0.967197
-0.162889
-0.19493
0.209441
-0.077089
-0.974778
0.12203
-0.986582
0.108465
-0.972351
-0.140756
-0.186335
0.199102
-0.082728
-0.976481
0.0998033
-0.988778
0.111165
-0.975844
-0.119089
-0.183155
0.194338
-0.0902004
-0.976779
0.0713866
-0.990677
0.116028
-0.979393
-0.0916516
-0.179971
0.188927
-0.100789
-0.976805
0.0367495
-0.991909
0.121517
-0.983076
-0.0577223
-0.173866
0.179474
-0.113071
-0.977243
0.00230861
-0.991873
0.127212
-0.985556
-0.0237981
-0.167669
0.169334
-0.124987
-0.977601
-0.0299808
-0.990839
0.131677
-0.98625
0.00790529
-0.165068
0.162515
-0.134815
-0.977453
-0.0582144
-0.988908
0.136649
-0.985655
0.0352147
-0.165059
0.158416
-0.144298
-0.976771
-0.0835975
-0.98612
0.143456
-0.984666
0.0596241
-0.163946
0.153117
-0.154962
-0.975983
-0.107044
-0.982789
0.150556
-0.983284
0.0822097
-0.162462
0.147289
-0.16543
-0.975161
-0.129129
-0.979191
0.156561
-0.981277
0.103427
-0.162473
0.1429
-0.174609
-0.974213
-0.148573
-0.975
0.165233
-0.979188
0.121685
-0.162429
0.138262
-0.185927
-0.972787
-0.168811
-0.96964
0.176922
-0.97701
0.1409
-0.159998
0.130212
-0.199864
-0.971133
-0.189426
-0.964445
0.184292
-0.975072
0.162679
-0.150897
0.115551
-0.208282
-0.971219
-0.2111
-0.957777
0.195193
-0.972106
0.184832
-0.144387
0.102212
-0.220228
-0.970078
-0.239748
-0.949103
0.204265
-0.967223
0.215375
-0.134513
0.0836731
-0.229818
-0.96963
-0.25217
-0.945105
0.207813
-0.964597
0.228364
-0.131917
0.0772181
-0.233721
-0.969233
-0.245139
-0.946195
0.211241
-0.965144
0.217575
-0.145457
0.0916695
-0.239535
-0.96655
-0.240576
-0.943406
0.228274
-0.964729
0.206511
-0.163253
0.106873
-0.259497
-0.959812
-0.23428
-0.939783
0.24884
-0.965117
0.194058
-0.175757
0.116884
-0.281336
-0.952464
-0.229697
-0.939695
0.253404
-0.965828
0.187962
-0.178454
0.120062
-0.285735
-0.950758
-0.227758
-0.9402
0.253277
-0.966208
0.185978
-0.178479
0.120702
-0.285368
-0.950787
-0.227256
-0.940346
0.253187
-0.96629
0.185439
-0.178596
0.120991
-0.285239
-0.950789
-0.226984
-0.940398
0.253239
-0.966354
0.185175
-0.178522
0.120988
-0.285241
-0.950789
-0.225905
-0.940205
0.254914
-0.966672
0.183999
-0.178016
0.120468
-0.286633
-0.950436
-0.224832
-0.940524
0.254686
-0.967002
0.183226
-0.17702
0.119827
-0.286082
-0.950683
-0.221847
-0.941689
0.252994
-0.967743
0.180866
-0.175385
0.1194
-0.283742
-0.951438
-0.213911
-0.943919
0.251514
-0.969358
0.173278
-0.174128
0.120781
-0.281055
-0.952061
-0.200594
-0.947461
0.249158
-0.971734
0.16011
-0.173489
0.124481
-0.276916
-0.952797
-0.185625
-0.950419
0.249493
-0.974114
0.14465
-0.173721
0.129019
-0.275281
-0.952667
-0.171709
-0.952152
0.252829
-0.976474
0.130515
-0.171652
0.130441
-0.276355
-0.952162
-0.157063
-0.952645
0.260383
-0.979238
0.11601
-0.166239
0.12816
-0.281086
-0.951086
-0.13928
-0.951912
0.272881
-0.982151
0.0976141
-0.160779
0.126411
-0.290404
-0.948518
-0.11136
-0.952091
0.28482
-0.986588
0.0714978
-0.146737
0.119343
-0.29734
-0.947283
-0.0789599
-0.952325
0.294691
-0.992287
0.0467472
-0.114806
0.0955565
-0.301484
-0.948671
-0.0465986
-0.95161
0.303753
-0.996607
0.0236366
-0.0788393
0.0678446
-0.306397
-0.949483
-0.0307089
-0.951517
0.306061
-0.99841
0.0147191
-0.0544161
0.0472729
-0.307245
-0.950456
-0.0388664
-0.951771
0.304339
-0.998629
0.0263133
-0.045242
0.0350518
-0.30568
-0.951489
-0.0462202
-0.950951
0.305871
-0.998738
0.0379719
-0.0328653
0.0196388
-0.307004
-0.951506
-0.0461396
-0.948713
0.312754
-0.998931
0.0428901
-0.0172657
0.00296609
-0.313217
-0.949677
-0.0334405
-0.947444
0.31817
-0.999276
0.0374757
0.00656822
-0.0181466
-0.31772
-0.948011
-0.0100419
-0.948826
0.31564
-0.998971
0.0234823
0.0388071
-0.0442331
-0.314925
-0.948085
0.0277239
-0.955293
0.294358
-0.997312
-0.00645504
0.0729825
-0.0678196
-0.29559
-0.952905
0.0636653
-0.96138
0.267759
-0.994575
-0.0390072
0.0964272
-0.0822587
-0.272446
-0.958648
0.0952132
-0.96407
0.247998
-0.991822
-0.0706024
0.106327
-0.0849972
-0.256093
-0.962908
0.129555
-0.968052
0.214687
-0.987757
-0.107021
0.113501
-0.086899
-0.226763
-0.970066
0.162823
-0.970008
0.180481
-0.982862
-0.143437
0.11579
-0.0864298
-0.196241
-0.976739
0.19258
-0.970107
0.147664
-0.977531
-0.176516
0.115218
-0.0857086
-0.166535
-0.982304
0.220315
-0.968282
0.11786
-0.971842
-0.207544
0.11157
-0.08357
-0.139122
-0.986743
0.249293
-0.964628
0.0857032
-0.964965
-0.23995
0.106141
-0.0818219
-0.109161
-0.990651
0.278146
-0.959307
0.0486244
-0.957265
-0.272667
0.0964145
-0.0792329
-0.0733637
-0.994153
0.302756
-0.952965
0.0140011
-0.950449
-0.300803
0.0785166
-0.070612
-0.0370787
-0.996814
0.320123
-0.947293
-0.0125558
-0.946126
-0.320353
0.0471194
-0.0486582
-0.00320458
-0.99881
0.33299
-0.942388
-0.0319728
-0.942802
-0.333313
0.00520227
-0.0155595
0.0284118
-0.999475
0.345211
-0.937271
-0.0485052
-0.938216
-0.34331
-0.0434633
0.0240846
0.0605123
-0.997877
0.351135
-0.934176
-0.0634015
-0.934368
-0.345222
-0.0881945
0.0605016
0.0902086
-0.994083
0.347089
-0.935876
-0.0605497
-0.932601
-0.337623
-0.12754
0.0989186
0.100736
-0.989983
0.330105
-0.943164
-0.0383755
-0.93506
-0.321164
-0.150055
0.129202
0.0854175
-0.987933
0.31122
-0.950244
-0.0133175
-0.939608
-0.305576
-0.154144
0.142405
0.0604861
-0.987959
0.295993
-0.955139
0.00983918
-0.943376
-0.293932
-0.153772
0.149766
0.0362335
-0.988057
0.291284
-0.956523
0.0147113
-0.944926
-0.290084
-0.151544
0.149223
0.0302413
-0.988341
0.289984
-0.956954
0.0122048
-0.945491
-0.288438
-0.151166
0.148179
0.0322962
-0.988433
0.290239
-0.956927
0.00716589
-0.945614
-0.287941
-0.151344
0.146889
0.0371498
-0.988455
0.290176
-0.956965
0.00390117
-0.945369
-0.287288
-0.154087
0.148577
0.0410243
-0.98805
0.289857
-0.957061
0.00408231
-0.944628
-0.286772
-0.159499
0.153821
0.0423758
-0.98719
0.289514
-0.957169
0.00295859
-0.943571
-0.285918
-0.167107
0.160796
0.0455882
-0.985934
0.286975
-0.957931
0.00379706
-0.942965
-0.283185
-0.174993
0.168707
0.0466382
-0.984562
0.279641
-0.960098
-0.00345099
-0.944553
-0.274465
-0.180248
0.172109
0.0536644
-0.983615
0.276965
-0.960726
-0.0171715
-0.945184
-0.269181
-0.184847
0.172965
0.0674263
-0.982617
0.271628
-0.962007
-0.0275703
-0.946961
-0.262048
-0.186001
0.17171
0.076631
-0.982163
0.267501
-0.96313
-0.0287166
-0.94795
-0.257709
-0.187023
0.172727
0.0772508
-0.981936
0.266927
-0.963203
-0.0314639
-0.94751
-0.256336
-0.191092
0.175995
0.0808199
-0.981068
0.252615
-0.967346
-0.0206855
-0.947578
-0.243017
-0.207456
0.195655
0.0720078
-0.978026
0.234846
-0.971934
-0.0138332
-0.949003
-0.226179
-0.219629
0.210336
0.0647068
-0.975485
0.223287
-0.974726
-0.0072722
-0.950319
-0.216024
-0.224113
0.216878
0.0569526
-0.974536
0.205093
-0.97873
0.0050366
-0.952855
-0.200841
-0.227441
0.223615
0.0418474
-0.973779
0.192046
-0.981298
0.0131312
-0.95522
-0.189978
-0.226856
0.225108
0.0310236
-0.97384
0.184142
-0.982607
0.0240016
-0.956003
-0.184723
-0.227892
0.228361
0.0190189
-0.973391
0.178696
-0.983291
0.0347402
-0.957403
-0.181914
-0.224248
0.226821
0.0068119
-0.973913
0.17397
-0.983822
0.0427625
-0.961116
-0.179091
-0.210195
0.214453
-0.00453214
-0.976724
0.172612
-0.983572
0.0528352
-0.964075
-0.179699
-0.195622
0.201902
-0.0171704
-0.979255
0.173793
-0.982665
0.0645347
-0.965209
-0.182974
-0.186793
0.195363
-0.0298262
-0.980277
0.174427
-0.981855
0.0744064
-0.965253
-0.185431
-0.184126
0.194582
-0.0397045
-0.980082
0.17542
-0.980845
0.0846773
-0.964978
-0.188346
-0.182599
0.19505
-0.0496803
-0.979534
0.176163
-0.979937
0.0932202
-0.965515
-0.190456
-0.177505
0.191698
-0.0587357
-0.979695
0.178244
-0.978507
0.103695
-0.965785
-0.194148
-0.17195
0.188387
-0.0694979
-0.979633
0.181059
-0.976924
0.113303
-0.965538
-0.198475
-0.168357
0.18696
-0.0789161
-0.979193
0.184547
-0.975764
0.117588
-0.963992
-0.203019
-0.171761
0.191471
-0.0816565
-0.978096
0.190412
-0.975456
0.110587
-0.961352
-0.208096
-0.180272
0.19886
-0.0719868
-0.97738
0.194735
-0.974687
0.109837
-0.958637
-0.212826
-0.188999
0.207591
-0.0684886
-0.975815
0.195409
-0.974175
0.113133
-0.95766
-0.214409
-0.192134
0.211429
-0.0707986
-0.974826
0.196604
-0.973153
0.119666
-0.957067
-0.216987
-0.192194
0.213
-0.076742
-0.974034
0.198815
-0.971103
0.132029
-0.956162
-0.221758
-0.191254
0.215006
-0.0882172
-0.97262
0.202333
-0.96958
0.137752
-0.95544
-0.226308
-0.189521
0.21493
-0.0932679
-0.972166
0.209588
-0.967282
0.142963
-0.953453
-0.234593
-0.189457
0.216796
-0.096601
-0.971426
0.220109
-0.964514
0.145823
-0.950376
-0.245728
-0.190796
0.219858
-0.096591
-0.970738
0.234727
-0.962304
0.137386
-0.948654
-0.257604
-0.183563
0.212034
-0.0872445
-0.97336
0.251748
-0.960109
0.121714
-0.948599
-0.269719
-0.165567
0.19179
-0.0737762
-0.978659
0.264233
-0.958319
0.108657
-0.949025
-0.278423
-0.147755
0.171849
-0.0640763
-0.983037
0.274534
-0.956374
0.0999019
-0.948876
-0.286272
-0.132977
0.155775
-0.0582879
-0.986071
0.28274
-0.954709
0.0926808
-0.948397
-0.292707
-0.121923
0.14353
-0.0534256
-0.988203
0.28938
-0.953567
0.0834813
-0.948001
-0.297574
-0.112888
0.132488
-0.0464729
-0.990095
0.294522
-0.952728
0.074603
-0.947648
-0.301244
-0.105901
0.123369
-0.039507
-0.991574
0.299311
-0.952102
0.0625641
-0.947278
-0.304373
-0.100111
0.114359
-0.0293013
-0.993007
0.30203
-0.952099
0.0478014
-0.947783
-0.305291
-0.0922217
0.102398
-0.0174517
-0.99459
0.302292
-0.952507
0.0367294
-0.948694
-0.304384
-0.0856185
0.0927321
-0.0089631
-0.995651
0.299564
-0.953726
0.0258264
-0.950399
-0.300675
-0.0796005
0.0836825
-0.000699934
-0.996492
0.297727
-0.954506
0.0166499
-0.951336
-0.2981
-0.078082
0.0794931
0.0074074
-0.996808
0.294276
-0.955719
0.00193428
-0.952564
-0.293468
-0.0806114
0.0776095
0.0218795
-0.996744
0.2909
-0.956724
-0.00748911
-0.953239
-0.289152
-0.0878963
0.081927
0.0327079
-0.996101
0.286724
-0.957895
-0.0150495
-0.953932
-0.284019
-0.0966835
0.0883383
0.0420777
-0.995201
0.281614
-0.959307
-0.0205623
-0.954758
-0.278016
-0.105568
0.0955557
0.0493615
-0.994199
0.279716
-0.959693
-0.0273634
-0.954433
-0.274869
-0.116205
0.104
0.058621
-0.992848
0.279407
-0.959548
-0.034637
-0.953794
-0.273219
-0.125011
0.110491
0.0679655
-0.991551
0.278002
-0.959777
-0.0392844
-0.953837
-0.270982
-0.129476
0.113623
0.0734656
-0.990804
0.275993
-0.960297
-0.0407009
-0.954523
-0.268874
-0.128812
0.112754
0.0744012
-0.990833
0.271078
-0.961743
-0.0395867
-0.956705
-0.264673
-0.121097
0.105986
0.0706994
-0.991851
0.264609
-0.963626
-0.0375181
-0.958786
-0.258706
-0.11748
0.1035
0.067058
-0.992366
0.252447
-0.967083
-0.0319579
-0.961983
-0.247285
-0.115929
0.10421
0.0600088
-0.992743
0.237846
-0.97104
-0.0225785
-0.965755
-0.233942
-0.112194
0.103663
0.0484902
-0.99343
0.220697
-0.975302
-0.00882553
-0.970135
-0.218576
-0.10518
0.100653
0.0317749
-0.994414
0.202544
-0.979238
0.00831623
-0.974172
-0.202347
-0.100221
0.0998231
0.0121977
-0.99493
0.184991
-0.982394
0.0260714
-0.977607
-0.186668
-0.097161
0.100317
-0.00751374
-0.994927
0.16748
-0.984881
0.0442623
-0.980658
-0.171038
-0.0951623
0.101294
-0.0274684
-0.994477
0.152716
-0.986379
0.0611094
-0.983034
-0.157973
-0.0932148
0.101599
-0.0458372
-0.993769
0.143393
-0.987138
0.0706894
-0.984545
-0.149544
-0.0911505
0.100549
-0.0565265
-0.993325
0.13765
-0.987701
0.0741584
-0.985433
-0.144114
-0.0902963
0.099873
-0.0606488
-0.99315
0.137035
-0.987621
0.0763262
-0.985474
-0.143729
-0.0904641
0.100315
-0.0628207
-0.992971
0.140064
-0.987203
0.0762336
-0.984612
-0.146994
-0.0945113
0.104508
-0.0618229
-0.992601
0.145197
-0.986754
0.0723453
-0.983731
-0.151796
-0.0960768
0.105786
-0.0572183
-0.992741
0.152026
-0.986164
0.0660894
-0.983027
-0.157813
-0.0935593
0.102695
-0.0507441
-0.993418
0.161935
-0.985441
0.0518083
-0.982214
-0.166016
-0.0877138
0.0950377
-0.0366829
-0.994798
0.174194
-0.983964
0.0383624
-0.980455
-0.176928
-0.0860508
0.0914583
-0.0226231
-0.995552
0.184144
-0.982638
0.0226656
-0.979077
-0.185411
-0.0838479
0.0865946
-0.00675129
-0.996221
0.18835
-0.982047
0.0104212
-0.978792
-0.188575
-0.0800378
0.0805661
0.00487489
-0.996737
0.190684
-0.98165
-0.00195333
-0.978948
-0.190011
-0.0745466
0.0728075
0.016127
-0.997216
0.190134
-0.981628
-0.0159602
-0.979807
-0.188707
-0.0660929
0.0618669
0.0282044
-0.997686
0.192043
-0.981138
-0.0220976
-0.979639
-0.190309
-0.0639477
0.0585361
0.0339283
-0.997709
0.197805
-0.979804
-0.0292801
-0.978004
-0.195248
-0.0733863
0.0661873
0.0431523
-0.996874
0.203848
-0.97855
-0.0297579
-0.97491
-0.200126
-0.0974693
0.0894233
0.0488803
-0.994794
0.204381
-0.978406
-0.0308092
-0.973001
-0.199603
-0.115883
0.107231
0.0536616
-0.992785
0.200985
-0.978789
-0.0397025
-0.974756
-0.195805
-0.107291
0.0972409
0.0602641
-0.993435
0.20185
-0.978384
-0.0449513
-0.975331
-0.196609
-0.100375
0.0893677
0.0641032
-0.993934
0.202348
-0.977864
-0.0532616
-0.975793
-0.196714
-0.0955588
0.0829662
0.0713084
-0.993998
0.199704
-0.977577
-0.0667989
-0.977021
-0.19348
-0.0894142
0.074485
0.0831203
-0.993752
0.198164
-0.97713
-0.0771214
-0.977575
-0.191306
-0.0880328
0.0712657
0.0928368
-0.993128
0.195415
-0.976968
-0.0857122
-0.978257
-0.187988
-0.0875997
0.0694692
0.100967
-0.992461
0.192931
-0.97702
-0.0906098
-0.978627
-0.184901
-0.090005
0.0711828
0.106038
-0.991811
0.188412
-0.977669
-0.093077
-0.979462
-0.180133
-0.0905894
0.0718002
0.108234
-0.991529
0.181986
-0.978847
-0.0934853
-0.980629
-0.173665
-0.0905955
0.072444
0.108161
-0.99149
0.177035
-0.979871
-0.0922547
-0.981309
-0.168551
-0.0928663
0.0754474
0.106971
-0.991395
0.171562
-0.981028
-0.0902788
-0.98198
-0.162914
-0.0957877
0.0792628
0.105085
-0.991299
0.165419
-0.982113
-0.089949
-0.982932
-0.156735
-0.0963261
0.0805049
0.104348
-0.991277
0.158698
-0.983585
-0.0858844
-0.983703
-0.150069
-0.0990339
0.0845196
0.100201
-0.991371
0.152641
-0.985069
-0.0796209
-0.983702
-0.143692
-0.10809
0.0950353
0.0948222
-0.990948
0.146366
-0.986589
-0.0722386
-0.983193
-0.137028
-0.120644
0.109128
0.0886827
-0.990064
0.141598
-0.987663
-0.0668772
-0.982506
-0.131961
-0.131405
0.120959
0.084314
-0.98907
0.140126
-0.988174
-0.0622652
-0.980644
-0.129823
-0.146571
0.136754
0.0815984
-0.987239
0.14116
-0.988102
-0.0610508
-0.977832
-0.129528
-0.164518
0.154653
0.0829208
-0.984483
0.142131
-0.987894
-0.0621649
-0.975318
-0.129047
-0.179169
0.168978
0.086096
-0.981852
0.134644
-0.988847
-0.0636601
-0.974271
-0.120393
-0.190529
0.18074
0.0876757
-0.979615
0.117878
-0.991357
-0.057583
-0.973738
-0.10402
-0.202517
0.194777
0.0799432
-0.977584
0.0898844
-0.994568
-0.0524993
-0.975575
-0.0773145
-0.205612
0.200436
0.0696983
-0.977224
0.0663883
-0.99704
-0.0387781
-0.975941
-0.056796
-0.21051
0.207684
0.0518205
-0.976822
0.059711
-0.997659
-0.033346
-0.975904
-0.0513204
-0.212077
0.209869
0.0452058
-0.976684
0.0571012
-0.997781
-0.0342345
-0.977051
-0.0488008
-0.207341
0.20521
0.0452882
-0.97767
0.0517939
-0.997821
-0.0408736
-0.978746
-0.0425863
-0.200608
0.19843
0.0503951
-0.978819
0.0408519
-0.998336
-0.0407029
-0.978786
-0.0318
-0.2024
0.200769
0.0481079
-0.978457
0.0179325
-0.999661
-0.0188726
-0.978609
-0.0136794
-0.205276
0.204948
0.02215
-0.978522
-2.23521e-05
-0.999933
0.0115909
-0.979229
-0.00232826
-0.202745
0.202758
-0.0113547
-0.979163
-0.0139505
-0.999007
0.04231
-0.979695
0.00519237
-0.200426
0.200007
-0.044247
-0.978795
-0.0280644
-0.9972
0.0693102
-0.979701
0.013671
-0.199999
0.198491
-0.0735161
-0.977342
-0.0435562
-0.994508
0.0951632
-0.980025
0.0240313
-0.197417
0.194046
-0.101861
-0.97569
-0.0526048
-0.992185
0.113143
-0.982034
0.0308375
-0.186166
0.181222
-0.120903
-0.975982
-0.0496183
-0.991534
0.11999
-0.985941
0.0294341
-0.164479
0.159554
-0.126464
-0.979055
-0.0386046
-0.991522
0.124072
-0.990889
0.0219522
-0.132881
0.129031
-0.128071
-0.983336
-0.0221762
-0.991618
0.127289
-0.994828
0.00926365
-0.101152
0.0991249
-0.128874
-0.986694
-0.00526437
-0.991591
0.129301
-0.997493
-0.00391696
-0.0706507
0.0705631
-0.129349
-0.989085
0.0127018
-0.991327
0.1308
-0.998955
-0.0183244
-0.0418727
0.0439064
-0.130132
-0.990524
0.0580836
-0.991243
0.118591
-0.99829
-0.0584523
0.000369844
0.00656533
-0.11841
-0.992943
0.114384
-0.98819
0.10196
-0.993198
-0.111503
0.0335419
-0.0217769
-0.105103
-0.994223
0.159972
-0.983406
0.0855718
-0.986266
-0.155622
0.0553321
-0.041097
-0.0932481
-0.994794
0.203584
-0.976582
0.0695716
-0.977645
-0.198961
0.0680062
-0.0525716
-0.0818613
-0.995256
0.241978
-0.969238
0.0450028
-0.968568
-0.238536
0.0705401
-0.0576354
-0.0606575
-0.996493
0.278014
-0.960378
0.0195423
-0.959034
-0.276358
0.0622873
-0.0544187
-0.0360585
-0.997867
0.305278
-0.952211
-0.00998295
-0.950999
-0.305396
0.0483192
-0.0490588
-0.005257
-0.998782
0.320325
-0.946647
-0.0353675
-0.946626
-0.321288
0.0259637
-0.0359416
0.025163
-0.999037
0.330766
-0.942069
-0.0556768
-0.943611
-0.331022
-0.00483786
-0.0138726
0.0541375
-0.998437
0.332449
-0.940193
-0.0742606
-0.943064
-0.330526
-0.0371965
0.0104269
0.0823984
-0.996545
0.318769
-0.942887
-0.0966982
-0.947025
-0.312626
-0.0735452
0.0391144
0.11502
-0.992593
0.296919
-0.94768
-0.117225
-0.951808
-0.283843
-0.116169
0.0768174
0.146068
-0.986288
0.275029
-0.95172
-0.136335
-0.955468
-0.254786
-0.148878
0.106955
0.171209
-0.979412
0.248044
-0.956599
-0.152948
-0.959585
-0.220951
-0.174289
0.132931
0.189998
-0.972744
0.213954
-0.963703
-0.15969
-0.962961
-0.180613
-0.200215
0.164106
0.196612
-0.966651
0.177475
-0.970753
-0.161685
-0.965128
-0.139558
-0.221477
0.192435
0.195353
-0.961668
0.14204
-0.976813
-0.160192
-0.965494
-0.101031
-0.240028
0.218278
0.188758
-0.957458
0.106199
-0.981983
-0.156303
-0.964978
-0.063861
-0.254439
0.239873
0.17785
-0.954374
0.0687986
-0.986535
-0.148373
-0.963434
-0.0270961
-0.26657
0.258961
0.161287
-0.952326
0.0321031
-0.989512
-0.140837
-0.961862
0.00771055
-0.273426
0.271645
0.144243
-0.951527
-0.0051713
-0.991544
-0.129665
-0.960594
0.0409614
-0.274919
0.277906
0.123134
-0.952684
-0.0417632
-0.992467
-0.115172
-0.960238
0.0717179
-0.269815
0.276042
0.0993238
-0.956
-0.075359
-0.992144
-0.0998539
-0.961378
0.0988735
-0.256857
0.264712
0.0766408
-0.961277
-0.10385
-0.991017
-0.0842696
-0.962813
0.121417
-0.241349
0.249413
0.0560718
-0.966773
-0.129476
-0.989218
-0.0684368
-0.963828
0.141767
-0.225694
0.232962
0.0367394
-0.971792
-0.150246
-0.987171
-0.0540388
-0.965809
0.158237
-0.205366
0.211282
0.0213358
-0.977192
-0.161713
-0.985765
-0.0459943
-0.969925
0.16736
-0.176738
0.18192
0.0160302
-0.983183
-0.153493
-0.987035
-0.046917
-0.975941
0.158866
-0.149331
0.154849
0.0228669
-0.987674
-0.138635
-0.989086
-0.0498944
-0.98131
0.143985
-0.127665
0.133456
0.031263
-0.990562
-0.130483
-0.990378
-0.0460937
-0.984424
0.134944
-0.112694
0.117829
0.0306711
-0.99256
-0.118084
-0.992188
-0.0402515
-0.987301
0.121647
-0.102167
0.106265
0.027676
-0.993953
-0.0923697
-0.994915
-0.0401477
-0.990843
0.0958298
-0.0951133
0.098477
0.0309945
-0.994657
-0.0589665
-0.997374
-0.0420422
-0.99368
0.0626734
-0.093121
0.0955114
0.0362855
-0.994767
-0.0326948
-0.998103
-0.052164
-0.994974
0.037446
-0.0928719
0.094649
0.0488653
-0.994311
-0.0163372
-0.998488
-0.0524789
-0.994863
0.0214774
-0.0989293
0.0999069
0.0505931
-0.99371
-0.00629671
-0.998756
-0.0494668
-0.994768
0.0113006
-0.101538
0.10197
0.0485686
-0.993601
-0.00311115
-0.99875
-0.0498875
-0.994811
0.00816444
-0.101413
0.101693
0.0493131
-0.993593
-0.00106825
-0.99875
-0.04997
-0.995029
0.00603776
-0.0994052
0.0995827
0.0496154
-0.993792
0.00153342
-0.99882
-0.0485344
-0.99575
0.00294429
-0.0920527
0.092087
0.0484692
-0.994571
0.00677793
-0.998638
-0.0517233
-0.997213
-0.00290675
-0.0745552
0.0743033
0.0520845
-0.995875
0.0183111
-0.998332
-0.0547557
-0.998601
-0.0155438
-0.0505461
0.0496106
0.0556047
-0.99722
0.0355016
-0.998052
-0.0512941
-0.998769
-0.0336545
-0.0364365
0.0346392
0.0525246
-0.998019
0.0598437
-0.99734
-0.0416178
-0.997734
-0.0584792
-0.0332658
0.0307435
0.0435143
-0.99858
0.090305
-0.995229
-0.0369354
-0.995538
-0.0891894
-0.0308141
0.0273728
0.0395532
-0.998842
0.118175
-0.992377
-0.0349566
-0.99285
-0.117487
-0.0211314
0.0168634
0.0372039
-0.999165
0.144497
-0.988838
-0.0363431
-0.989503
-0.144476
-0.00322362
-0.00206307
0.0364274
-0.999334
0.169117
-0.984799
-0.0396336
-0.985216
-0.170031
0.0209351
-0.0273558
0.0355072
-0.998995
0.190046
-0.980951
-0.0402176
-0.980554
-0.191693
0.0420377
-0.0489464
0.0314464
-0.998306
0.208613
-0.977209
-0.0392841
-0.975626
-0.210735
0.0611966
-0.0680804
0.0255601
-0.997352
0.21916
-0.975127
-0.0331203
-0.972783
-0.220999
0.0696582
-0.0752451
0.0169526
-0.997021
0.217016
-0.975741
-0.0288748
-0.972865
-0.218618
0.0757582
-0.080233
0.0116505
-0.996708
0.210855
-0.977149
-0.0268176
-0.973935
-0.212349
0.0797391
-0.0836117
0.00930526
-0.996455
0.221163
-0.974517
-0.0374652
-0.968879
-0.223939
0.105479
-0.111181
0.0129712
-0.993716
0.24843
-0.967312
-0.0508852
-0.957137
-0.253214
0.140612
-0.1489
0.013772
-0.988756
0.284499
-0.957053
-0.0557698
-0.942601
-0.289864
0.165777
-0.174823
0.0054053
-0.984585
0.32309
-0.944444
-0.0603268
-0.926787
-0.328661
0.18179
-0.191518
-0.00282437
-0.981485
0.363649
-0.929182
-0.0661806
-0.910086
-0.369536
0.187583
-0.198755
-0.00798437
-0.980017
0.409837
-0.908699
-0.0793744
-0.889323
-0.41741
0.186745
-0.202827
-0.00594551
-0.979197
0.455088
-0.885929
-0.0895824
-0.867305
-0.463799
0.180756
-0.201686
-0.00456487
-0.97944
0.493901
-0.86328
-0.103962
-0.84575
-0.504719
0.173106
-0.201911
0.00242875
-0.979401
0.523627
-0.843961
-0.116384
-0.829802
-0.536179
0.154727
-0.192987
0.0155568
-0.981078
0.544431
-0.829529
-0.124406
-0.820274
-0.557518
0.127765
-0.175343
0.0324875
-0.983971
0.55854
-0.819414
-0.128813
-0.815173
-0.570965
0.0974266
-0.153381
0.0505884
-0.986871
0.567755
-0.812182
-0.134222
-0.812749
-0.578943
0.0652958
-0.130739
0.0720166
-0.988798
0.569664
-0.810189
-0.138121
-0.815393
-0.5782
0.028605
-0.103037
0.0963275
-0.990002
0.557521
-0.818875
-0.136433
-0.827201
-0.561849
-0.00804474
-0.0700669
0.117342
-0.990617
0.535065
-0.836035
-0.121451
-0.844325
-0.534076
-0.0433309
-0.028638
0.125729
-0.991651
0.50966
-0.854449
-0.100814
-0.860335
-0.504979
-0.0694281
0.00841383
0.122119
-0.99248
0.484202
-0.871486
-0.0778524
-0.874089
-0.477843
-0.0873693
0.0389399
0.110354
-0.993129
0.457981
-0.887559
-0.0499306
-0.886144
-0.45134
-0.105082
0.0707305
0.0923711
-0.993209
0.435109
-0.900214
-0.017198
-0.894381
-0.429932
-0.123454
0.103741
0.0690973
-0.992201
0.420909
-0.907034
0.0111717
-0.897356
-0.418156
-0.141058
0.132616
0.0493474
-0.989938
0.413718
-0.909965
0.0283074
-0.897645
-0.41291
-0.154075
0.151891
0.0383337
-0.987654
0.406495
-0.912765
0.0402702
-0.898086
-0.407282
-0.166021
0.16794
0.0313208
-0.9853
0.390444
-0.918277
0.0657375
-0.90004
-0.395755
-0.182502
0.193603
0.0120904
-0.981005
0.375546
-0.922929
0.0846541
-0.902376
-0.384952
-0.193726
0.211383
-0.00363667
-0.977396
0.364198
-0.926357
0.0960334
-0.904927
-0.376365
-0.198635
0.22015
-0.0145609
-0.975357
0.350635
-0.929891
0.111162
-0.908658
-0.366535
-0.199982
0.226706
-0.0308877
-0.973473
0.333259
-0.933714
0.130831
-0.913035
-0.354216
-0.202235
0.235172
-0.0520567
-0.970559
0.319066
-0.936718
0.144069
-0.916945
-0.343545
-0.202949
0.2396
-0.0673489
-0.968533
0.303361
-0.941797
0.144881
-0.923382
-0.32809
-0.199304
0.235238
-0.0733192
-0.969168
0.277371
-0.950043
0.143122
-0.933205
-0.301832
-0.195001
0.228459
-0.0794749
-0.970304
0.253794
-0.956552
0.143513
-0.940995
-0.27851
-0.19225
0.223867
-0.0862532
-0.970796
0.245447
-0.958853
0.14268
-0.943546
-0.270068
-0.191794
0.222436
-0.0875502
-0.971008
0.259131
-0.956462
0.134283
-0.940113
-0.281655
-0.191985
0.221448
-0.0764922
-0.972168
0.2847
-0.951449
0.117004
-0.932942
-0.303062
-0.194352
0.220376
-0.0538261
-0.973929
0.29973
-0.94738
0.112394
-0.927934
-0.316866
-0.196303
0.221587
-0.0454567
-0.97408
0.304796
-0.946304
0.107741
-0.92842
-0.320443
-0.188025
0.212454
-0.0427199
-0.976237
0.308677
-0.946471
0.0944002
-0.930794
-0.321005
-0.174864
0.195807
-0.0338906
-0.980057
0.313165
-0.945639
0.0877176
-0.931016
-0.323923
-0.168179
0.18745
-0.0289987
-0.981846
0.319256
-0.944204
0.0809601
-0.930192
-0.328553
-0.163691
0.181158
-0.0230492
-0.983184
0.326608
-0.943133
0.0618672
-0.931255
-0.332299
-0.149468
0.161527
-0.00879662
-0.986829
0.332814
-0.94191
0.0451759
-0.932483
-0.33586
-0.132942
0.140392
0.00211939
-0.990094
0.336828
-0.940778
0.0385025
-0.933171
-0.338994
-0.119479
0.125456
0.00431455
-0.99209
0.342679
-0.938788
0.0353157
-0.932999
-0.344484
-0.10413
0.109922
0.00273375
-0.993936
0.352887
-0.935142
0.031312
-0.931126
-0.354271
-0.0865801
0.0920576
0.00139754
-0.995753
0.363751
-0.93111
0.0268251
-0.928338
-0.364736
-0.071799
0.0766368
0.00121413
-0.997058
0.376967
-0.926041
0.018521
-0.924543
-0.377412
-0.0527264
0.0558168
0.00275267
-0.998437
0.389483
-0.920949
0.0124775
-0.920075
-0.38966
-0.0403274
0.0420015
0.00422662
-0.999109
0.39493
-0.918636
0.0117758
-0.918
-0.395096
-0.034273
0.036137
0.00272521
-0.999343
0.395585
-0.918355
0.0117025
-0.917887
-0.395757
-0.0293333
0.0315697
0.000862223
-0.999501
0.394578
-0.918785
0.0119337
-0.918455
-0.394756
-0.0246535
0.0273621
-0.00123282
-0.999625
0.393747
-0.919137
0.0122442
-0.918916
-0.393924
-0.0204116
0.0235844
-0.00321436
-0.999717
0.388702
-0.921234
0.0154519
-0.921071
-0.388947
-0.0186807
0.0232192
-0.0069711
-0.999706
0.365937
-0.930607
0.00785107
-0.93047
-0.366018
-0.0160053
0.0177683
-0.00144826
-0.999841
0.332032
-0.943218
-0.00976431
-0.943177
-0.331837
-0.017382
0.0131549
0.0149808
-0.999801
0.304391
-0.952134
-0.0280475
-0.952436
-0.303774
-0.024232
0.014552
0.0340895
-0.999313
0.287272
-0.956305
-0.0543572
-0.957768
-0.286047
-0.0292841
0.0124558
0.0604741
-0.998092
0.288647
-0.954601
-0.0736242
-0.957269
-0.286308
-0.0407893
0.0178583
0.0822519
-0.996452
0.305841
-0.947257
-0.0957388
-0.951807
-0.301781
-0.0547018
0.0229245
0.107855
-0.993902
0.334407
-0.93448
-0.122144
-0.942075
-0.327909
-0.0705021
0.0258307
0.138645
-0.990005
0.365792
-0.92004
-0.140439
-0.930188
-0.356416
-0.0878575
0.0307776
0.162772
-0.986183
0.398418
-0.904831
-0.150145
-0.916494
-0.386298
-0.103989
0.0360922
0.179038
-0.98318
0.430648
-0.890143
-0.148955
-0.901438
-0.416154
-0.119269
0.0441783
0.185637
-0.981625
0.463848
-0.875097
-0.138021
-0.884066
-0.447169
-0.135892
0.0571999
0.185053
-0.981062
0.492913
-0.861422
-0.122427
-0.867217
-0.475001
-0.149359
0.0705086
0.179792
-0.981175
0.515682
-0.851365
-0.0961777
-0.852317
-0.498309
-0.158885
0.0873425
0.163908
-0.982601
0.533266
-0.843792
-0.0603539
-0.838966
-0.518371
-0.165612
0.108456
0.13895
-0.984343
0.549924
-0.834794
-0.0265108
-0.825293
-0.538239
-0.170852
0.128357
0.115835
-0.98494
0.570732
-0.821115
0.00590941
-0.8075
-0.562546
-0.177441
0.149024
0.0964995
-0.984114
0.593539
-0.80403
0.0353216
-0.787429
-0.589236
-0.180987
0.166332
0.0796095
-0.982851
0.614604
-0.785933
0.0676162
-0.766655
-0.615307
-0.183407
0.185751
0.0608845
-0.980709
0.634547
-0.766585
0.098472
-0.745525
-0.640696
-0.183579
0.203819
0.0430759
-0.97806
0.654678
-0.74594
0.12235
-0.724143
-0.665325
-0.181549
0.216827
0.0302569
-0.975741
0.6768
-0.723317
0.136949
-0.700675
-0.689991
-0.181569
0.225825
0.0269291
-0.973796
0.700556
-0.697951
0.14861
-0.67302
-0.715459
-0.187519
0.237204
0.0313499
-0.970954
0.723199
-0.671214
0.16265
-0.642919
-0.740315
-0.19644
0.252265
0.037495
-0.966931
0.741485
-0.64892
0.170598
-0.616527
-0.759256
-0.208389
0.264755
0.0493393
-0.963053
0.746474
-0.641796
0.175712
-0.604977
-0.764546
-0.222424
0.27709
0.0597323
-0.958985
0.736192
-0.650628
0.186291
-0.610604
-0.757264
-0.231762
0.291863
0.0568715
-0.954768
0.718735
-0.666574
0.197734
-0.626067
-0.744161
-0.232947
0.302422
0.0436327
-0.952175
0.694473
-0.684017
0.223224
-0.644338
-0.729291
-0.230137
0.320213
0.0159926
-0.947211
0.672388
-0.698447
0.245085
-0.663057
-0.715513
-0.21999
0.329013
-0.0145868
-0.944213
0.649584
-0.713166
0.263503
-0.685257
-0.699319
-0.203409
0.329337
-0.0484358
-0.942969
0.62227
-0.728817
0.285668
-0.710049
-0.679146
-0.185989
0.329562
-0.0871032
-0.940107
0.59542
-0.741128
0.310169
-0.732845
-0.659233
-0.168375
0.329261
-0.127052
-0.935652
0.571571
-0.750065
0.332729
-0.752643
-0.640755
-0.151529
0.326855
-0.163817
-0.930769
0.54811
-0.759549
0.350229
-0.772785
-0.620069
-0.135345
0.319967
-0.196468
-0.926834
0.522699
-0.770654
0.364525
-0.794829
-0.59515
-0.118506
0.308274
-0.227792
-0.923622
0.497311
-0.782175
0.375346
-0.816078
-0.568581
-0.103597
0.294446
-0.254792
-0.921077
0.472971
-0.795273
0.379261
-0.8371
-0.539897
-0.0881764
0.274886
-0.275774
-0.921079
0.450272
-0.809519
0.376742
-0.856369
-0.510972
-0.0744342
0.25276
-0.289114
-0.923323
0.430822
-0.823896
0.368223
-0.872473
-0.484539
-0.0633549
0.230616
-0.293969
-0.927577
0.412341
-0.837584
0.358367
-0.886333
-0.459793
-0.0548142
0.210686
-0.29503
-0.93197
0.396747
-0.850308
0.345785
-0.898144
-0.437387
-0.045051
0.189549
-0.292691
-0.937232
0.38431
-0.862276
0.329827
-0.907966
-0.417666
-0.0339655
0.167045
-0.286418
-0.94343
0.376773
-0.873939
0.307039
-0.914548
-0.403606
-0.026544
0.147121
-0.270801
-0.951327
0.371798
-0.886641
0.275017
-0.919526
-0.392413
-0.022004
0.12743
-0.244704
-0.961188
0.35948
-0.900235
0.245666
-0.926617
-0.375475
-0.0200098
0.110255
-0.220445
-0.969148
0.343869
-0.911024
0.227571
-0.933683
-0.357518
-0.0204034
0.0999488
-0.205463
-0.973548
0.334881
-0.917373
0.215133
-0.937453
-0.347407
-0.0221552
0.0950634
-0.194258
-0.976333
0.3258
-0.922052
0.208984
-0.940558
-0.338533
-0.0273257
0.0959435
-0.187659
-0.977537
0.318358
-0.926362
0.201249
-0.942837
-0.331479
-0.0343364
0.098518
-0.178814
-0.978938
0.312009
-0.930001
0.194291
-0.944275
-0.326119
-0.04462
0.104859
-0.169542
-0.979929
0.306388
-0.932426
0.191592
-0.94493
-0.322242
-0.0571646
0.115041
-0.163527
-0.979808
0.30165
-0.934327
0.189843
-0.945242
-0.319097
-0.0685214
0.1246
-0.158778
-0.979421
0.299851
-0.935536
0.186714
-0.945038
-0.318038
-0.0758678
0.130359
-0.153703
-0.97948
0.300548
-0.935244
0.187057
-0.944559
-0.319052
-0.0775466
0.132206
-0.15338
-0.979283
0.302872
-0.934909
0.184968
-0.944282
-0.320623
-0.0743748
0.128839
-0.152136
-0.979926
0.304118
-0.934656
0.184204
-0.944824
-0.320641
-0.0670518
0.121734
-0.153648
-0.980598
0.304642
-0.935778
0.177516
-0.946201
-0.318678
-0.0561023
0.10907
-0.150875
-0.982518
0.292882
-0.941342
0.167616
-0.951918
-0.303543
-0.0413945
0.089845
-0.147433
-0.984983
0.275709
-0.947825
0.160036
-0.95857
-0.283508
-0.0276801
0.0716074
-0.145774
-0.986723
0.266193
-0.950749
0.158799
-0.961999
-0.272427
-0.0184692
0.0608207
-0.147848
-0.987138
0.263428
-0.951636
0.158096
-0.962843
-0.269479
-0.0177485
0.0594936
-0.147546
-0.987264
0.261607
-0.952884
0.153535
-0.963332
-0.267606
-0.0194333
0.0596047
-0.142822
-0.987952
0.260228
-0.953687
0.150873
-0.963624
-0.266378
-0.0217367
0.0609193
-0.139729
-0.988314
0.260168
-0.95384
0.150008
-0.963563
-0.266472
-0.0232226
0.0621237
-0.138501
-0.988412
0.25965
-0.953922
0.150382
-0.963692
-0.265992
-0.0233562
0.0622804
-0.138858
-0.988352
0.260651
-0.953547
0.151028
-0.963407
-0.267032
-0.0232731
0.0625212
-0.139435
-0.988256
0.260993
-0.953431
0.151169
-0.963313
-0.267375
-0.0231874
0.0625265
-0.139572
-0.988236
0.260681
-0.953535
0.151053
-0.963408
-0.267041
-0.0231057
0.0623695
-0.139503
-0.988256
0.259755
-0.954083
0.149177
-0.963772
-0.265823
-0.0219392
0.0605865
-0.138073
-0.988567
0.256002
-0.9561
0.142601
-0.965169
-0.261041
-0.0175065
0.0539628
-0.133153
-0.989625
0.241113
-0.960876
0.136317
-0.969576
-0.244614
-0.00929169
0.0422733
-0.12993
-0.990622
0.221538
-0.966701
0.128104
-0.974608
-0.223882
-0.00401352
0.03256
-0.123962
-0.991753
0.204702
-0.971065
0.123001
-0.978404
-0.206674
-0.00335606
0.0286802
-0.119658
-0.992401
0.199808
-0.972708
0.117969
-0.979546
-0.201218
-4.40083e-05
0.0237804
-0.115548
-0.993017
0.196474
-0.97291
0.121839
-0.980261
-0.197698
0.00207833
0.0220653
-0.119843
-0.992548
0.196783
-0.972408
0.125299
-0.9802
-0.19799
0.00286723
0.0220198
-0.123382
-0.992115
0.196456
-0.972337
0.126356
-0.980258
-0.197704
0.00271883
0.0223374
-0.124396
-0.991981
0.187495
-0.974013
0.127062
-0.981899
-0.189382
-0.00282814
0.0268179
-0.124232
-0.991891
0.182225
-0.975716
0.121545
-0.98289
-0.184137
-0.00459264
0.0268621
-0.118629
-0.992575
0.173469
-0.97737
0.121063
-0.9845
-0.175323
-0.00475132
0.0258688
-0.118362
-0.992633
0.166641
-0.978641
0.120388
-0.985463
-0.169395
-0.012947
0.0330637
-0.116481
-0.992642
0.161615
-0.97885
0.12543
-0.985668
-0.166341
-0.0281012
0.048371
-0.11909
-0.991704
0.158349
-0.978738
0.130371
-0.985648
-0.164512
-0.0378709
0.0585132
-0.122503
-0.990742
0.155406
-0.979229
0.130231
-0.985533
-0.162713
-0.0474243
0.0676295
-0.120977
-0.990349
0.154281
-0.9789
0.133984
-0.984431
-0.16386
-0.0636118
0.0842242
-0.122084
-0.98894
0.152572
-0.97939
0.13235
-0.9835
-0.163636
-0.0771372
0.0972046
-0.118397
-0.988197
0.15075
-0.980536
0.125788
-0.98332
-0.161829
-0.0830244
0.101765
-0.111174
-0.988577
0.15078
-0.981596
0.117197
-0.983193
-0.161248
-0.0856142
0.102936
-0.102318
-0.989412
0.151315
-0.982654
0.107213
-0.983261
-0.160765
-0.0857517
0.1015
-0.0924429
-0.990531
0.147928
-0.985303
0.0854067
-0.984818
-0.154684
-0.0787825
0.0908358
-0.0724559
-0.993227
0.141072
-0.988216
0.0593916
-0.986825
-0.145167
-0.0714394
0.0792193
-0.048531
-0.995675
0.133419
-0.99033
0.038017
-0.98854
-0.135716
-0.0661073
0.0706276
-0.0287613
-0.997088
0.126943
-0.991699
0.0204579
-0.989757
-0.127999
-0.0632323
0.065326
-0.0122215
-0.997789
0.118729
-0.99291
0.00576202
-0.991079
-0.11886
-0.060284
0.0605415
0.00144683
-0.998165
0.111219
-0.993772
-0.0068878
-0.992189
-0.110643
-0.0576206
0.0564997
0.0132425
-0.998315
0.107792
-0.994083
-0.0134159
-0.992569
-0.106842
-0.0582424
0.0564644
0.0195943
-0.998212
0.106254
-0.994305
-0.00816156
-0.991966
-0.10543
-0.069912
0.0686534
0.0155244
-0.99752
0.108471
-0.994095
0.00295924
-0.990719
-0.108347
-0.0820765
0.0819125
0.00597117
-0.996622
0.108317
-0.994109
0.0038459
-0.990698
-0.108264
-0.0824426
0.0823733
0.00511978
-0.996588
0.105187
-0.994445
-0.00388785
-0.991519
-0.104576
-0.077162
0.0763268
0.0119713
-0.997011
0.100616
-0.99491
-0.00553442
-0.992212
-0.0999299
-0.0743569
0.0734253
0.0129728
-0.997216
0.0969496
-0.995275
-0.00526687
-0.992576
-0.0962934
-0.0743044
0.0734461
0.0124315
-0.997222
0.0934795
-0.995621
-0.000865312
-0.99293
-0.0931629
-0.0735519
0.0731492
0.00773479
-0.997291
0.0932115
-0.995626
0.00643258
-0.993141
-0.0934331
-0.0702945
0.070588
0.000163805
-0.997506
0.0937
-0.995498
0.0142682
-0.993027
-0.094478
-0.0705115
0.0715421
-0.0075618
-0.997409
0.0943751
-0.995267
0.0231871
-0.992468
-0.095886
-0.0762449
0.0781074
-0.0158169
-0.996819
0.0943232
-0.995137
0.028392
-0.992094
-0.0963298
-0.0804402
0.082784
-0.0205802
-0.996355
0.0906602
-0.99518
0.0373723
-0.99238
-0.0934221
-0.0803404
0.0834446
-0.0298038
-0.996067
0.0894221
-0.994403
0.0562728
-0.991958
-0.0939985
-0.0847536
0.0895688
-0.0482414
-0.994812
0.0919641
-0.99199
0.086598
-0.990341
-0.100179
-0.0958546
0.103762
-0.0769464
-0.991621
0.0966622
-0.98834
0.117642
-0.988714
-0.10894
-0.102843
0.11446
-0.106374
-0.987716
0.100465
-0.983606
0.149756
-0.987549
-0.116896
-0.105269
0.121049
-0.137315
-0.983103
0.101625
-0.978004
0.182158
-0.98638
-0.122863
-0.109356
0.129331
-0.168564
-0.977169
0.0987726
-0.970616
0.219428
-0.984081
-0.128012
-0.123275
0.147742
-0.203759
-0.967809
0.0963344
-0.961033
0.259106
-0.980293
-0.136712
-0.1426
0.172466
-0.240263
-0.955264
0.0938544
-0.952037
0.291235
-0.975834
-0.145949
-0.162626
0.197331
-0.268933
-0.942728
0.0909782
-0.944048
0.317013
-0.97051
-0.155409
-0.184279
0.223234
-0.290899
-0.930346
0.085888
-0.93923
0.332372
-0.963687
-0.16298
-0.21153
0.252845
-0.302135
-0.919121
0.077642
-0.937209
0.340015
-0.956383
-0.166347
-0.240127
0.28161
-0.30654
-0.909246
0.073538
-0.936577
0.34266
-0.951067
-0.169253
-0.258504
0.300105
-0.306883
-0.903194
0.073734
-0.93797
0.338785
-0.949349
-0.170064
-0.264226
0.305451
-0.302142
-0.903
0.0725841
-0.938691
0.337031
-0.949089
-0.168866
-0.265923
0.306532
-0.300571
-0.903158
0.0693873
-0.938335
0.338693
-0.949283
-0.166476
-0.266736
0.306672
-0.303007
-0.902296
0.0694906
-0.937832
0.340063
-0.949178
-0.167056
-0.266748
0.306974
-0.304244
-0.901777
0.0708318
-0.937457
0.340819
-0.948667
-0.168896
-0.267405
0.308244
-0.304383
-0.901297
0.0708551
-0.941236
0.330233
-0.949656
-0.164941
-0.266359
0.305176
-0.294735
-0.905538
0.0646836
-0.950789
0.303011
-0.953631
-0.148338
-0.261885
0.293946
-0.272021
-0.916297
0.058475
-0.961374
0.268961
-0.956457
-0.131128
-0.26076
0.285956
-0.242002
-0.927181
0.0556077
-0.969948
0.236871
-0.957204
-0.119273
-0.263693
0.284021
-0.21207
-0.935071
0.0539161
-0.976295
0.209622
-0.957343
-0.11022
-0.267106
0.283879
-0.186279
-0.940592
0.0539808
-0.981956
0.181243
-0.957578
-0.102361
-0.26938
0.283072
-0.159013
-0.945825
0.053034
-0.987724
0.146931
-0.95899
-0.0914027
-0.268299
0.278436
-0.126677
-0.952064
0.0511561
-0.992562
0.110467
-0.960943
-0.0790439
-0.265219
0.271978
-0.0925846
-0.957839
0.0490419
-0.995955
0.075289
-0.962069
-0.0673574
-0.264358
0.26836
-0.0594686
-0.961481
0.048571
-0.998089
0.0381956
-0.962993
-0.0569447
-0.263441
0.265113
-0.0239865
-0.963919
0.0512683
-0.998685
0.000789378
-0.964022
-0.0496953
-0.261137
0.260833
0.0126271
-0.965301
0.0576774
-0.997657
-0.0367815
-0.96583
-0.0464368
-0.254982
0.252676
0.0502313
-0.966246
0.0644948
-0.994963
-0.0767366
-0.968887
-0.04402
-0.243559
0.238955
0.0900573
-0.966846
0.0706122
-0.992336
-0.10141
-0.971197
-0.0451997
-0.233954
0.227577
0.115009
-0.966945
0.0693599
-0.99211
-0.104436
-0.972787
-0.0440639
-0.227472
0.221075
0.117371
-0.968168
0.0699875
-0.992419
-0.10103
-0.97444
-0.0463421
-0.219814
0.213466
0.113832
-0.970296
0.0724721
-0.992577
-0.0976682
-0.977761
-0.0513829
-0.20333
0.196802
0.110232
-0.974227
0.0712077
-0.992693
-0.0974127
-0.982859
-0.0531799
-0.176525
0.170055
0.108313
-0.979464
0.0729668
-0.992736
-0.0956628
-0.985653
-0.0571423
-0.158816
0.152196
0.105879
-0.982663
0.0778435
-0.992704
-0.0920867
-0.985867
-0.062904
-0.15527
0.148344
0.102872
-0.983571
0.0830595
-0.992317
-0.0917001
-0.985526
-0.0681466
-0.155226
0.147785
0.103266
-0.983614
0.0908243
-0.991359
-0.0946485
-0.986067
-0.0762228
-0.147859
0.139367
0.106759
-0.984469
0.0966346
-0.990438
-0.0984599
-0.987916
-0.0834023
-0.130633
0.121173
0.109894
-0.98653
0.0976473
-0.98963
-0.105343
-0.99118
-0.0871755
-0.0998125
0.0895942
0.11416
-0.989414
0.0972633
-0.989072
-0.110796
-0.993607
-0.0900874
-0.0680391
0.0573143
0.116705
-0.991511
0.0973716
-0.988449
-0.116135
-0.994941
-0.0937777
-0.0360314
0.0247243
0.119056
-0.99258
0.0994449
-0.987613
-0.12137
-0.995008
-0.0997168
-0.00384667
-0.00830359
0.121147
-0.9926
0.10135
-0.986683
-0.127221
-0.994066
-0.105518
0.0264439
-0.0395159
0.123786
-0.991522
0.103685
-0.986002
-0.130571
-0.992682
-0.11076
0.0481214
-0.0619098
0.124626
-0.99027
0.105095
-0.986517
-0.125458
-0.992454
-0.112059
0.0497835
-0.0631709
0.119279
-0.990849
0.105342
-0.986614
-0.124486
-0.992383
-0.112337
0.050561
-0.0638686
0.118212
-0.990932
0.10698
-0.986704
-0.122353
-0.992298
-0.113687
0.0491914
-0.0624473
0.116148
-0.991267
0.108989
-0.986846
-0.119396
-0.99241
-0.114904
0.0438024
-0.0569453
0.113716
-0.99188
0.112546
-0.986599
-0.118132
-0.992607
-0.117068
0.0320383
-0.0454384
0.113653
-0.992481
0.11802
-0.986449
-0.113972
-0.992647
-0.120304
0.0133475
-0.026878
0.111559
-0.993394
0.122546
-0.986598
-0.107736
-0.992433
-0.122666
-0.00553457
-0.00775517
0.107599
-0.994164
0.126714
-0.986709
-0.101726
-0.991872
-0.124847
-0.0245471
0.0115207
0.10401
-0.99451
0.13084
-0.986759
-0.0958526
-0.990931
-0.12718
-0.043372
0.0306072
0.100658
-0.99445
0.132027
-0.986845
-0.0933086
-0.990182
-0.126939
-0.0585247
0.0459103
0.100119
-0.993916
0.131165
-0.986764
-0.0953513
-0.989774
-0.124909
-0.0688825
0.0560606
0.103411
-0.993058
0.129026
-0.986559
-0.100268
-0.989759
-0.121894
-0.074292
0.0610714
0.108827
-0.992183
0.124665
-0.986523
-0.105977
-0.990378
-0.117256
-0.0735004
0.0600834
0.114121
-0.991648
0.118656
-0.98617
-0.115709
-0.991509
-0.111433
-0.0670335
0.0532127
0.122681
-0.991019
0.111137
-0.985298
-0.129753
-0.99292
-0.104579
-0.0563304
0.0419329
0.135094
-0.989945
0.104542
-0.984836
-0.138449
-0.993934
-0.0986846
-0.0485367
0.034138
0.142683
-0.98918
0.0984241
-0.984639
-0.144214
-0.994758
-0.0933102
-0.0418222
0.0277231
0.147575
-0.988662
0.0919191
-0.984052
-0.15229
-0.995589
-0.0879349
-0.032708
0.0187948
0.154625
-0.987794
0.0877324
-0.983937
-0.155473
-0.996012
-0.084104
-0.0297772
0.016223
0.157465
-0.987391
0.08788
-0.982685
-0.163115
-0.995972
-0.0837567
-0.0319996
0.0177836
0.16527
-0.986088
0.0889519
-0.982724
-0.162302
-0.995651
-0.0831999
-0.0419126
0.027685
0.165325
-0.985851
0.0928513
-0.982588
-0.160936
-0.994975
-0.085485
-0.0521213
0.0374561
0.164967
-0.985588
0.0971964
-0.982806
-0.15699
-0.99425
-0.0887599
-0.0599006
0.0449362
0.16191
-0.985782
0.0972841
-0.983275
-0.153966
-0.994089
-0.088509
-0.0628735
0.0481946
0.159173
-0.986074
0.0962858
-0.98375
-0.151542
-0.994124
-0.0874803
-0.0637531
0.0494602
0.15679
-0.986393
0.0968331
-0.984123
-0.148747
-0.994008
-0.0880082
-0.0648216
0.0507015
0.154132
-0.986749
0.0987733
-0.984964
-0.14174
-0.993512
-0.0895399
-0.0701207
0.056375
0.147746
-0.987417
0.101762
-0.98607
-0.13157
-0.992714
-0.0920785
-0.0777149
0.0645176
0.13852
-0.988256
0.103527
-0.985965
-0.130979
-0.992442
-0.093676
-0.0792756
0.0658933
0.138196
-0.98821
0.110224
-0.986027
-0.124902
-0.991249
-0.0998738
-0.0863179
0.0726374
0.133323
-0.988407
0.122951
-0.985738
-0.114909
-0.988639
-0.111572
-0.100721
0.0864642
0.125987
-0.988257
0.132417
-0.985745
-0.103794
-0.986046
-0.120347
-0.115019
0.100888
0.117576
-0.987926
0.133787
-0.985682
-0.102627
-0.98579
-0.121752
-0.115737
0.101585
0.116653
-0.987964
0.137158
-0.985848
-0.0963933
-0.985196
-0.125665
-0.116609
0.102845
0.11096
-0.988489
0.143563
-0.985408
-0.091435
-0.985188
-0.133551
-0.107558
0.0937771
0.105522
-0.989985
0.146674
-0.985168
-0.0890548
-0.985003
-0.137192
-0.104631
0.0908616
0.103066
-0.990516
0.147749
-0.984943
-0.0897598
-0.984902
-0.138248
-0.104192
0.0902144
0.103799
-0.990498
0.147768
-0.98471
-0.0922557
-0.986449
-0.140017
-0.0855167
0.0712918
0.103642
-0.992056
0.150141
-0.984594
-0.0896225
-0.987592
-0.145139
-0.0599704
0.0460388
0.0975145
-0.994169
0.154786
-0.984571
-0.0816201
-0.987624
-0.15209
-0.0383111
0.0253064
0.08654
-0.995927
0.159582
-0.98428
-0.0756726
-0.987156
-0.15852
-0.0198762
0.00756816
0.0778725
-0.996935
0.161993
-0.984198
-0.0715013
-0.986752
-0.162215
-0.00273362
-0.00890816
0.0709969
-0.997437
0.164003
-0.984168
-0.0671987
-0.986153
-0.16527
0.0137111
-0.0246
0.0640195
-0.997645
0.16439
-0.984353
-0.0634435
-0.985661
-0.166409
0.0279318
-0.0380523
0.057942
-0.997594
0.166595
-0.984146
-0.0608484
-0.985037
-0.168874
0.0344202
-0.0441502
0.0542037
-0.997553
0.172328
-0.983192
-0.0603086
-0.984054
-0.174571
0.0341051
-0.04406
0.0534697
-0.997597
0.170001
-0.983644
-0.0595405
-0.984257
-0.17245
0.0387143
-0.0483489
0.0520216
-0.997475
0.155317
-0.986416
-0.0534751
-0.985194
-0.158648
0.0649959
-0.0725967
0.0425884
-0.996452
0.149265
-0.987878
-0.042626
-0.984518
-0.152487
0.0864449
-0.0918969
0.0290629
-0.995344
0.148296
-0.988181
-0.0388043
-0.984429
-0.15125
0.0895704
-0.0943809
0.0249172
-0.995224
0.144325
-0.988956
-0.0336968
-0.985058
-0.146824
0.0900144
-0.0939678
0.020202
-0.99537
0.140716
-0.989549
-0.0314892
-0.985433
-0.143057
0.0919596
-0.0955033
0.0180903
-0.995265
0.137795
-0.990078
-0.0275219
-0.986032
-0.139751
0.0906102
-0.0935574
0.0146518
-0.995506
0.135148
-0.990691
-0.0163414
-0.987149
-0.136048
0.0838329
-0.0852757
0.00480147
-0.996346
0.137092
-0.990558
-0.00116455
-0.987878
-0.136807
0.0733582
-0.0728248
-0.00890637
-0.997305
0.13889
-0.990265
0.00922092
-0.988595
-0.138096
0.0600737
-0.0582155
-0.0174594
-0.998151
0.140331
-0.989976
0.0159748
-0.989116
-0.139452
0.0469244
-0.0442263
-0.0223859
-0.998771
0.141271
-0.989806
0.0180563
-0.989353
-0.140515
0.037895
-0.0349715
-0.0232175
-0.999119
0.141563
-0.989712
0.0207497
-0.989579
-0.140924
0.029576
-0.0263476
-0.0247203
-0.999347
0.141173
-0.989733
0.0223408
-0.989777
-0.140645
0.0236883
-0.020303
-0.0254566
-0.99947
0.139483
-0.989969
0.0224881
-0.990048
-0.138994
0.0220424
-0.0186956
-0.0253389
-0.999504
0.137739
-0.990202
0.0229955
-0.990289
-0.137235
0.0222413
-0.0188675
-0.0258357
-0.999488
0.136743
-0.990345
0.022754
-0.990354
-0.136153
0.0257154
-0.022369
-0.0260509
-0.99941
0.136074
-0.990474
0.0211135
-0.990365
-0.135444
0.0288303
-0.0256959
-0.0248331
-0.999361
0.136178
-0.99048
0.020147
-0.990317
-0.135546
0.0299801
-0.0269638
-0.0240345
-0.999347
0.136834
-0.990386
0.0202943
-0.99023
-0.1362
0.0298966
-0.0268451
-0.0241869
-0.999347
0.137537
-0.990285
0.0204739
-0.990155
-0.136918
0.0290919
-0.026006
-0.0242736
-0.999367
0.137667
-0.99029
0.0193348
-0.990152
-0.137094
0.0283748
-0.0254485
-0.0230507
-0.99941
0.137664
-0.990292
0.0192431
-0.990158
-0.137098
0.028141
-0.0252296
-0.0229277
-0.999419
0.137111
-0.990366
0.0193854
-0.990237
-0.136544
0.0280601
-0.0251429
-0.0230435
-0.999418
0.136331
-0.990504
0.0177773
-0.990283
-0.13576
0.0301398
-0.0274402
-0.0217136
-0.999388
0.135437
-0.990632
0.0174703
-0.990328
-0.134817
0.0327744
-0.0301121
-0.0217402
-0.99931
0.134628
-0.990735
0.0178482
-0.990346
-0.133931
0.0357361
-0.0330146
-0.0224869
-0.999202
0.133764
-0.990851
0.0179115
-0.990409
-0.133029
0.0373215
-0.0345973
-0.0227319
-0.999143
0.132854
-0.990947
0.0193113
-0.990498
-0.132045
0.0384498
-0.0355518
-0.024236
-0.999074
0.132134
-0.991033
0.0198576
-0.990551
-0.131275
0.039697
-0.0367343
-0.0249153
-0.999014
0.132892
-0.990914
0.020726
-0.990436
-0.131987
0.0402006
-0.0370998
-0.0258701
-0.998977
0.137834
-0.99021
0.0220413
-0.990109
-0.137164
0.0294952
-0.0261832
-0.0258888
-0.999322
0.143555
-0.989314
0.0254845
-0.989607
-0.143287
0.0120801
-0.00829945
-0.0269539
-0.999602
0.148069
-0.988559
0.028753
-0.988966
-0.148145
-0.000513549
0.00476728
-0.0283597
-0.999586
0.151427
-0.988054
0.0286201
-0.988441
-0.151577
-0.00310459
0.00740564
-0.0278191
-0.999586
0.15677
-0.987294
0.0259633
-0.987612
-0.156892
-0.00271176
0.00675073
-0.0252165
-0.999659
0.160786
-0.986759
0.0213192
-0.986899
-0.161027
-0.0100831
0.0133825
-0.0194187
-0.999722
0.1614
-0.986739
0.0171908
-0.98659
-0.161755
-0.0217968
0.0242885
-0.0134423
-0.999615
0.159833
-0.987039
0.0143992
-0.986611
-0.160209
-0.0305391
0.0324502
-0.0093252
-0.99943
0.159319
-0.98714
0.0131453
-0.98639
-0.159718
-0.039039
0.0406365
-0.00674675
-0.999151
0.158852
-0.987228
0.0121458
-0.986012
-0.159261
-0.0491625
0.050469
-0.00416633
-0.998717
0.159149
-0.987141
0.0149501
-0.985467
-0.159754
-0.0577323
0.0593783
-0.00554481
-0.99822
0.162312
-0.98654
0.0198296
-0.985036
-0.163179
-0.0554685
0.0579577
-0.0105297
-0.998264
0.161922
-0.986562
0.021829
-0.986231
-0.162542
-0.0304811
0.0336196
-0.0165928
-0.999297
0.16148
-0.986492
0.0275269
-0.986776
-0.161798
-0.00974764
0.0140698
-0.0255888
-0.999574
0.162252
-0.986307
0.0295322
-0.986702
-0.162466
-0.00495956
0.00968962
-0.0283348
-0.999552
0.153682
-0.987581
0.0326494
-0.988112
-0.15373
0.00104851
0.0039837
-0.0324224
-0.999466
0.117352
-0.992093
0.0445026
-0.993049
-0.11682
0.0143746
-0.0090621
-0.0458801
-0.998906
0.0744512
-0.995736
0.0544631
-0.996953
-0.0730453
0.0273661
-0.0232712
-0.0563346
-0.998141
0.0253438
-0.997745
0.0621477
-0.998945
-0.0228949
0.0398049
-0.0382923
-0.0630909
-0.997273
-0.0261744
-0.997283
0.068857
-0.998458
0.0294541
0.0470551
-0.0489553
-0.0675191
-0.996516
-0.0744451
-0.9945
0.0736754
-0.995806
0.0780763
0.0476961
-0.0531861
-0.0698157
-0.996141
-0.118673
-0.989659
0.0805735
-0.991406
0.122598
0.0456441
-0.0550503
-0.0744643
-0.995703
-0.153661
-0.983454
0.0959514
-0.986322
0.158518
0.0451842
-0.0596465
-0.0876959
-0.99436
-0.172741
-0.979395
0.104625
-0.981637
0.17991
0.0634125
-0.0809289
-0.0917494
-0.992488
-0.183054
-0.977482
0.104982
-0.976798
0.192914
0.0930015
-0.11116
-0.0855219
-0.990116
-0.193152
-0.97525
0.107613
-0.971779
0.205287
0.116205
-0.13542
-0.0821307
-0.987378
-0.197045
-0.974396
0.108286
-0.969185
0.210254
0.128347
-0.147828
-0.0796589
-0.9858
-0.19575
-0.974675
0.108126
-0.969582
0.208882
0.127587
-0.146941
-0.0798622
-0.985916
-0.193173
-0.975142
0.108542
-0.971466
0.205606
0.118236
-0.137614
-0.0826048
-0.987035
-0.189265
-0.975633
0.110993
-0.974687
0.200366
0.0991862
-0.119009
-0.0894112
-0.988859
-0.18607
-0.9758
0.11486
-0.977927
0.195238
0.0744391
-0.0950626
-0.0984737
-0.990589
-0.181464
-0.976086
0.119696
-0.98135
0.187591
0.0419816
-0.0634315
-0.109845
-0.991923
-0.17592
-0.976895
0.121356
-0.984091
0.177633
0.00335597
-0.0248353
-0.118835
-0.992603
-0.169203
-0.977831
0.123358
-0.985468
0.165958
-0.0362008
0.014926
-0.127691
-0.991702
-0.159994
-0.979352
0.123579
-0.985618
0.151596
-0.0746696
0.0543936
-0.133749
-0.989521
-0.149201
-0.980995
0.124046
-0.983909
0.134818
-0.117251
0.0982994
-0.139544
-0.985325
-0.138003
-0.982902
0.121893
-0.980493
0.118188
-0.157054
0.139962
-0.141189
-0.980039
-0.127821
-0.984871
0.117005
-0.976164
0.104064
-0.19046
0.175402
-0.138561
-0.974697
-0.120689
-0.986362
0.11191
-0.971505
0.0941942
-0.217499
0.203992
-0.134971
-0.969624
-0.114168
-0.987773
0.106165
-0.966945
0.0859595
-0.240059
0.227998
-0.130063
-0.964936
-0.106699
-0.989459
0.0979104
-0.961805
0.0777453
-0.262462
0.252084
-0.122175
-0.959962
-0.0998482
-0.990643
0.0930391
-0.956778
0.069923
-0.282288
0.273141
-0.117204
-0.954807
-0.0959389
-0.99139
0.0891164
-0.956039
0.0668527
-0.285516
0.2771
-0.112591
-0.954221
-0.0943656
-0.992009
0.0837466
-0.957141
0.0672671
-0.281702
0.273817
-0.10674
-0.95584
-0.0923385
-0.99252
0.0798572
-0.958131
0.0667356
-0.278446
0.271034
-0.102225
-0.957126
-0.089691
-0.993189
0.0743683
-0.961316
0.0668034
-0.267223
0.260435
-0.095459
-0.960761
-0.0893092
-0.994024
0.0627632
-0.967516
0.0716188
-0.242454
0.23651
-0.0823777
-0.968131
-0.0886101
-0.994624
0.0535867
-0.974432
0.0754083
-0.21165
0.206472
-0.0709709
-0.975875
-0.0877737
-0.995098
0.0455704
-0.979899
0.0780249
-0.183604
0.179148
-0.06077
-0.981943
-0.0881908
-0.995403
0.0373568
-0.984656
0.0814465
-0.154336
0.150584
-0.0503946
-0.987312
-0.0886191
-0.995619
0.0298279
-0.98859
0.0842525
-0.124866
0.121806
-0.040553
-0.991725
-0.0896646
-0.995684
0.0239452
-0.991591
0.0869917
-0.0958145
0.0933179
-0.032335
-0.995111
-0.0886995
-0.995894
0.0180778
-0.993637
0.0872045
-0.0712838
0.0694146
-0.0242856
-0.997292
-0.08747
-0.996068
0.0140241
-0.994694
0.0865665
-0.0555963
0.0541637
-0.0188127
-0.998355
-0.0879326
-0.996076
0.0100045
-0.994977
0.0873443
-0.0489123
0.0478466
-0.0142552
-0.998753
-0.0899038
-0.995922
0.00757677
-0.994854
0.0894454
-0.0475833
0.0467115
-0.0118157
-0.998839
-0.0931495
-0.995631
0.00652102
-0.994549
0.0927361
-0.0476673
0.0468542
-0.0109257
-0.998842
-0.0972289
-0.995257
0.00306619
-0.994152
0.0969745
-0.0475184
0.0469957
-0.00766842
-0.998866
-0.101349
-0.994848
-0.00221722
-0.99396
0.101352
-0.0420748
0.0420828
-0.00206041
-0.999112
-0.106586
-0.994303
-0.000108917
-0.993801
0.106536
-0.031767
0.0315976
-0.00327769
-0.999495
-0.110415
-0.993883
0.00224882
-0.993563
0.110321
-0.0257251
0.0253196
-0.00507478
-0.999667
-0.110036
-0.993919
0.00417007
-0.993706
0.109922
-0.0215815
0.0209919
-0.00651857
-0.999758
-0.110909
-0.993807
0.00688343
-0.99374
0.110803
-0.014287
0.0134358
-0.0084249
-0.999874
-0.111879
-0.99366
0.0110727
-0.993642
0.111722
-0.0139561
0.0126306
-0.0125637
-0.999841
-0.112457
-0.993563
0.0136725
-0.993341
0.112064
-0.0267571
0.0250527
-0.0165905
-0.999548
-0.113
-0.993493
0.0142049
-0.992475
0.112182
-0.049083
0.0471701
-0.0196443
-0.998694
-0.112839
-0.99352
0.0136346
-0.99096
0.111525
-0.0745694
0.0725656
-0.0219257
-0.997123
-0.112136
-0.993607
0.0130961
-0.988349
0.110158
-0.105031
0.102917
-0.0247212
-0.994383
-0.114285
-0.99322
0.0212962
-0.984601
0.110387
-0.135554
0.132284
-0.0364601
-0.990541
-0.116484
-0.992731
0.0302784
-0.98104
0.110251
-0.159388
0.154891
-0.0482704
-0.986752
-0.117738
-0.992351
0.0371151
-0.977117
0.109102
-0.18259
0.177144
-0.0577636
-0.982488
-0.117805
-0.992224
0.0401771
-0.972552
0.107105
-0.206569
0.200659
-0.0634091
-0.977607
-0.117112
-0.992064
0.0457495
-0.968588
0.103923
-0.225915
0.219368
-0.0707698
-0.973072
-0.11594
-0.991932
0.0512743
-0.966078
0.100623
-0.237842
0.230764
-0.0771103
-0.969949
-0.109755
-0.992225
0.0586798
-0.965491
0.0923979
-0.243493
0.236178
-0.0833795
-0.968126
-0.102491
-0.9926
0.0651265
-0.966279
0.0837983
-0.24348
0.23622
-0.0878849
-0.967717
-0.096326
-0.992282
0.0780888
-0.968042
0.0751436
-0.239266
0.231551
-0.0986408
-0.967809
-0.0930585
-0.991619
0.0896231
-0.969611
0.0698002
-0.234485
0.226264
-0.10872
-0.96798
-0.0932154
-0.991159
0.0944153
-0.971162
0.0696128
-0.228033
0.219445
-0.112949
-0.969065
-0.092241
-0.991156
0.0953991
-0.972776
0.0692438
-0.22116
0.212598
-0.113202
-0.97056
-0.0857029
-0.99114
0.101472
-0.975147
0.0625601
-0.212543
0.204312
-0.117165
-0.971869
-0.0760731
-0.991496
0.105589
-0.978109
0.0536336
-0.201065
0.193692
-0.118573
-0.973871
-0.0652433
-0.991875
0.109211
-0.980545
0.0434203
-0.191432
0.185135
-0.119576
-0.975411
-0.0529024
-0.992363
0.111436
-0.982119
0.0315144
-0.185602
0.180673
-0.119262
-0.976286
-0.0402567
-0.993097
0.110173
-0.98369
0.0200449
-0.178751
0.175308
-0.115572
-0.977706
-0.0284395
-0.994104
0.104636
-0.986025
0.0107093
-0.166251
0.16415
-0.107902
-0.980516
-0.0163745
-0.995218
0.096299
-0.98901
0.00196731
-0.147838
0.146942
-0.0976614
-0.984312
-0.00509728
-0.996057
0.0885658
-0.990847
-0.00691643
-0.134813
0.134894
-0.0884423
-0.986905
0.00313849
-0.996548
0.0829553
-0.992103
-0.0135044
-0.124695
0.125385
-0.0819088
-0.988721
0.00778018
-0.996833
0.0791365
-0.993133
-0.0169412
-0.11576
0.116734
-0.0776924
-0.99012
0.0113691
-0.996862
0.0783343
-0.993909
-0.0198535
-0.108399
0.109614
-0.0766248
-0.991016
0.0142843
-0.996783
0.0788686
-0.994346
-0.022461
-0.103783
0.10522
-0.0769403
-0.991468
0.0180626
-0.996844
0.0773005
-0.995224
-0.0253433
-0.0942681
0.0959296
-0.0752286
-0.992541
0.022777
-0.997245
0.0705947
-0.996808
-0.0280578
-0.0747398
0.0765147
-0.068667
-0.994701
0.028869
-0.997248
0.0682841
-0.997675
-0.0329651
-0.0596415
0.0617284
-0.0664036
-0.995882
0.0363383
-0.996983
0.0685841
-0.998308
-0.0393327
-0.0428276
0.045396
-0.0669118
-0.996726
0.045206
-0.996669
0.0678796
-0.998616
-0.0469139
-0.0237808
0.0268861
-0.0667106
-0.99741
0.0545582
-0.996239
0.0673085
-0.998465
-0.0550769
-0.00587346
0.00955851
-0.0668847
-0.997715
0.062547
-0.99594
0.0647367
-0.998013
-0.0619192
0.011661
-0.00760527
-0.0653374
-0.997834
0.0698158
-0.995736
0.0602937
-0.997223
-0.0680944
0.0301515
-0.0259173
-0.0622313
-0.997725
0.07755
-0.99541
0.0560752
-0.996077
-0.074952
0.0470402
-0.0426214
-0.0595031
-0.997318
0.0857382
-0.995075
0.0497421
-0.99466
-0.0826095
0.0618712
-0.0574574
-0.0547812
-0.996844
0.090815
-0.994908
0.043721
-0.993386
-0.0874041
0.0744589
-0.0702583
-0.0501938
-0.996265
0.0954637
-0.994725
0.0375354
-0.992169
-0.0920317
0.0844491
-0.0805491
-0.0453033
-0.995721
0.099379
-0.994617
0.0293283
-0.990973
-0.0962637
0.0933021
-0.0899767
-0.0383358
-0.995206
0.103412
-0.994438
0.0199757
-0.9897
-0.100879
0.101573
-0.0989932
-0.0302739
-0.994627
0.106885
-0.994208
0.0112358
-0.988675
-0.105079
0.107144
-0.105343
-0.0225606
-0.99418
0.108233
-0.994112
0.00525475
-0.98811
-0.106996
0.110406
-0.109194
-0.0171419
-0.993873
0.109247
-0.994015
-0.000392846
-0.987594
-0.108586
0.11343
-0.112794
-0.0120039
-0.993546
0.110289
-0.993895
-0.00290143
-0.987334
-0.109895
0.114433
-0.114053
-0.00975604
-0.993427
0.110454
-0.993794
-0.0132007
-0.987597
-0.111237
0.110808
-0.111589
0.00079775
-0.993754
0.111004
-0.993551
-0.0231371
-0.9879
-0.11285
0.106388
-0.108312
0.0110477
-0.994056
0.111496
-0.993354
-0.028563
-0.988299
-0.113847
0.101509
-0.104087
0.016911
-0.994424
0.111876
-0.993298
-0.0290291
-0.988322
-0.114262
0.100813
-0.103455
0.0174115
-0.994482
0.110046
-0.993616
-0.0248383
-0.988555
-0.112012
0.101052
-0.103189
0.0134336
-0.994571
0.109566
-0.993744
-0.0216285
-0.98866
-0.111202
0.100922
-0.102696
0.0103256
-0.994659
0.110385
-0.993718
-0.0184141
-0.988664
-0.111683
0.100354
-0.10178
0.00712777
-0.994781
0.110315
-0.99384
-0.0106374
-0.990564
-0.110815
0.0806374
-0.0813194
0.00164149
-0.996687
0.108721
-0.994061
-0.00483538
-0.992778
-0.108826
0.0504854
-0.0507118
-0.000688355
-0.998713
0.106729
-0.994276
0.00483737
-0.994101
-0.106613
0.0199432
-0.0193133
-0.00693734
-0.999789
0.106608
-0.994242
0.0108425
-0.994289
-0.106653
-0.00370178
0.00483686
-0.010386
-0.999934
0.107192
-0.994124
0.0150687
-0.993947
-0.107515
-0.0225766
0.024064
-0.0125575
-0.999632
0.104656
-0.994382
0.0158295
-0.993887
-0.10514
-0.0336829
0.035158
-0.0122076
-0.999307
0.0999008
-0.994787
0.0204474
-0.993738
-0.100787
-0.0482418
0.0500511
-0.0155
-0.998626
0.092288
-0.995208
0.0323087
-0.992991
-0.0943916
-0.0711332
0.073842
-0.0255175
-0.996943
0.0833238
-0.995527
0.044536
-0.990891
-0.0875145
-0.102349
0.105789
-0.0356022
-0.993751
0.0761931
-0.995239
0.0607765
-0.987118
-0.0838909
-0.136236
0.140686
-0.0496133
-0.98881
0.0726228
-0.99481
0.07127
-0.98285
-0.0835279
-0.164403
0.169503
-0.0581083
-0.983815
0.0653274
-0.995315
0.0712755
-0.980592
-0.077265
-0.180194
0.184857
-0.0581206
-0.981045
0.0564749
-0.996213
0.0661022
-0.980025
-0.0679588
-0.186903
0.190688
-0.0542264
-0.980152
0.0494224
-0.997147
0.0570526
-0.980194
-0.0593917
-0.188927
0.191776
-0.0465853
-0.980332
0.0430248
-0.998049
0.0452503
-0.980464
-0.0508814
-0.190006
0.191937
-0.0361913
-0.98074
0.0369199
-0.998778
0.0328605
-0.980624
-0.0425402
-0.191225
0.192389
-0.0251638
-0.980996
0.0341968
-0.999283
0.0162338
-0.980448
-0.0366929
-0.193328
0.193785
-0.00930523
-0.981
0.0366249
-0.999307
0.00669526
-0.978655
-0.0372222
-0.20211
0.202219
0.000849898
-0.97934
0.0418752
-0.999122
0.00121146
-0.97591
-0.0411621
-0.214256
0.214118
0.00778974
-0.976777
0.0459663
-0.998941
0.00204629
-0.973172
-0.0452426
-0.225588
0.225441
0.00837803
-0.974221
0.0506289
-0.998715
0.00232543
-0.97193
-0.0498064
-0.22994
0.22976
0.00938145
-0.973202
0.0572057
-0.998359
-0.00274747
-0.972951
-0.0551324
-0.224337
0.223817
0.0155065
-0.974508
0.0619272
-0.998045
-0.00845816
-0.975967
-0.0587789
-0.209843
0.208936
0.0212499
-0.977699
0.0656636
-0.9978
-0.00914404
-0.976468
-0.0623679
-0.206449
0.205424
0.022485
-0.978415
0.0676083
-0.997671
-0.0090357
-0.976342
-0.0642931
-0.206453
0.205392
0.0227799
-0.978415
0.0685296
-0.997601
-0.00980022
-0.976723
-0.0650875
-0.204393
0.203265
0.0235791
-0.97884
0.0702208
-0.997509
-0.00666863
-0.978649
-0.0675955
-0.194104
0.193169
0.0201563
-0.980958
0.0694699
-0.997584
0.000852262
-0.981733
-0.0685178
-0.177496
0.177125
0.0114939
-0.984121
0.0704976
-0.997477
0.00830498
-0.983701
-0.0708998
-0.165244
0.165416
0.00347973
-0.986218
0.072384
-0.997261
0.0151867
-0.984522
-0.0738796
-0.15893
0.159617
-0.00344763
-0.987173
0.0733365
-0.997168
0.0166506
-0.98453
-0.0750508
-0.15833
0.159132
-0.0047816
-0.987246
0.0734601
-0.997153
0.0170274
-0.984484
-0.0752338
-0.15853
0.15936
-0.00511759
-0.987207
0.0759216
-0.99691
0.0201394
-0.983975
-0.0781739
-0.160256
0.161335
-0.00764975
-0.98687
0.0788688
-0.996662
0.0210922
-0.983233
-0.0812609
-0.163248
0.164417
-0.00786339
-0.98636
0.0794817
-0.996564
0.023302
-0.982579
-0.0822629
-0.166647
0.167992
-0.0096506
-0.985741
0.0797662
-0.996542
0.0232695
-0.982554
-0.0825381
-0.166659
0.168004
-0.00956975
-0.98574
0.0824336
-0.996301
0.0242813
-0.982582
-0.0853219
-0.165087
0.166548
-0.0102496
-0.98598
0.0882165
-0.995794
0.0247521
-0.982069
-0.0911031
-0.165049
0.16661
-0.00974818
-0.985975
0.0940649
-0.995305
0.0227777
-0.982522
-0.0964997
-0.159182
0.160632
-0.00740618
-0.986987
0.100686
-0.994691
0.0212679
-0.982922
-0.102759
-0.152662
0.154037
-0.00553379
-0.98805
0.107536
-0.994019
0.0190386
-0.983094
-0.10917
-0.146999
0.148198
-0.00290895
-0.988953
0.112138
-0.99349
0.0200734
-0.9834
-0.113854
-0.141289
0.142654
-0.00389629
-0.989765
0.116978
-0.992872
0.0228271
-0.98367
-0.118998
-0.135027
0.136781
-0.00665917
-0.990579
0.12192
-0.992207
0.0257132
-0.984096
-0.124214
-0.126985
0.129189
-0.00982233
-0.991571
0.126174
-0.991597
0.028542
-0.984528
-0.128697
-0.118916
0.12159
-0.0130964
-0.992494
0.130512
-0.990973
0.0306585
-0.984528
-0.133186
-0.113869
0.116925
-0.0153228
-0.993023
0.133975
-0.990513
0.0305608
-0.98445
-0.136564
-0.110488
0.113613
-0.015283
-0.993407
0.136877
-0.990184
0.0282854
-0.984666
-0.139121
-0.10525
0.108152
-0.0134454
-0.994043
0.139412
-0.989928
0.024638
-0.985116
-0.141175
-0.0980641
0.100555
-0.0106
-0.994875
0.141225
-0.989762
0.0206469
-0.985308
-0.142551
-0.0940576
0.0960379
-0.00706032
-0.995353
0.142968
-0.989601
0.0158286
-0.985374
-0.14382
-0.0914014
0.0927274
-0.00252962
-0.995688
0.143439
-0.989603
0.010504
-0.985627
-0.143804
-0.0886599
0.0892486
0.00236428
-0.996007
0.144273
-0.98953
0.00383609
-0.98578
-0.144062
-0.0865095
0.0861564
0.00869947
-0.996244
0.144176
-0.989543
-0.00415122
-0.986047
-0.143311
-0.0846982
0.0832176
0.0163048
-0.996398
0.144431
-0.989429
-0.0130289
-0.986109
-0.14283
-0.0847884
0.0820312
0.025094
-0.996314
0.14465
-0.989334
-0.0171707
-0.98588
-0.142622
-0.0877497
0.0843648
0.0296213
-0.995995
0.139363
-0.990022
-0.0208357
-0.986996
-0.137173
-0.0838022
0.0801079
0.0322436
-0.996265
0.132921
-0.990961
-0.0181388
-0.98831
-0.131143
-0.0777486
0.0746671
0.0282612
-0.996808
0.131023
-0.99127
-0.0147407
-0.988649
-0.129545
-0.0761017
0.0735278
0.0245445
-0.996991
0.131171
-0.991282
-0.0124352
-0.988655
-0.129877
-0.0754531
0.0731802
0.0221914
-0.997072
0.128648
-0.991682
-0.00405577
-0.988889
-0.127976
-0.0756298
0.0744816
0.0137403
-0.997128
0.125635
-0.99195
0.0158565
-0.98907
-0.126482
-0.075777
0.0771725
-0.00616292
-0.996999
0.123671
-0.991484
0.0408051
-0.989184
-0.126443
-0.0743397
0.0788661
-0.0311701
-0.996398
0.121589
-0.99067
0.0615565
-0.989647
-0.125761
-0.0691565
0.0762526
-0.0525105
-0.995705
0.120762
-0.989202
0.083045
-0.989917
-0.126243
-0.0642376
0.0740277
-0.0744502
-0.994473
0.121299
-0.987985
0.0957745
-0.990061
-0.127341
-0.0597024
0.0711811
-0.0875807
-0.993611
0.121512
-0.987971
0.0956423
-0.990075
-0.127495
-0.0591386
0.0706212
-0.087507
-0.993657
0.122543
-0.988438
0.0892929
-0.989683
-0.128434
-0.063496
0.07423
-0.0805906
-0.993979
0.122992
-0.988695
0.0857667
-0.989117
-0.129157
-0.0704659
0.0807467
-0.0761666
-0.99382
0.12557
-0.988618
0.0828612
-0.988248
-0.131985
-0.0771061
0.087165
-0.0722052
-0.993574
0.12942
-0.988415
0.0792864
-0.987164
-0.135976
-0.0837682
0.0935788
-0.0674274
-0.993326
0.133101
-0.98818
0.0760593
-0.986094
-0.139743
-0.0899492
0.0995147
-0.0630293
-0.993038
0.137025
-0.987697
0.0753636
-0.985033
-0.143896
-0.0948921
0.104569
-0.061233
-0.992631
0.1404
-0.987228
0.0752974
-0.984085
-0.14751
-0.0990834
0.108925
-0.0601878
-0.992226
0.142054
-0.986844
0.077203
-0.983077
-0.149765
-0.105496
0.11567
-0.0609104
-0.991418
0.142632
-0.986491
0.0805686
-0.98209
-0.15118
-0.112442
0.123103
-0.0630879
-0.990387
0.143364
-0.986258
0.0821147
-0.981817
-0.152167
-0.113489
0.124425
-0.0643515
-0.99014
0.143729
-0.985816
0.0866564
-0.981698
-0.153087
-0.113284
0.124944
-0.0687881
-0.989776
0.144585
-0.985512
0.0886684
-0.981465
-0.154226
-0.113756
0.125783
-0.0705776
-0.989544
0.144975
-0.985133
0.0921714
-0.981031
-0.155235
-0.116107
0.128689
-0.0735903
-0.988951
0.143161
-0.985218
0.0940781
-0.981537
-0.153521
-0.114089
0.126846
-0.076008
-0.989006
0.142254
-0.985036
0.0973004
-0.982098
-0.152722
-0.110269
0.123478
-0.0798723
-0.989128
0.141228
-0.984775
0.101358
-0.982582
-0.151927
-0.107006
0.120776
-0.0844804
-0.989079
0.140608
-0.984624
0.103654
-0.983029
-0.151301
-0.103736
0.117824
-0.087309
-0.989189
0.139675
-0.98427
0.108187
-0.982563
-0.151309
-0.10805
0.12272
-0.0912084
-0.988241
0.137993
-0.983861
0.113906
-0.980269
-0.152105
-0.126241
0.141529
-0.0942381
-0.985438
0.135381
-0.983811
0.117426
-0.977977
-0.151689
-0.14336
0.158851
-0.0954318
-0.98268
0.133496
-0.983993
0.118052
-0.975646
-0.151405
-0.15872
0.174053
-0.0939884
-0.980241
0.132608
-0.984274
0.116707
-0.973504
-0.15147
-0.171311
0.186295
-0.0908972
-0.97828
0.130222
-0.984969
0.113481
-0.972601
-0.149134
-0.178342
0.192585
-0.0871479
-0.977403
0.12867
-0.985404
0.111463
-0.972228
-0.147502
-0.181704
0.195493
-0.0849875
-0.977016
0.127975
-0.985609
0.110443
-0.972308
-0.146639
-0.181975
0.195551
-0.0840959
-0.977081
0.128999
-0.985631
0.109043
-0.971643
-0.147604
-0.184724
0.198165
-0.0821222
-0.976722
0.130254
-0.985467
0.109036
-0.969869
-0.149478
-0.192381
0.205883
-0.0806921
-0.975244
0.13168
-0.98525
0.109285
-0.967874
-0.151607
-0.200587
0.214196
-0.0793609
-0.973561
0.132154
-0.985137
0.10973
-0.966806
-0.152528
-0.204991
0.218681
-0.0789972
-0.972593
0.133184
-0.98483
0.111232
-0.966071
-0.15406
-0.207297
0.221288
-0.0798492
-0.971934
0.133308
-0.984364
0.11514
-0.965373
-0.155258
-0.209644
0.224243
-0.0832061
-0.970975
0.134231
-0.98344
0.121767
-0.964486
-0.157865
-0.211769
0.227484
-0.0890161
-0.969705
0.134805
-0.982222
0.130642
-0.963424
-0.160745
-0.214421
0.231609
-0.0969587
-0.967965
0.136119
-0.981227
0.136618
-0.962443
-0.16367
-0.216599
0.234893
-0.102004
-0.966654
0.138577
-0.97997
0.143019
-0.961545
-0.167713
-0.217495
0.237125
-0.107379
-0.965527
0.140809
-0.977577
0.156576
-0.960148
-0.173407
-0.219195
0.241432
-0.119471
-0.963035
0.145622
-0.972756
0.180389
-0.955054
-0.185804
-0.230975
0.258199
-0.138646
-0.956091
0.151059
-0.968027
0.200263
-0.950738
-0.197749
-0.23873
0.270699
-0.154336
-0.950212
0.153214
-0.96446
0.215271
-0.949536
-0.204019
-0.23824
0.273693
-0.167905
-0.947048
0.154814
-0.959855
0.233904
-0.948497
-0.210641
-0.23661
0.276381
-0.185227
-0.94303
0.157383
-0.956493
0.245667
-0.947904
-0.216086
-0.23406
0.276962
-0.196032
-0.940672
0.16016
-0.952806
0.257894
-0.946907
-0.22209
-0.232471
0.278775
-0.20697
-0.937789
0.164462
-0.94895
0.269159
-0.944797
-0.229948
-0.233417
0.283393
-0.215912
-0.934382
0.169384
-0.945595
0.277777
-0.942966
-0.23745
-0.233309
0.286574
-0.222416
-0.931883
0.173425
-0.942768
0.284802
-0.941204
-0.243791
-0.233882
0.289929
-0.227496
-0.929616
0.175962
-0.942181
0.285189
-0.940684
-0.24631
-0.233334
0.290088
-0.227215
-0.929636
0.176817
-0.942607
0.283246
-0.941746
-0.245676
-0.229693
0.286097
-0.226133
-0.931135
0.178033
-0.942899
0.281505
-0.944443
-0.244051
-0.220151
0.276282
-0.226671
-0.933964
0.174803
-0.943311
0.28215
-0.953286
-0.233845
-0.191214
0.246353
-0.235545
-0.940122
0.170054
-0.944525
0.280988
-0.962396
-0.220481
-0.158689
0.211838
-0.243436
-0.946501
0.167057
-0.946572
0.275851
-0.969214
-0.208991
-0.130184
0.180879
-0.24561
-0.952344
0.165673
-0.949495
0.266479
-0.975053
-0.198188
-0.0999665
0.147731
-0.243269
-0.958643
0.163665
-0.952764
0.25584
-0.979743
-0.187318
-0.070824
0.115402
-0.239066
-0.964121
0.159958
-0.95655
0.243774
-0.98388
-0.174499
-0.0391223
0.0799607
-0.233586
-0.969043
0.156823
-0.959588
0.233659
-0.986534
-0.163328
-0.00863007
0.0464444
-0.22916
-0.97228
0.159541
-0.96033
0.22872
-0.986638
-0.162866
0.00438695
0.0330378
-0.226364
-0.973482
0.162539
-0.960694
0.225052
-0.986309
-0.164626
0.00959325
0.0278333
-0.223531
-0.974299
0.163277
-0.96151
0.220994
-0.9863
-0.164421
0.0133394
0.0235101
-0.220145
-0.975184
0.162336
-0.963277
0.213879
-0.986366
-0.164348
0.00846039
0.0270008
-0.212336
-0.976824
0.162985
-0.964381
0.208339
-0.985979
-0.166864
-0.00106076
0.0357874
-0.205245
-0.978056
0.165783
-0.965367
0.201453
-0.985282
-0.170773
-0.0075242
0.0416664
-0.197241
-0.979469
0.167927
-0.966095
0.196115
-0.984749
-0.173577
-0.01186
0.0454989
-0.191132
-0.980509
0.169633
-0.96619
0.194169
-0.984255
-0.176027
-0.0160335
0.0496703
-0.188392
-0.980837
0.170645
-0.965029
0.198996
-0.983498
-0.179135
-0.0253377
0.0600988
-0.191388
-0.979673
0.170702
-0.963144
0.207883
-0.98242
-0.182552
-0.0390729
0.0755821
-0.197558
-0.977373
0.170335
-0.962481
0.211224
-0.981842
-0.183941
-0.0463876
0.0835001
-0.199488
-0.976336
0.169792
-0.962988
0.209344
-0.981988
-0.183197
-0.0462495
0.0828888
-0.197721
-0.976748
0.168788
-0.9637
0.206865
-0.982552
-0.181142
-0.0421684
0.0781097
-0.196138
-0.97746
0.168467
-0.963908
0.206155
-0.982826
-0.18024
-0.0395885
0.0753171
-0.195945
-0.977718
0.168405
-0.963726
0.207056
-0.982878
-0.180108
-0.0388914
0.0747729
-0.196961
-0.977556
0.166779
-0.963515
0.209343
-0.983114
-0.178717
-0.0393294
0.0753075
-0.199248
-0.977051
0.166978
-0.961621
0.217724
-0.98237
-0.181091
-0.0464235
0.0840698
-0.206134
-0.974906
0.166212
-0.959167
0.22885
-0.980772
-0.184872
-0.0625172
0.102272
-0.214059
-0.971452
0.163394
-0.956536
0.241539
-0.978735
-0.187941
-0.0821928
0.124015
-0.222973
-0.966904
0.160204
-0.954123
0.252951
-0.976275
-0.190978
-0.102047
0.145674
-0.230602
-0.962082
0.157033
-0.951474
0.264646
-0.97298
-0.194978
-0.123663
0.169262
-0.238077
-0.956384
0.153581
-0.947953
0.278924
-0.968087
-0.200919
-0.149798
0.198043
-0.247016
-0.948558
0.149898
-0.945498
0.289075
-0.964953
-0.203603
-0.165567
0.215399
-0.254126
-0.94288
0.147946
-0.945527
0.289983
-0.965288
-0.201868
-0.165736
0.215246
-0.255397
-0.942572
0.148044
-0.944168
0.294328
-0.965284
-0.202707
-0.16473
0.215196
-0.259723
-0.9414
0.148404
-0.942228
0.300303
-0.965448
-0.203817
-0.162387
0.214212
-0.265828
-0.939919
0.145074
-0.935783
0.321348
-0.964276
-0.206478
-0.165947
0.221642
-0.285793
-0.932307
0.139585
-0.926488
0.349481
-0.962343
-0.210067
-0.172532
0.233263
-0.312238
-0.920921
0.135498
-0.918255
0.372086
-0.960628
-0.213699
-0.177559
0.242559
-0.333377
-0.911057
0.133749
-0.911351
0.389295
-0.958506
-0.218752
-0.182793
0.251747
-0.348694
-0.902793
0.13293
-0.908933
0.395185
-0.957171
-0.221201
-0.1868
0.257204
-0.353428
-0.899408
0.13082
-0.907347
0.399509
-0.955695
-0.222597
-0.192607
0.263691
-0.356612
-0.896267
0.13006
-0.907512
0.399383
-0.952919
-0.225689
-0.20251
0.273916
-0.354241
-0.894138
0.129139
-0.910783
0.39217
-0.951832
-0.224763
-0.208562
0.2781
-0.346347
-0.895938
0.127202
-0.914559
0.383928
-0.951736
-0.221542
-0.21241
0.279318
-0.338379
-0.8986
0.1271
-0.916249
0.379912
-0.9514
-0.220932
-0.214538
0.280505
-0.33418
-0.8998
0.127835
-0.916402
0.379295
-0.951241
-0.221529
-0.214629
0.280711
-0.333364
-0.900039
0.131013
-0.916205
0.378687
-0.950914
-0.224156
-0.213346
0.280354
-0.332148
-0.9006
0.142328
-0.911666
0.385497
-0.948813
-0.236598
-0.209224
0.281951
-0.335986
-0.898675
0.159865
-0.90775
0.387856
-0.948042
-0.250669
-0.195914
0.275064
-0.336384
-0.900658
0.17492
-0.905146
0.387445
-0.948801
-0.260085
-0.179254
0.263019
-0.336253
-0.904298
0.191557
-0.901639
0.387755
-0.94935
-0.270473
-0.159932
0.249079
-0.337479
-0.907782
0.209133
-0.897164
0.389049
-0.949023
-0.282155
-0.140515
0.235837
-0.33983
-0.910437
0.226219
-0.892778
0.38958
-0.948919
-0.292293
-0.11882
0.219951
-0.342801
-0.913296
0.243782
-0.889525
0.386413
-0.949671
-0.299762
-0.090921
0.196709
-0.344801
-0.917833
0.263379
-0.886138
0.381301
-0.949321
-0.308354
-0.0608795
0.171524
-0.345943
-0.922444
0.282492
-0.881993
0.377208
-0.947388
-0.318218
-0.03456
0.150516
-0.347599
-0.925483
0.299569
-0.877538
0.374413
-0.945086
-0.326683
-0.00950229
0.130653
-0.351006
-0.927213
0.315242
-0.873179
0.371727
-0.942629
-0.333454
0.0161175
0.10988
-0.355481
-0.928202
0.328772
-0.871878
0.362957
-0.94071
-0.336318
0.0442214
0.0835132
-0.355976
-0.930756
0.342385
-0.870739
0.352968
-0.937614
-0.340814
0.068746
0.0604365
-0.354485
-0.933107
0.3548
-0.871097
0.339569
-0.934202
-0.344759
0.0916945
0.0371944
-0.349759
-0.936101
0.366133
-0.871847
0.325315
-0.930455
-0.348305
0.113739
0.0141456
-0.344334
-0.93874
0.375851
-0.872754
0.311507
-0.926647
-0.351111
0.134341
-0.00787321
-0.339149
-0.9407
0.385444
-0.873509
0.297346
-0.922305
-0.354921
0.15292
-0.0280429
-0.333186
-0.942444
0.391009
-0.873888
0.288845
-0.919457
-0.356774
0.165261
-0.0413671
-0.330199
-0.943005
0.39315
-0.873132
0.288226
-0.918297
-0.356998
0.171123
-0.0465168
-0.331955
-0.942148
0.394109
-0.87273
0.288134
-0.917759
-0.357008
0.173965
-0.048958
-0.332999
-0.941655
0.394186
-0.873227
0.286516
-0.917527
-0.356099
0.177026
-0.0525557
-0.332667
-0.941579
0.392985
-0.877199
0.275833
-0.917875
-0.35614
0.175125
-0.0553845
-0.322002
-0.945118
0.390841
-0.885289
0.252003
-0.918701
-0.358283
0.166197
-0.0568436
-0.296472
-0.953348
0.385756
-0.89493
0.224261
-0.920539
-0.357106
0.15838
-0.0616537
-0.267537
-0.961573
0.379746
-0.905121
0.191176
-0.922919
-0.356525
0.145294
-0.0633493
-0.231615
-0.970743
0.372036
-0.915599
0.152539
-0.92602
-0.354806
0.12884
-0.0638439
-0.189187
-0.979863
0.359731
-0.924931
0.122863
-0.930686
-0.346313
0.117861
-0.0664639
-0.156745
-0.9854
0.344413
-0.933432
0.100425
-0.936185
-0.333471
0.111151
-0.0702635
-0.132298
-0.988716
0.32656
-0.941585
0.0823137
-0.942666
-0.318112
0.100922
-0.0688421
-0.110551
-0.991483
0.306814
-0.949233
0.0694348
-0.949723
-0.300557
0.087708
-0.0623863
-0.0928539
-0.993723
0.288953
-0.955594
0.0578422
-0.955534
-0.284167
0.0787673
-0.0588328
-0.0780302
-0.995214
0.271592
-0.961135
0.0495686
-0.960697
-0.267673
0.0735726
-0.057445
-0.0676021
-0.996057
0.261486
-0.964359
0.0404637
-0.963762
-0.258572
0.0655948
-0.0527941
-0.0561495
-0.997026
0.25355
-0.96649
0.0401237
-0.966381
-0.251256
0.054564
-0.0426542
-0.0526094
-0.997704
0.2486
-0.967647
0.0430964
-0.96804
-0.246687
0.0452089
-0.0331149
-0.052958
-0.998048
0.244611
-0.968671
0.042926
-0.969143
-0.242859
0.0422118
-0.0304644
-0.0519269
-0.998186
0.243363
-0.969056
0.0413001
-0.969454
-0.241681
0.0418197
-0.0305442
-0.0502159
-0.998271
0.240708
-0.969975
0.0347642
-0.970096
-0.239279
0.0407314
-0.0311901
-0.043529
-0.998565
0.234814
-0.971575
0.0300877
-0.97161
-0.233677
0.0369955
-0.0289131
-0.0379206
-0.998862
0.227562
-0.97325
0.0316212
-0.973445
-0.226538
0.0329327
-0.0248883
-0.0382757
-0.998957
0.218589
-0.975337
0.030614
-0.975499
-0.21761
0.0323625
-0.0249024
-0.036938
-0.999007
0.210056
-0.977355
0.0255484
-0.977356
-0.20923
0.0316043
-0.0255431
-0.0316086
-0.999174
0.201642
-0.979158
0.0243067
-0.979116
-0.200852
0.0314687
-0.0259308
-0.0301445
-0.999209
0.191702
-0.980933
0.0319514
-0.981083
-0.190633
0.0336952
-0.0269617
-0.0378064
-0.998921
0.1876
-0.981499
0.0382768
-0.981794
-0.18619
0.0375931
-0.0297708
-0.0446324
-0.99856
0.183686
-0.982241
0.0382436
-0.982477
-0.182201
0.0392716
-0.0316061
-0.044787
-0.998496
0.181228
-0.982733
0.0373013
-0.982965
-0.17983
0.0379488
-0.0305857
-0.0435433
-0.998583
0.17926
-0.983167
0.0353346
-0.983477
-0.178163
0.0321022
-0.0252665
-0.0405054
-0.99886
0.179483
-0.983023
0.0380933
-0.983587
-0.178589
0.0257286
-0.0184888
-0.0420859
-0.998943
0.179422
-0.982829
0.0430559
-0.983685
-0.178652
0.0211384
-0.0130834
-0.0461462
-0.998849
0.180409
-0.982522
0.0458677
-0.983563
-0.179852
0.016037
-0.00750735
-0.048007
-0.998819
0.180902
-0.982422
0.0460561
-0.983487
-0.180454
0.0137435
-0.00519087
-0.0477819
-0.998844
0.18155
-0.982316
0.0457672
-0.983377
-0.181211
0.011485
-0.00298837
-0.0470915
-0.998886
0.182001
-0.982196
0.0465463
-0.983298
-0.18176
0.00939202
-0.000764533
-0.0474782
-0.998872
0.181417
-0.982313
0.0463511
-0.983406
-0.181192
0.00904817
-0.000489705
-0.0472234
-0.998884
0.181141
-0.982245
0.0488034
-0.983455
-0.181009
0.00715302
0.00180783
-0.0492917
-0.998783
0.183032
-0.981841
0.0498845
-0.983037
-0.183388
-0.00261381
0.0117145
-0.0485599
-0.998752
0.187221
-0.980881
0.0531056
-0.981914
-0.188421
-0.0185161
0.0281683
-0.0486785
-0.998417
0.191469
-0.980072
0.0528924
-0.980593
-0.193329
-0.0325739
0.0421504
-0.0456291
-0.998069
0.193736
-0.979604
0.0533164
-0.979549
-0.196161
-0.0447611
0.0543068
-0.0435542
-0.997574
0.195191
-0.979294
0.0537021
-0.978561
-0.198129
-0.0562404
0.0657158
-0.0415731
-0.996972
0.196594
-0.978876
0.0561505
-0.97756
-0.200106
-0.0658381
0.0756834
-0.0419471
-0.996249
0.197765
-0.978635
0.0562395
-0.976847
-0.20153
-0.0717976
0.0815976
-0.0407383
-0.995832
0.198736
-0.978536
0.0545114
-0.976252
-0.202553
-0.0768441
0.0862361
-0.0379452
-0.995552
0.199513
-0.978329
0.055383
-0.975609
-0.203604
-0.0820575
0.0915554
-0.0376606
-0.995088
0.199908
-0.978234
0.0556261
-0.975388
-0.204074
-0.0834937
0.0930283
-0.037566
-0.994955
0.199992
-0.978327
0.0536654
-0.975457
-0.203957
-0.0829808
0.0921277
-0.0357528
-0.995105
0.200314
-0.978581
0.0474665
-0.975795
-0.203614
-0.0797849
0.0877408
-0.0303355
-0.995681
0.200509
-0.978554
0.0472098
-0.976004
-0.203699
-0.0769641
0.0849301
-0.030645
-0.995916
0.201472
-0.978358
0.0471609
-0.976121
-0.204537
-0.0731576
0.0812205
-0.0312956
-0.996205
0.20155
-0.97832
0.0476231
-0.976184
-0.204619
-0.0720866
0.0802684
-0.0319598
-0.996261
0.200515
-0.978451
0.0492722
-0.976407
-0.203704
-0.071646
0.080139
-0.0337436
-0.996212
0.20175
-0.977825
0.0561631
-0.976055
-0.205484
-0.0713648
0.0813229
-0.0404205
-0.995868
0.203049
-0.976963
0.0656873
-0.975782
-0.207465
-0.0693429
0.0813733
-0.0500165
-0.995428
0.204297
-0.976556
0.0678345
-0.975737
-0.208719
-0.0661295
0.0787375
-0.0526786
-0.995503
0.207243
-0.975738
0.0706146
-0.975117
-0.211841
-0.0653445
0.0787181
-0.0553153
-0.995361
0.206897
-0.975668
0.0725643
-0.975181
-0.211633
-0.0650676
0.0788413
-0.0573011
-0.995239
0.206995
-0.9749
0.0819962
-0.974783
-0.212659
-0.0676372
0.0833767
-0.0659279
-0.994335
0.204196
-0.973915
0.0989662
-0.975123
-0.211267
-0.0670911
0.0862493
-0.0828044
-0.992827
0.201077
-0.973972
0.104628
-0.975713
-0.208614
-0.0668156
0.0869034
-0.0886522
-0.992264
0.193394
-0.974198
0.11635
-0.976569
-0.202549
-0.0727085
0.0943989
-0.0995624
-0.990543
0.182599
-0.974567
0.129912
-0.97815
-0.193429
-0.0762041
0.0993947
-0.113159
-0.988593
0.170041
-0.973291
0.154243
-0.980059
-0.183359
-0.0765754
0.102812
-0.138146
-0.985061
0.152719
-0.974187
0.166242
-0.983558
-0.166232
-0.0705785
0.0963914
-0.152729
-0.983556
0.124574
-0.97805
0.167031
-0.988828
-0.136266
-0.0604276
0.0818619
-0.157637
-0.984098
0.0870518
-0.980579
0.175747
-0.993678
-0.0980242
-0.0547318
0.0708963
-0.169871
-0.982913
0.0470259
-0.982378
0.180893
-0.997407
-0.056056
-0.0451326
0.0544774
-0.178301
-0.982467
0.00647964
-0.982315
0.187122
-0.999133
-0.0140551
-0.0391859
0.041123
-0.186706
-0.981555
-0.0337797
-0.981361
0.189181
-0.998959
0.0273458
-0.0365173
0.0306634
-0.190217
-0.981263
-0.0740972
-0.97938
0.187948
-0.997034
0.0688204
-0.0344569
0.0208117
-0.189944
-0.981574
-0.110596
-0.975912
0.188054
-0.993693
0.105059
-0.0391906
0.0184898
-0.191202
-0.981377
-0.143178
-0.971704
0.187862
-0.989457
0.136361
-0.0487924
0.0217947
-0.192868
-0.980983
-0.168044
-0.968345
0.18458
-0.98537
0.159609
-0.0597551
0.0284029
-0.191921
-0.980999
-0.185002
-0.966941
0.175499
-0.982066
0.175299
-0.0694034
0.036344
-0.185192
-0.98203
-0.194693
-0.966436
0.167619
-0.979744
0.183443
-0.0803184
0.046874
-0.179861
-0.982575
-0.200146
-0.967158
0.156671
-0.977892
0.187307
-0.0929704
0.0605714
-0.171815
-0.983265
-0.202187
-0.969478
0.138684
-0.97632
0.188406
-0.106314
0.0769406
-0.156895
-0.984614
-0.202382
-0.970707
0.129498
-0.975104
0.187508
-0.118374
0.0906243
-0.150231
-0.984489
-0.200302
-0.971817
0.124304
-0.974021
0.183844
-0.132225
0.105646
-0.14756
-0.983395
-0.197134
-0.972885
0.120963
-0.972563
0.178522
-0.149171
0.123532
-0.147051
-0.981385
-0.194584
-0.972844
0.125348
-0.970594
0.172501
-0.167899
0.141717
-0.154332
-0.977803
-0.191131
-0.973279
0.127266
-0.969216
0.166632
-0.181256
0.155206
-0.157992
-0.975166
-0.189088
-0.97386
0.125868
-0.968204
0.163521
-0.189319
0.163788
-0.157664
-0.973815
-0.18768
-0.974485
0.123108
-0.967353
0.161648
-0.195188
0.170307
-0.155722
-0.973009
-0.186797
-0.974952
0.12073
-0.967068
0.160862
-0.197239
0.172877
-0.153598
-0.972893
-0.185321
-0.97554
0.11823
-0.966932
0.159575
-0.198943
0.17521
-0.151189
-0.972853
-0.184567
-0.975965
0.115873
-0.966929
0.1592
-0.199258
0.176022
-0.148817
-0.973072
-0.184818
-0.976585
0.110113
-0.967242
0.160912
-0.19634
0.174024
-0.142793
-0.974333
-0.185553
-0.976678
0.108027
-0.967461
0.162335
-0.194079
0.172016
-0.140523
-0.97502
-0.185169
-0.976827
0.107342
-0.967507
0.162077
-0.194064
0.172169
-0.139789
-0.975098
-0.183653
-0.977642
0.102414
-0.96786
0.161631
-0.192672
0.17181
-0.134507
-0.975904
-0.182634
-0.978323
0.0976126
-0.96827
0.16175
-0.1905
0.170582
-0.129307
-0.976822
-0.180795
-0.979012
0.0940648
-0.968572
0.160619
-0.189921
0.170826
-0.125445
-0.977283
-0.178863
-0.979874
0.0886333
-0.968033
0.159167
-0.193852
0.175843
-0.120473
-0.977019
-0.177283
-0.980436
0.0855316
-0.967104
0.157441
-0.199807
0.182432
-0.11814
-0.976095
-0.174091
-0.981478
0.0799571
-0.966467
0.154732
-0.20494
0.188772
-0.112954
-0.975503
-0.172114
-0.982101
0.0765087
-0.965803
0.152948
-0.209358
0.193909
-0.109926
-0.974841
-0.16781
-0.982987
0.0746793
-0.964777
0.148188
-0.217361
0.202597
-0.108524
-0.97323
-0.162469
-0.984178
0.0707001
-0.963774
0.142923
-0.225196
0.211528
-0.104726
-0.971745
-0.156074
-0.985374
0.0684084
-0.963031
0.136407
-0.232303
0.219573
-0.102136
-0.970235
-0.149939
-0.986566
0.0648566
-0.962296
0.130563
-0.238619
0.226945
-0.0981895
-0.968945
-0.145652
-0.98755
0.0594181
-0.961006
0.126956
-0.245661
0.235059
-0.0928821
-0.967533
-0.141654
-0.988211
0.0580796
-0.959592
0.122667
-0.25325
0.24314
-0.0916067
-0.965656
-0.138259
-0.988648
0.0588244
-0.958751
0.11871
-0.258272
0.248357
-0.0921063
-0.96428
-0.136675
-0.988803
0.0599003
-0.958614
0.116772
-0.259659
0.249757
-0.0929102
-0.963841
-0.136659
-0.988699
0.0616323
-0.959761
0.116738
-0.255404
0.245323
-0.0940555
-0.964868
-0.132402
-0.988908
0.0673151
-0.962887
0.112209
-0.245473
0.235197
-0.0973179
-0.967063
-0.122195
-0.989806
0.0731632
-0.970592
0.103766
-0.217218
0.207412
-0.0975545
-0.973377
-0.111202
-0.990737
0.0779339
-0.977436
0.0948631
-0.188734
0.179592
-0.097163
-0.978931
-0.100461
-0.99179
0.0791161
-0.983038
0.0866814
-0.161622
0.153437
-0.0940108
-0.983676
-0.0855977
-0.993499
0.075051
-0.987573
0.0746391
-0.138307
0.131806
-0.0859571
-0.987542
-0.0761048
-0.994731
0.0686852
-0.991008
0.0678574
-0.115318
0.110049
-0.0768438
-0.990951
-0.0660559
-0.995677
0.0653018
-0.993251
0.0593598
-0.0996429
0.0953358
-0.0714431
-0.992878
-0.0525647
-0.996673
0.0622868
-0.99443
0.0465364
-0.0945682
0.091355
-0.0669108
-0.993568
-0.0401799
-0.997643
0.0556194
-0.994921
0.0348045
-0.0944527
0.0922943
-0.059132
-0.993974
-0.0328091
-0.998605
0.0413627
-0.99494
0.0287006
-0.0962829
0.0949614
-0.0443124
-0.994494
-0.0294909
-0.999105
0.0303281
-0.994642
0.0263244
-0.0999748
0.099087
-0.0331139
-0.994528
-0.0253908
-0.999508
0.0184047
-0.994147
0.023312
-0.105493
0.105012
-0.0209755
-0.99425
-0.026039
-0.999593
0.0116303
-0.993991
0.0246522
-0.106645
0.106315
-0.0143374
-0.994229
-0.0269819
-0.99959
0.00960601
-0.993955
0.0258043
-0.106709
0.106418
-0.0124272
-0.994244
-0.0292494
-0.999548
0.0069957
-0.993817
0.0283304
-0.107353
0.107106
-0.0100925
-0.994196
-0.0293455
-0.999544
0.00717414
-0.993661
0.0283922
-0.10877
0.108516
-0.0103206
-0.994041
-0.0286705
-0.999558
0.00782448
-0.993671
0.0276493
-0.108877
0.108613
-0.0108965
-0.994024
-0.0286997
-0.999485
0.0143587
-0.99395
0.0270114
-0.106461
0.106018
-0.0173273
-0.994213
-0.0288684
-0.999417
0.018249
-0.994288
0.026834
-0.103302
0.102753
-0.0211269
-0.994483
