-0.294341
1.09254
-0.160316
-0.296116
1.0927
-0.160047
-0.297619
1.09239
-0.15968
-0.299101
1.09216
-0.159388
-0.300602
1.092
-0.159069
-0.301888
1.09166
-0.158546
-0.303518
1.0915
-0.158277
-0.30498
1.09132
-0.157936
-0.306475
1.09106
-0.157604
-0.30792
1.09088
-0.157246
-0.309354
1.09056
-0.156772
-0.310845
1.09027
-0.156361
-0.312275
1.09001
-0.155992
-0.313656
1.08971
-0.155765
-0.315159
1.08947
-0.155285
-0.316707
1.08922
-0.154946
-0.31826
1.0889
-0.1546
-0.319781
1.08865
-0.154245
-0.321223
1.08843
-0.15394
-0.322695
1.08802
-0.153538
-0.324309
1.08769
-0.153345
-0.325434
1.08762
-0.153494
-0.325045
1.08813
-0.155022
-0.3237
1.08908
-0.158487
-0.322548
1.08901
-0.161283
-0.321325
1.08865
-0.163231
-0.320004
1.08843
-0.165413
-0.319046
1.08798
-0.16876
-0.317413
1.08768
-0.172154
-0.316149
1.0883
-0.175443
-0.31487
1.08895
-0.178622
-0.314235
1.08959
-0.181862
-0.313181
1.09042
-0.184519
-0.311817
1.09145
-0.186993
-0.31014
1.09326
-0.189243
-0.308196
1.0953
-0.191376
-0.305603
1.09669
-0.193289
-0.302607
1.09796
-0.194608
-0.299846
1.09869
-0.195299
-0.29813
1.09887
-0.196072
-0.296796
1.09884
-0.19663
-0.295835
1.09888
-0.196828
-0.294687
1.10013
-0.195687
-0.293876
1.10213
-0.19111
-0.293595
1.10415
-0.185241
-0.294056
1.10515
-0.180296
-0.294093
1.1054
-0.176359
-0.294662
1.10587
-0.171951
-0.294445
1.1065
-0.166577
-0.293574
1.10725
-0.161361
-0.292994
1.1077
-0.156467
-0.292991
1.10808
-0.151901
-0.292904
1.10878
-0.147075
-0.293078
1.11008
-0.141737
-0.293397
1.11137
-0.136696
-0.293407
1.11258
-0.131921
-0.293211
1.11401
-0.126981
-0.293339
1.1148
-0.121956
-0.293126
1.11514
-0.116139
-0.292462
1.11551
-0.109515
-0.290419
1.11678
-0.103002
-0.287934
1.11923
-0.0979518
-0.285337
1.12271
-0.0934826
-0.282659
1.12585
-0.0891152
-0.279865
1.12858
-0.0860445
-0.276957
1.13088
-0.0844419
-0.273879
1.13377
-0.0855355
-0.27174
1.13566
-0.0884922
-0.270731
1.13644
-0.093291
-0.269994
1.13595
-0.0988626
-0.269725
1.13529
-0.104189
-0.269613
1.1341
-0.109754
-0.270577
1.13264
-0.115544
-0.271271
1.13093
-0.120575
-0.272145
1.12887
-0.125765
-0.273622
1.1275
-0.130158
-0.274973
1.12702
-0.133593
-0.275094
1.12724
-0.136532
-0.275303
1.12746
-0.139435
-0.275246
1.12786
-0.141943
-0.275218
1.12858
-0.144947
-0.274596
1.12958
-0.147957
-0.273553
1.13081
-0.150532
-0.272641
1.13222
-0.152907
-0.271898
1.13358
-0.154663
-0.271063
1.13484
-0.156337
-0.270559
1.13644
-0.157698
-0.270168
1.13806
-0.158687
-0.270149
1.14015
-0.15902
-0.268801
1.14209
-0.159837
-0.268311
1.14321
-0.161377
-0.268677
1.1436
-0.163414
-0.268524
1.14487
-0.165418
-0.267848
1.14678
-0.167242
-0.267499
1.14854
-0.168675
-0.267659
1.15
-0.17001
-0.268517
1.15125
-0.171461
-0.269743
1.15243
-0.172677
-0.271204
1.15408
-0.173606
-0.273564
1.15574
-0.173936
-0.275825
1.15653
-0.173998
-0.278264
1.15698
-0.174013
-0.279819
1.15719
-0.174279
-0.28095
1.15727
-0.173805
-0.281182
1.15715
-0.17203
-0.281636
1.15713
-0.16965
-0.282523
1.1568
-0.166751
-0.283334
1.15653
-0.163238
-0.284244
1.15662
-0.159373
-0.283783
1.15698
-0.155601
-0.282518
1.15768
-0.152366
-0.280191
1.15912
-0.149081
-0.277455
1.1611
-0.146454
-0.275521
1.16232
-0.144796
-0.274458
1.16202
-0.143291
-0.273434
1.16186
-0.140992
-0.272842
1.16218
-0.137822
-0.272304
1.16262
-0.134105
-0.271742
1.16322
-0.129733
-0.27189
1.16463
-0.124842
-0.271127
1.16681
-0.119921
-0.270125
1.16835
-0.113749
-0.26914
1.16982
-0.108325
-0.267997
1.17136
-0.104079
-0.26677
1.17296
-0.101359
-0.265996
1.17398
-0.0999257
-0.264879
1.17456
-0.0991324
-0.2642
1.17549
-0.0997582
-0.264165
1.17574
-0.101259
-0.263823
1.17603
-0.102997
-0.263666
1.17699
-0.104798
-0.263795
1.17803
-0.108377
-0.263572
1.17899
-0.111961
-0.26267
1.18041
-0.115191
-0.261962
1.18218
-0.11863
-0.261796
1.1837
-0.12287
-0.261735
1.18603
-0.127257
-0.261571
1.18945
-0.131207
-0.260841
1.19459
-0.134212
-0.260311
1.19933
-0.137614
-0.260618
1.2032
-0.140557
-0.26241
1.20678
-0.144141
-0.263502
1.21118
-0.147741
-0.264622
1.2151
-0.151182
-0.266083
1.21907
-0.156157
-0.267256
1.22315
-0.160747
-0.266784
1.22688
-0.163734
-0.267246
1.22974
-0.166075
-0.26887
1.23292
-0.168151
-0.270738
1.23717
-0.170822
-0.272373
1.24245
-0.173279
-0.273655
1.24702
-0.175655
-0.274825
1.251
-0.175223
-0.276913
1.25437
-0.173783
-0.279138
1.25615
-0.173682
-0.28254
1.25636
-0.175305
-0.286343
1.25612
-0.176439
-0.291451
1.25561
-0.17592
-0.296781
1.25459
-0.174003
-0.301236
1.25347
-0.172061
-0.304418
1.25158
-0.170354
-0.307139
1.2489
-0.169099
-0.309394
1.24615
-0.167916
-0.311483
1.24309
-0.166328
-0.313382
1.24024
-0.16413
-0.314711
1.23733
-0.161199
-0.315117
1.23476
-0.158024
-0.314894
1.2317
-0.155107
-0.314238
1.22707
-0.151783
-0.314027
1.22252
-0.149194
-0.314509
1.21795
-0.147611
-0.315485
1.21379
-0.146487
-0.316285
1.21078
-0.146223
-0.316258
1.20806
-0.146489
-0.316148
1.20612
-0.146878
-0.31506
1.2037
-0.146425
-0.313941
1.20059
-0.145916
-0.312754
1.19744
-0.145796
-0.311716
1.19478
-0.146962
-0.31105
1.19194
-0.149435
-0.309556
1.1899
-0.152497
-0.307525
1.18844
-0.155197
-0.30568
1.18702
-0.1571
-0.304429
1.18606
-0.158015
-0.304014
1.1854
-0.158558
-0.303535
1.18536
-0.158604
-0.302145
1.18626
-0.158431
-0.300855
1.18788
-0.158756
-0.299842
1.18842
-0.160145
-0.298841
1.18931
-0.161767
-0.297625
1.19071
-0.163698
-0.296558
1.19224
-0.165297
-0.295786
1.19393
-0.166544
-0.294702
1.196
-0.167191
-0.293945
1.19776
-0.16788
-0.293917
1.19936
-0.16939
-0.293775
1.20063
-0.171627
-0.29358
1.20174
-0.173705
-0.293762
1.20295
-0.175342
-0.294648
1.20338
-0.177065
-0.296446
1.20351
-0.179138
-0.297943
1.20362
-0.180674
-0.299262
1.20402
-0.181847
-0.300889
1.20474
-0.183014
-0.302866
1.20517
-0.18401
-0.304992
1.2056
-0.184108
-0.307832
1.20593
-0.184923
-0.310368
1.20695
-0.185704
-0.31311
1.20797
-0.185933
-0.316211
1.20828
-0.185672
-0.318758
1.20772
-0.185059
-0.321173
1.20634
-0.184265
-0.32435
1.20396
-0.18398
-0.327094
1.20181
-0.183828
-0.329038
1.2002
-0.183599
-0.330538
1.19922
-0.182893
-0.332273
1.19845
-0.182584
-0.333907
1.19719
-0.182911
-0.334665
1.19512
-0.183521
-0.335126
1.19303
-0.183876
-0.335602
1.19118
-0.183795
-0.335885
1.18958
-0.18304
-0.335861
1.18871
-0.181777
-0.335599
1.18807
-0.180876
-0.334942
1.18737
-0.18032
-0.33415
1.18637
-0.179971
-0.333471
1.18551
-0.17968
-0.332674
1.18448
-0.179544
-0.332163
1.1833
-0.179887
-0.331435
1.18213
-0.180748
-0.330965
1.1808
-0.18174
-0.330775
1.1782
-0.181616
-0.331039
1.17575
-0.181716
-0.330965
1.17327
-0.181819
-0.330614
1.17157
-0.181554
-0.330037
1.17031
-0.182196
-0.330034
1.16854
-0.182795
-0.330013
1.16629
-0.182537
-0.33154
1.16351
-0.182921
-0.33279
1.15934
-0.183571
-0.333086
1.15531
-0.182598
-0.332568
1.15245
-0.181131
-0.332602
1.15065
-0.179413
-0.332643
1.14802
-0.175831
-0.332492
1.14501
-0.1716
-0.331825
1.1423
-0.167413
-0.330867
1.13955
-0.16263
-0.330447
1.13586
-0.158489
-0.330905
1.13111
-0.156386
-0.331131
1.12659
-0.155863
-0.33089
1.12359
-0.15701
-0.329192
1.12128
-0.158689
-0.327803
1.11809
-0.160183
-0.326336
1.11534
-0.161779
-0.324949
1.11325
-0.164752
-0.324394
1.11223
-0.168943
-0.323578
1.11147
-0.173137
-0.32335
1.11038
-0.176434
-0.323602
1.10845
-0.178876
-0.32487
1.10599
-0.180607
-0.328484
1.10354
-0.181992
-0.332512
1.10131
-0.182219
-0.335943
1.09999
-0.181888
-0.338931
1.09985
-0.182292
-0.341971
1.10047
-0.182899
-0.34525
1.10125
-0.183104
-0.348839
1.10228
-0.183135
-0.352178
1.10373
-0.1826
-0.35509
1.10564
-0.182234
-0.358217
1.10831
-0.182243
-0.361318
1.11121
-0.18232
-0.363407
1.11458
-0.182441
-0.364475
1.11856
-0.182873
-0.365396
1.1218
-0.182949
-0.366382
1.12522
-0.183227
-0.366547
1.13029
-0.184201
-0.366319
1.13536
-0.184587
-0.365343
1.13986
-0.184754
-0.364509
1.14368
-0.183454
-0.364325
1.14748
-0.183442
-0.363304
1.15112
-0.182589
-0.36255
1.1537
-0.181107
-0.361949
1.1559
-0.180007
-0.360559
1.15807
-0.178992
-0.359082
1.16008
-0.178207
-0.356882
1.16233
-0.176975
-0.354354
1.16489
-0.175334
-0.351523
1.16691
-0.174117
-0.349042
1.16849
-0.17371
-0.347063
1.16894
-0.173468
-0.345466
1.16904
-0.173477
-0.343904
1.16905
-0.172993
-0.342186
1.16865
-0.170984
-0.340829
1.16785
-0.168588
-0.339689
1.16733
-0.166961
-0.3379
1.16666
-0.165629
-0.336188
1.16601
-0.164607
-0.33458
1.16538
-0.164043
-0.333591
1.16472
-0.16384
-0.333111
1.16396
-0.162929
-0.332145
1.16346
-0.161587
-0.331067
1.16306
-0.160557
-0.329898
1.16351
-0.159395
-0.329258
1.16454
-0.158
-0.328716
1.16704
-0.155374
-0.32948
1.1703
-0.152733
-0.330655
1.17411
-0.151028
-0.332109
1.17841
-0.150926
-0.334341
1.18257
-0.152639
-0.336737
1.18755
-0.155593
-0.338479
1.19314
-0.160048
-0.339973
1.19824
-0.164589
-0.341489
1.20342
-0.169365
-0.343482
1.20865
-0.174483
-0.346155
1.21237
-0.180259
-0.350275
1.21524
-0.185609
-0.353855
1.21762
-0.19026
-0.356489
1.22092
-0.195051
-0.3593
1.22496
-0.199258
-0.361758
1.22901
-0.200979
-0.364319
1.23383
-0.200284
-0.36743
1.23805
-0.199367
-0.370747
1.24108
-0.198247
-0.373931
1.24323
-0.197075
-0.377237
1.24453
-0.195374
-0.37989
1.24499
-0.192995
-0.382836
1.24529
-0.190049
-0.386146
1.24541
-0.187062
-0.390402
1.24574
-0.182101
-0.394281
1.24636
-0.17476
-0.397984
1.24682
-0.16593
-0.400809
1.24673
-0.157632
-0.402739
1.24585
-0.149895
-0.405276
1.24442
-0.143043
-0.408332
1.2421
-0.138264
-0.410449
1.23908
-0.135956
-0.413342
1.23588
-0.136082
-0.416897
1.2328
-0.136441
-0.419758
1.23004
-0.136982
-0.421625
1.22788
-0.138162
-0.424015
1.2267
-0.140131
-0.425773
1.22578
-0.142786
-0.42682
1.22518
-0.145248
-0.427591
1.2243
-0.147413
-0.429725
1.22299
-0.151148
-0.431928
1.22234
-0.157374
-0.432795
1.22161
-0.163468
-0.433096
1.22185
-0.16841
-0.433004
1.22188
-0.172374
-0.43358
1.22189
-0.175385
-0.433347
1.22249
-0.178215
-0.432051
1.22345
-0.180315
-0.431528
1.22466
-0.180998
-0.431592
1.22582
-0.181047
-0.431235
1.22645
-0.180773
-0.430409
1.22766
-0.180159
-0.429269
1.22883
-0.179641
-0.427916
1.22907
-0.179819
-0.427227
1.22983
-0.181331
-0.427216
1.23036
-0.182273
-0.427159
1.23092
-0.183251
-0.426608
1.23095
-0.18454
-0.425565
1.23113
-0.186128
-0.424572
1.23161
-0.187556
-0.423511
1.23231
-0.188106
-0.422201
1.23355
-0.186984
-0.420435
1.23398
-0.184795
-0.418602
1.23434
-0.183879
-0.416565
1.23379
-0.183642
-0.41403
1.23297
-0.183588
-0.410905
1.23284
-0.183969
-0.407399
1.23354
-0.184973
-0.405223
1.23476
-0.186311
-0.403365
1.23532
-0.186339
-0.402107
1.23507
-0.183558
-0.401696
1.23532
-0.179761
-0.402048
1.2361
-0.176313
-0.402781
1.23716
-0.173371
-0.405094
1.23865
-0.170899
-0.408887
1.2399
-0.168261
-0.412836
1.24138
-0.165092
-0.415107
1.2426
-0.16087
-0.41625
1.24058
-0.156347
-0.415783
1.23703
-0.152634
-0.41457
1.23156
-0.150274
-0.412387
1.22511
-0.148395
-0.411339
1.21934
-0.147475
-0.411119
1.21472
-0.146854
-0.410921
1.21046
-0.146355
-0.409902
1.20634
-0.146587
-0.408813
1.20186
-0.147193
-0.407945
1.1976
-0.148225
-0.407607
1.19318
-0.149084
-0.407241
1.18865
-0.15007
-0.406811
1.18435
-0.151138
-0.406223
1.18002
-0.151461
-0.406083
1.17567
-0.151971
-0.405983
1.17161
-0.152523
-0.406266
1.16741
-0.15399
-0.406523
1.16383
-0.158083
-0.40635
1.16038
-0.163173
-0.405839
1.15749
-0.167993
-0.404776
1.15501
-0.171867
-0.403818
1.15303
-0.175007
-0.4026
1.15116
-0.177939
-0.401778
1.1485
-0.181416
-0.401047
1.14604
-0.184744
-0.40012
1.14441
-0.188761
-0.39895
1.14344
-0.190229
-0.39632
1.14182
-0.18636
-0.393739
1.14015
-0.179568
-0.391297
1.13881
-0.173259
-0.389633
1.13759
-0.166347
-0.388614
1.13679
-0.159397
-0.388296
1.13628
-0.152407
-0.388662
1.1364
-0.145493
-0.389013
1.13702
-0.137987
-0.388362
1.13791
-0.130023
-0.386609
1.13889
-0.123239
-0.383947
1.13916
-0.117886
-0.380382
1.13946
-0.112388
-0.376574
1.13981
-0.106644
-0.373374
1.14058
-0.101938
-0.370788
1.14097
-0.0984006
-0.368353
1.1418
-0.0955752
-0.365753
1.14273
-0.092071
-0.363982
1.14336
-0.0885941
-0.362378
1.14384
-0.0850644
-0.361959
1.14381
-0.0813483
-0.362954
1.14392
-0.077799
-0.363222
1.14451
-0.0741054
-0.363035
1.14512
-0.0703083
-0.362655
1.14516
-0.0661904
-0.362649
1.14496
-0.0619733
-0.362062
1.14541
-0.0580469
-0.361907
1.14625
-0.0538481
-0.361577
1.14683
-0.0498506
-0.361195
1.14748
-0.0459873
-0.360543
1.14741
-0.0429501
-0.359805
1.14689
-0.0406179
-0.358998
1.14656
-0.0394701
-0.358209
1.14646
-0.0384662
-0.357544
1.14669
-0.0381957
-0.356851
1.14692
-0.0380402
-0.356103
1.14652
-0.0382617
-0.354966
1.14428
-0.040127
-0.354107
1.14052
-0.0435549
-0.352883
1.13684
-0.0487757
-0.352244
1.13372
-0.0547146
-0.351561
1.13234
-0.0588248
-0.349126
1.13239
-0.0617163
-0.345865
1.13245
-0.0646482
-0.34192
1.13234
-0.0679466
-0.338133
1.13163
-0.072567
-0.335168
1.13077
-0.0781222
-0.333177
1.13008
-0.0835576
-0.329907
1.12959
-0.0883339
-0.32459
1.12926
-0.0921338
-0.320949
1.12865
-0.0964433
-0.318921
1.12809
-0.102263
-0.317479
1.12799
-0.107395
-0.314295
1.12762
-0.111682
-0.311589
1.12552
-0.117637
-0.309321
1.12286
-0.123729
-0.307314
1.12146
-0.129874
-0.305363
1.12018
-0.136354
-0.303883
1.11857
-0.143557
-0.301769
1.11677
-0.151164
-0.299819
1.11429
-0.15849
-0.298444
1.11163
-0.164791
-0.2969
1.1104
-0.16967
-0.294955
1.10988
-0.173986
-0.292736
1.1096
-0.177148
-0.289673
1.10936
-0.179188
-0.286541
1.10951
-0.180761
-0.283321
1.1097
-0.181248
-0.27972
1.10947
-0.180132
-0.277154
1.11035
-0.177761
-0.2745
1.11181
-0.174541
-0.270764
1.11383
-0.170916
-0.267522
1.11571
-0.167617
-0.264537
1.11735
-0.16436
-0.261729
1.11866
-0.160983
-0.258882
1.11941
-0.157716
-0.256681
1.12014
-0.154249
-0.255684
1.12058
-0.150009
-0.255831
1.12035
-0.145291
-0.256981
1.12007
-0.139026
-0.258422
1.11956
-0.131828
-0.259357
1.11937
-0.12537
-0.260409
1.11957
-0.119682
-0.260998
1.1202
-0.113767
-0.261635
1.121
-0.107455
-0.261597
1.12209
-0.101071
-0.261097
1.12403
-0.0948551
-0.259737
1.12569
-0.0899277
-0.258652
1.12787
-0.0855659
-0.256829
1.13206
-0.0812499
-0.255452
1.13586
-0.0775071
-0.255776
1.13892
-0.0750216
-0.257269
1.14272
-0.0728801
-0.259025
1.14512
-0.0720769
-0.260991
1.14756
-0.0725829
-0.262611
1.15061
-0.0737849
-0.26472
1.15342
-0.0749266
-0.266289
1.15689
-0.0767822
-0.267176
1.15977
-0.0788799
-0.267135
1.16213
-0.0804601
-0.267007
1.164
-0.0811908
-0.267028
1.1655
-0.0809139
-0.267481
1.16675
-0.0809435
-0.267464
1.16827
-0.0816712
-0.267177
1.16984
-0.0829832
-0.267451
1.17233
-0.0856145
-0.267172
1.17431
-0.0889104
-0.266355
1.17775
-0.0930507
-0.265163
1.18053
-0.0970382
-0.264665
1.18305
-0.101526
-0.264246
1.18576
-0.106141
-0.26349
1.18881
-0.110786
-0.262811
1.19173
-0.115871
-0.262845
1.19437
-0.121316
-0.263056
1.1963
-0.126966
-0.262946
1.19798
-0.133362
-0.263669
1.19953
-0.14015
-0.264479
1.20074
-0.146128
-0.265135
1.20206
-0.15139
-0.265391
1.20391
-0.155567
-0.26613
1.20534
-0.158924
-0.26703
1.20637
-0.162102
-0.267685
1.20779
-0.164732
-0.268481
1.20924
-0.166926
-0.268899
1.21098
-0.168241
-0.268934
1.21301
-0.168959
-0.268585
1.21676
-0.168924
-0.267068
1.22135
-0.168228
-0.264437
1.22558
-0.166294
-0.262604
1.22915
-0.165178
-0.262328
1.23112
-0.166131
-0.262282
1.23179
-0.166904
-0.262737
1.23216
-0.166858
-0.26472
1.23264
-0.167008
-0.267551
1.23282
-0.167126
-0.270559
1.2338
-0.16683
-0.273977
1.2356
-0.165522
-0.278337
1.23781
-0.164277
-0.282532
1.24082
-0.162398
-0.287381
1.243
-0.161216
-0.292626
1.24385
-0.158545
-0.298041
1.24456
-0.155707
-0.304064
1.24445
-0.152214
-0.31097
1.24301
-0.151257
-0.317258
1.24188
-0.15285
-0.322968
1.24181
-0.156064
-0.329659
1.24211
-0.158688
-0.335338
1.2427
-0.159288
-0.33991
1.24385
-0.156673
-0.344629
1.2442
-0.150916
-0.349851
1.24338
-0.145171
-0.354501
1.24248
-0.139337
-0.358423
1.24173
-0.133291
-0.362121
1.24083
-0.126922
-0.363998
1.24028
-0.119944
-0.365845
1.23902
-0.113391
-0.367634
1.23718
-0.107738
-0.369173
1.23532
-0.102941
-0.369835
1.23366
-0.0991998
-0.370085
1.23103
-0.0967186
-0.370669
1.22927
-0.0948503
-0.370726
1.22773
-0.0937432
-0.371058
1.22626
-0.0932009
-0.371084
1.2247
-0.0921437
-0.370728
1.22344
-0.090082
-0.371256
1.22201
-0.0880918
-0.371458
1.22
-0.0865716
-0.37168
1.21767
-0.0850382
-0.372369
1.21489
-0.0838341
-0.372987
1.2113
-0.084187
-0.373391
1.20812
-0.0841701
-0.373336
1.20581
-0.083509
-0.373182
1.20425
-0.0830772
-0.372867
1.20312
-0.0832281
-0.372399
1.20185
-0.0826456
-0.372312
1.20088
-0.083063
-0.372335
1.20025
-0.0843433
-0.372564
1.19947
-0.0861842
-0.373458
1.1982
-0.0883174
-0.373914
1.19786
-0.0904755
-0.374651
1.19885
-0.0935576
-0.376078
1.20002
-0.0971099
-0.377067
1.20268
-0.102242
-0.378153
1.20602
-0.107444
-0.379595
1.2096
-0.112151
-0.381912
1.21242
-0.117176
-0.385334
1.21365
-0.121632
-0.387576
1.21561
-0.128073
-0.38797
1.2173
-0.133885
-0.387917
1.21786
-0.137181
-0.386663
1.21805
-0.138968
-0.386864
1.21822
-0.139448
-0.387566
1.21909
-0.139799
-0.388418
1.21988
-0.139976
-0.390458
1.2192
-0.1387
-0.391038
1.21734
-0.138576
-0.390545
1.21774
-0.140282
-0.391065
1.21817
-0.139775
-0.391709
1.21912
-0.134634
-0.391498
1.22129
-0.128905
-0.391851
1.22188
-0.12223
-0.393224
1.22235
-0.117259
-0.393845
1.22096
-0.116046
-0.39367
1.21845
-0.120994
-0.393373
1.21611
-0.127172
-0.392353
1.21409
-0.129853
-0.388939
1.21249
-0.131582
-0.385644
1.21072
-0.132604
-0.382525
1.21004
-0.131515
-0.379986
1.2111
-0.129323
-0.376224
1.21245
-0.12872
-0.372207
1.2131
-0.129947
-0.368787
1.21356
-0.130408
-0.36544
1.21462
-0.129942
-0.362881
1.21572
-0.130029
-0.35996
1.21634
-0.133685
-0.358809
1.21568
-0.139973
-0.357665
1.2155
-0.147912
-0.358466
1.21307
-0.154736
-0.361263
1.20944
-0.159825
-0.365003
1.20572
-0.164434
-0.369113
1.20224
-0.168952
-0.373562
1.19905
-0.173311
-0.377344
1.19621
-0.176913
-0.380786
1.19394
-0.180132
-0.38416
1.19169
-0.18297
-0.38756
1.18956
-0.185127
-0.390343
1.18762
-0.186411
-0.393143
1.18527
-0.187439
-0.396221
1.18258
-0.18831
-0.39912
1.17942
-0.189555
-0.401702
1.17597
-0.190463
-0.403737
1.1721
-0.190553
-0.405067
1.16899
-0.190051
-0.406104
1.16628
-0.188929
-0.406722
1.16335
-0.18726
-0.406463
1.15999
-0.185394
-0.405763
1.15702
-0.184522
-0.405362
1.15416
-0.183322
-0.404453
1.15166
-0.181104
-0.403207
1.14941
-0.178694
-0.401413
1.14736
-0.175565
-0.399032
1.1455
-0.172622
-0.396147
1.14468
-0.169466
-0.393581
1.14488
-0.165496
-0.390925
1.14493
-0.160806
-0.387686
1.14521
-0.155881
-0.384125
1.14506
-0.150259
-0.380461
1.14534
-0.144717
-0.376374
1.14605
-0.139403
-0.372262
1.1466
-0.134406
-0.368109
1.14702
-0.131121
-0.363274
1.14748
-0.12991
-0.358956
1.14761
-0.129888
-0.355212
1.14813
-0.132702
-0.351542
1.14788
-0.136081
-0.348621
1.14699
-0.139208
-0.346409
1.14645
-0.142722
-0.3444
1.14551
-0.146852
-0.342762
1.14426
-0.151296
-0.341532
1.14329
-0.155279
-0.340205
1.14191
-0.158838
-0.339165
1.14051
-0.163144
-0.338237
1.13936
-0.167512
-0.337506
1.13796
-0.171293
-0.336729
1.13666
-0.174527
-0.334108
1.13535
-0.17748
-0.332104
1.13413
-0.180341
-0.329659
1.13254
-0.184039
-0.326556
1.13054
-0.187686
-0.323954
1.12865
-0.189856
-0.320787
1.12661
-0.191031
-0.317233
1.12515
-0.191173
-0.311595
1.12421
-0.191261
-0.307061
1.12329
-0.191241
-0.302291
1.12293
-0.191118
-0.296958
1.12644
-0.189098
-0.291843
1.12937
-0.183082
-0.290938
1.13043
-0.175517
-0.28986
1.13286
-0.169238
-0.288692
1.13551
-0.163899
-0.288093
1.13818
-0.159767
-0.288127
1.14084
-0.156537
-0.287127
1.14329
-0.153748
-0.287324
1.14558
-0.150351
-0.288638
1.14728
-0.148347
-0.29008
1.14894
-0.147956
-0.290394
1.15169
-0.147381
-0.289404
1.15595
-0.14618
-0.288772
1.16023
-0.145786
-0.288448
1.16401
-0.146202
-0.287476
1.16773
-0.146965
-0.286369
1.17127
-0.147881
-0.285646
1.17405
-0.149453
-0.284884
1.1775
-0.15382
-0.283857
1.18161
-0.158807
-0.282496
1.18662
-0.163459
-0.281624
1.19164
-0.166997
-0.281535
1.19816
-0.169888
-0.280636
1.20523
-0.172886
-0.279344
1.21161
-0.175368
-0.278763
1.21811
-0.177947
-0.278583
1.22412
-0.180814
-0.279475
1.22899
-0.184058
-0.281476
1.23223
-0.186834
-0.285762
1.23545
-0.18878
-0.289783
1.23801
-0.190391
-0.294287
1.23977
-0.192094
-0.299177
1.2412
-0.194002
-0.304139
1.24251
-0.195408
-0.309259
1.24337
-0.195849
-0.314257
1.24408
-0.19598
-0.318642
1.24415
-0.195578
-0.322208
1.24535
-0.1938
-0.325837
1.24645
-0.188755
-0.328611
1.24809
-0.182825
-0.331526
1.24931
-0.177292
-0.334706
1.25012
-0.172456
-0.337713
1.25053
-0.168018
-0.340711
1.2506
-0.164124
-0.344041
1.2499
-0.159457
-0.34855
1.2489
-0.15411
-0.353131
1.24768
-0.149602
-0.356851
1.24646
-0.145755
-0.359521
1.24552
-0.142452
-0.360733
1.24454
-0.139874
-0.363008
1.24363
-0.137531
-0.364922
1.24169
-0.136054
-0.366774
1.23981
-0.13567
-0.368779
1.23773
-0.135756
-0.370437
1.2355
-0.135797
-0.371955
1.23347
-0.135942
-0.372788
1.23095
-0.135941
-0.37361
1.22903
-0.137749
-0.374935
1.22691
-0.139692
-0.375725
1.22494
-0.140903
-0.376478
1.22339
-0.141376
-0.376452
1.22174
-0.141507
-0.375346
1.21991
-0.142128
-0.373474
1.21824
-0.143713
-0.372316
1.21684
-0.145549
-0.371116
1.21574
-0.147512
-0.369559
1.21477
-0.150049
-0.367988
1.21413
-0.153018
-0.36869
1.21419
-0.15604
-0.368437
1.21359
-0.158332
-0.368647
1.21286
-0.160147
-0.369333
1.21196
-0.161858
-0.370192
1.21064
-0.163688
-0.370856
1.20859
-0.1649
-0.371287
1.20689
-0.165652
-0.372551
1.20523
-0.165657
-0.37319
1.20364
-0.165945
-0.373133
1.20221
-0.167058
-0.372807
1.20078
-0.16852
-0.37237
1.19949
-0.169219
-0.371269
1.19806
-0.167635
-0.369541
1.19793
-0.165265
-0.367549
1.19653
-0.162773
-0.366249
1.19428
-0.160303
-0.366111
1.19156
-0.158344
-0.36721
1.18831
-0.15713
-0.368529
1.18581
-0.157192
-0.370069
1.18254
-0.157424
-0.372617
1.17914
-0.157944
-0.375389
1.17622
-0.158462
-0.377642
1.17418
-0.160445
-0.378768
1.17227
-0.163115
-0.379619
1.17013
-0.166337
-0.380568
1.1682
-0.170234
-0.381411
1.16627
-0.173744
-0.382653
1.16481
-0.176787
-0.384829
1.16357
-0.178437
-0.386478
1.16306
-0.177063
-0.386911
1.16372
-0.173027
-0.38823
1.16427
-0.168545
-0.389115
1.16353
-0.166849
-0.390401
1.16193
-0.170704
-0.392439
1.1596
-0.176536
-0.394354
1.15726
-0.181265
-0.395471
1.1553
-0.185439
-0.395178
1.15436
-0.189455
-0.394596
1.15403
-0.193018
-0.393697
1.15323
-0.196079
-0.393114
1.15184
-0.198358
-0.390787
1.15061
-0.199322
-0.389071
1.15
-0.199556
-0.386824
1.14982
-0.196267
-0.382953
1.14962
-0.18958
-0.379928
1.14937
-0.182206
-0.377145
1.14941
-0.174141
-0.374871
1.1498
-0.165716
-0.372926
1.15009
-0.158755
-0.371742
1.15044
-0.15198
-0.370882
1.15116
-0.145343
-0.369849
1.15109
-0.137504
-0.367682
1.15096
-0.128391
-0.36561
1.15081
-0.119449
-0.363607
1.14985
-0.111772
-0.362449
1.14854
-0.107119
-0.361584
1.14659
-0.103324
-0.36051
1.1447
-0.0998703
-0.360585
1.14394
-0.0968298
-0.360111
1.14582
-0.0944778
-0.3591
1.14813
-0.0918538
-0.358075
1.15051
-0.0905202
-0.358837
1.15206
-0.090396
-0.359718
1.15427
-0.0902365
-0.35965
1.15652
-0.0915426
-0.359693
1.15765
-0.0953876
-0.360322
1.15776
-0.100064
-0.360791
1.15866
-0.105842
-0.361544
1.15991
-0.112988
-0.362311
1.16119
-0.118855
-0.362519
1.16305
-0.124092
-0.361765
1.16513
-0.128843
-0.360403
1.16711
-0.133117
-0.358536
1.16891
-0.136498
-0.356116
1.17154
-0.13689
-0.352787
1.1752
-0.136189
-0.350357
1.17918
-0.136997
-0.347652
1.18429
-0.139707
-0.346749
1.18932
-0.144295
-0.345925
1.19317
-0.149072
-0.345085
1.19644
-0.153281
-0.343703
1.19968
-0.157047
-0.342055
1.20231
-0.161443
-0.340032
1.20412
-0.165287
-0.338443
1.20541
-0.169527
-0.33685
1.20634
-0.173799
-0.335373
1.20681
-0.177974
-0.334322
1.20733
-0.181961
-0.332975
1.20777
-0.18592
-0.330833
1.20751
-0.189283
-0.328349
1.20626
-0.191757
-0.324927
1.20417
-0.191812
-0.320389
1.20325
-0.189502
-0.315187
1.20196
-0.183938
-0.31033
1.2
-0.176783
-0.306687
1.19756
-0.169754
-0.304117
1.19487
-0.163118
-0.301724
1.19315
-0.155157
-0.298531
1.19229
-0.145047
-0.296095
1.19129
-0.133292
-0.294621
1.19011
-0.122984
-0.29265
1.18798
-0.114024
-0.290596
1.18529
-0.105896
-0.289049
1.18275
-0.099883
-0.287582
1.18061
-0.0948414
-0.286428
1.17865
-0.0891715
-0.284023
1.17688
-0.0827092
-0.282059
1.17523
-0.0761059
-0.280859
1.17394
-0.0695377
-0.279423
1.17269
-0.0630307
-0.278754
1.17147
-0.0568196
-0.277254
1.17029
-0.0507189
-0.276473
1.16948
-0.0451503
-0.275363
1.16847
-0.0401981
-0.273942
1.1674
-0.0360794
-0.271978
1.16636
-0.0330872
-0.269885
1.1655
-0.0309585
-0.26754
1.16468
-0.0297442
-0.265284
1.16381
-0.0292249
-0.263422
1.16392
-0.0309316
-0.260552
1.16483
-0.0324224
-0.257849
1.16575
-0.0339597
-0.255419
1.16657
-0.0358606
-0.254398
1.16691
-0.0386
-0.255338
1.16765
-0.0424409
-0.255536
1.16868
-0.0467509
-0.255719
1.16975
-0.0513798
-0.255858
1.17052
-0.0565375
-0.255561
1.1714
-0.0618621
-0.255296
1.17235
-0.067112
-0.255687
1.17357
-0.0724946
-0.256914
1.17504
-0.077873
-0.258394
1.17665
-0.083058
-0.259964
1.17829
-0.0881664
-0.261127
1.18012
-0.0936202
-0.261948
1.18188
-0.0994785
-0.262463
1.18362
-0.105068
-0.262803
1.18542
-0.110716
-0.263038
1.18739
-0.116169
-0.263156
1.18925
-0.121499
-0.26317
1.19113
-0.126846
-0.262827
1.19285
-0.132165
-0.262162
1.19435
-0.137411
-0.261824
1.19564
-0.142407
-0.261641
1.19739
-0.146957
-0.261471
1.19936
-0.151014
-0.261278
1.20151
-0.154948
-0.261995
1.20415
-0.158883
-0.263067
1.20727
-0.162764
-0.263393
1.21062
-0.166442
-0.263386
1.21404
-0.170097
-0.263976
1.21737
-0.173321
-0.265223
1.22152
-0.175129
-0.26633
1.22494
-0.172723
-0.266971
1.22799
-0.169634
-0.267826
1.23045
-0.166976
-0.269992
1.23242
-0.164034
-0.272454
1.23425
-0.159611
-0.27432
1.23595
-0.154312
-0.275637
1.23708
-0.148244
-0.2772
1.238
-0.142138
-0.278721
1.23865
-0.136111
-0.280337
1.23921
-0.129909
-0.282097
1.23967
-0.1234
-0.283751
1.24005
-0.116675
-0.285337
1.24029
-0.109512
-0.287132
1.24043
-0.102512
-0.289113
1.24067
-0.0963909
-0.291338
1.24099
-0.0906603
-0.293768
1.24121
-0.0849047
-0.297335
1.24123
-0.0807847
-0.301512
1.24099
-0.078462
-0.306144
1.24048
-0.0776981
-0.310718
1.23955
-0.0778285
-0.314168
1.23956
-0.0798687
-0.316394
1.24
-0.0827774
-0.318306
1.2407
-0.0862584
-0.318981
1.24133
-0.0903094
-0.319143
1.24192
-0.0947489
-0.318173
1.2423
-0.0995331
-0.316518
1.2427
-0.104771
-0.314882
1.24317
-0.110318
-0.313531
1.24372
-0.115705
-0.312251
1.24431
-0.12075
-0.310974
1.24481
-0.126061
-0.309824
1.24508
-0.131496
-0.308666
1.24534
-0.13675
-0.30796
1.24594
-0.14136
-0.30724
1.24722
-0.145318
-0.308412
1.24771
-0.147341
-0.309334
1.24775
-0.1486
-0.309644
1.24862
-0.148925
-0.309576
1.2491
-0.148778
-0.309199
1.25002
-0.148292
-0.308832
1.25087
-0.147751
-0.308963
1.25132
-0.147325
-0.309584
1.2507
-0.148032
-0.310388
1.25034
-0.148906
-0.311352
1.25303
-0.149472
-0.311971
1.25593
-0.149164
-0.311674
1.25729
-0.148228
-0.309061
1.25767
-0.147587
-0.308294
1.25738
-0.147082
-0.309102
1.25679
-0.146187
-0.310992
1.25539
-0.145267
-0.314149
1.25396
-0.144088
-0.317295
1.25207
-0.142023
-0.321655
1.25004
-0.139079
-0.326568
1.24801
-0.136677
-0.331946
1.24622
-0.134381
-0.33652
1.244
-0.133106
-0.342431
1.24213
-0.132772
-0.346909
1.24005
-0.131973
-0.349664
1.23844
-0.128675
-0.350365
1.23766
-0.123707
-0.352501
1.23658
-0.117767
-0.357957
1.23348
-0.111261
-0.363422
1.22851
-0.104196
-0.367034
1.22476
-0.0969199
-0.369844
1.22271
-0.089571
-0.371625
1.22083
-0.0830659
-0.373416
1.21889
-0.0788218
-0.376458
1.21462
-0.0775478
-0.381065
1.20931
-0.0776516
-0.386191
1.20542
-0.0779836
-0.389789
1.20317
-0.0772778
-0.39209
1.20195
-0.0769478
-0.393922
1.20055
-0.0780362
-0.395893
1.19939
-0.0810558
-0.398382
1.19783
-0.0863227
-0.400265
1.19609
-0.0928084
-0.401504
1.1954
-0.0972368
-0.402553
1.19577
-0.100359
-0.403385
1.19652
-0.104005
-0.404385
1.19689
-0.108522
-0.404706
1.19707
-0.113665
-0.404255
1.19764
-0.117985
-0.401477
1.19837
-0.121769
-0.397082
1.19923
-0.127342
-0.394807
1.19971
-0.134138
-0.397086
1.19936
-0.142154
-0.399128
1.19847
-0.150435
-0.399562
1.19806
-0.157867
-0.399657
1.19809
-0.164893
-0.398286
1.19811
-0.171306
-0.395769
1.19813
-0.177399
-0.393904
1.19764
-0.183071
-0.392744
1.19611
-0.187564
