0.063053
-0.99782
0.01948
-0.997624
-0.0635593
-0.026569
0.0277492
-0.0177584
-0.999457
0.0630524
-0.99781
0.0199853
-0.997614
-0.0635786
-0.0268915
0.0281032
-0.0182421
-0.999439
0.0630496
-0.997823
0.0193593
-0.997579
-0.0635806
-0.0281652
0.0293348
-0.0175367
-0.999416
0.0633499
-0.997797
0.0197171
-0.997512
-0.0639192
-0.0297252
0.03092
-0.017785
-0.999364
0.0635632
-0.997771
0.020314
-0.997448
-0.0641793
-0.0312669
0.032501
-0.0182748
-0.999305
0.0637661
-0.997759
0.0202914
-0.997392
-0.0644051
-0.032567
0.0338008
-0.0181619
-0.999264
0.0640488
-0.997738
0.0203904
-0.997329
-0.0647145
-0.0338567
0.0350997
-0.0181675
-0.999219
0.0643533
-0.997712
0.0207233
-0.997266
-0.0650527
-0.0350565
0.0363244
-0.0184106
-0.99917
0.064879
-0.997673
0.020956
-0.997181
-0.0656116
-0.0364038
0.0376941
-0.0185351
-0.999117
0.0652923
-0.997639
0.0213015
-0.997104
-0.0660616
-0.0376713
0.0389896
-0.0187802
-0.999063
0.0668548
-0.997517
0.0221417
-0.996905
-0.0677007
-0.0399568
0.0413566
-0.0194018
-0.998956
0.0710888
-0.997211
0.0227336
-0.996458
-0.0720247
-0.0434082
0.0449245
-0.0195672
-0.998799
0.0780662
-0.996735
0.0206164
-0.996173
-0.0788041
-0.0378021
0.0393033
-0.0175865
-0.999073
0.0966952
-0.995238
0.012299
-0.995098
-0.0969243
-0.0196398
0.0207383
-0.0103397
-0.999731
0.112031
-0.993674
0.00775429
-0.993678
-0.112082
-0.00652075
0.00734862
-0.00697474
-0.999949
0.121809
-0.992467
0.0131358
-0.992549
-0.121837
-0.00135399
0.00294421
-0.012873
-0.999913
0.134059
-0.990775
0.0198307
-0.990972
-0.134006
0.00398161
-0.00128745
-0.0201854
-0.999795
0.153453
-0.987771
0.0275937
-0.988154
-0.153333
0.00639489
-0.00208565
-0.0282481
-0.999599
0.171041
-0.984281
0.0440055
-0.985263
-0.170818
0.00881193
-0.0011565
-0.0448642
-0.998992
0.183203
-0.981093
0.0623962
-0.983069
-0.182603
0.0152373
-0.00355545
-0.0641312
-0.997935
0.189117
-0.978279
0.0848781
-0.98192
-0.187681
0.0246667
-0.00820092
-0.0880084
-0.996086
0.194374
-0.974993
0.107734
-0.980874
-0.192045
0.0316874
-0.0102051
-0.111833
-0.993675
0.203123
-0.971279
0.123928
-0.979139
-0.200811
0.0310092
-0.0052326
-0.127641
-0.991807
0.210795
-0.966583
0.145886
-0.977469
-0.210088
0.0204148
0.0109162
-0.146902
-0.989091
0.218771
-0.960668
0.171046
-0.975373
-0.220331
0.0100492
0.0280328
-0.169032
-0.985212
0.223903
-0.954776
0.195626
-0.973727
-0.227696
0.00318095
0.0415062
-0.191199
-0.980673
0.228527
-0.951797
0.204593
-0.972499
-0.232889
0.00283114
0.0449528
-0.199613
-0.978843
0.228456
-0.951024
0.208232
-0.972361
-0.233481
0.000459866
0.0481808
-0.202582
-0.978079
0.227938
-0.951756
0.205439
-0.971922
-0.235063
-0.010631
0.0584093
-0.197248
-0.978612
0.221229
-0.955456
0.195351
-0.973178
-0.229253
-0.0191724
0.0631032
-0.18587
-0.980546
0.203932
-0.961995
0.181597
-0.977105
-0.2115
-0.0231198
0.0606487
-0.172724
-0.983101
0.186762
-0.968411
0.165226
-0.980782
-0.193461
-0.025283
0.0564491
-0.157329
-0.985932
0.171007
-0.974491
0.145341
-0.984013
-0.176368
-0.0247468
0.049749
-0.138785
-0.989072
0.1609
-0.979103
0.124368
-0.986072
-0.164849
-0.0220733
0.042114
-0.119084
-0.991991
0.161764
-0.981228
0.105
-0.986251
-0.164394
-0.0168417
0.0337868
-0.100831
-0.99433
0.162546
-0.982183
0.0943162
-0.986206
-0.164747
-0.0159886
0.031242
-0.0904164
-0.995414
0.161562
-0.982549
0.0921744
-0.986323
-0.163855
-0.0178322
0.0326243
-0.0880327
-0.995583
0.163378
-0.982181
0.0928926
-0.985978
-0.165799
-0.0189201
0.0339845
-0.088499
-0.995496
0.161921
-0.982472
0.0923559
-0.986333
-0.164025
-0.0156124
0.0304874
-0.0885657
-0.995604
0.160628
-0.983009
0.0888316
-0.986707
-0.162175
-0.0104283
0.0246574
-0.0859757
-0.995992
0.159783
-0.983137
0.0889428
-0.986849
-0.161316
-0.0102783
0.0244528
-0.0861308
-0.995984
0.160553
-0.983154
0.0873547
-0.986742
-0.162004
-0.0097293
0.0237172
-0.0846345
-0.99613
0.160899
-0.98373
0.0799216
-0.986833
-0.161701
-0.00362823
0.0164926
-0.0782855
-0.996795
0.161136
-0.984402
0.0706305
-0.986856
-0.161599
-0.000845028
0.0122456
-0.069566
-0.997502
0.161978
-0.985229
0.055566
-0.986728
-0.162365
-0.00249097
0.0114761
-0.054425
-0.998452
0.160681
-0.985899
0.0467331
-0.986971
-0.160894
-0.000813552
0.00832117
-0.0459935
-0.998907
0.159411
-0.986506
0.0373315
-0.987212
-0.159312
0.00564104
0.000382421
-0.0377533
-0.999287
0.16038
-0.98633
0.0378304
-0.987048
-0.160115
0.00994332
-0.00375017
-0.0389352
-0.999235
0.160928
-0.986228
0.0381551
-0.986951
-0.160595
0.0116552
-0.00536714
-0.0395329
-0.999204
0.162406
-0.985981
0.0382773
-0.98671
-0.162071
0.0117165
-0.00534858
-0.0396714
-0.999198
0.164067
-0.985903
0.0328122
-0.986437
-0.163806
0.0105073
-0.00498438
-0.034091
-0.999406
0.163388
-0.986196
0.0268727
-0.986551
-0.163198
0.0091438
-0.00463201
-0.0280053
-0.999597
0.163445
-0.986063
0.0310631
-0.98655
-0.16344
0.00273533
0.00237974
-0.0310924
-0.999514
0.180746
-0.982499
0.0450147
-0.983443
-0.181148
-0.00499365
0.0130606
-0.0433668
-0.998974
0.209708
-0.975772
0.0623773
-0.977549
-0.210573
-0.00755173
0.0205037
-0.0593932
-0.998024
0.240814
-0.967062
0.0824611
-0.970043
-0.242616
-0.0124318
0.0320287
-0.0769971
-0.996517
0.273725
-0.955659
0.108582
-0.960524
-0.277443
-0.0204588
0.049677
-0.0986959
-0.993877
0.30796
-0.942151
0.132331
-0.948898
-0.314244
-0.0290332
0.0689378
-0.116627
-0.99078
0.344456
-0.927583
0.144709
-0.93428
-0.353812
-0.0440262
0.0920377
-0.120034
-0.988494
0.379041
-0.913906
0.145269
-0.918152
-0.391
-0.0641564
0.115433
-0.109061
-0.98731
0.409665
-0.902787
0.130961
-0.902906
-0.421755
-0.0829723
0.13014
-0.0842542
-0.987909
0.435214
-0.893972
0.106787
-0.889507
-0.445281
-0.102479
0.139164
-0.0503871
-0.988987
0.45915
-0.884805
0.0793826
-0.876791
-0.465732
-0.119716
0.142896
-0.0146343
-0.989629
0.480339
-0.875662
0.0499033
-0.865339
-0.482419
-0.135869
0.143049
0.0220796
-0.989469
0.497256
-0.867407
0.0184887
-0.857033
-0.494403
-0.145124
0.135022
0.0563183
-0.989241
0.506432
-0.862228
-0.00944731
-0.853759
-0.499862
-0.145717
0.120919
0.0818614
-0.989281
0.506794
-0.861136
-0.0400587
-0.856556
-0.497765
-0.136165
0.0973165
0.10332
-0.989876
0.497707
-0.86425
-0.0732048
-0.864841
-0.48809
-0.117548
0.0658605
0.121815
-0.990365
0.478753
-0.873382
-0.0894376
-0.877148
-0.471472
-0.0912468
0.037526
0.122135
-0.991804
0.458603
-0.88303
-0.0997075
-0.888579
-0.454352
-0.0631761
0.0104841
0.117571
-0.993009
0.437752
-0.892948
-0.104963
-0.89899
-0.436501
-0.0358347
-0.0138178
0.110047
-0.99383
0.416604
-0.902995
-0.105078
-0.908358
-0.41811
-0.00832345
-0.0364182
0.0989163
-0.994429
0.394728
-0.912902
-0.103925
-0.916857
-0.398714
0.0199994
-0.0596937
0.0873898
-0.994384
0.372302
-0.922933
-0.0979068
-0.924657
-0.37794
0.0465886
-0.080001
0.0731852
-0.994105
0.350639
-0.932629
-0.0851771
-0.931722
-0.356586
0.0688543
-0.0945886
0.0552183
-0.993984
0.330826
-0.941443
-0.0651056
-0.937865
-0.335655
0.0880021
-0.104702
0.0319469
-0.99399
0.311488
-0.949331
-0.0417818
-0.943314
-0.314218
0.106895
-0.114607
0.00611691
-0.993392
0.293209
-0.955921
-0.0155796
-0.94801
-0.292814
0.124649
-0.123717
-0.0217787
-0.992079
0.279653
-0.960051
0.00978686
-0.951132
-0.275635
0.139189
-0.130931
-0.0482332
-0.990217
0.269632
-0.962392
0.0331805
-0.953282
-0.261889
0.150555
-0.136204
-0.0722249
-0.988045
0.263682
-0.96281
0.0588892
-0.954886
-0.25189
0.157301
-0.136617
-0.0977098
-0.985793
0.263175
-0.96074
0.0878472
-0.955533
-0.247022
0.161049
-0.133026
-0.126325
-0.983029
0.265757
-0.956703
0.118711
-0.955594
-0.245159
0.163517
-0.127334
-0.156895
-0.979372
0.272946
-0.950727
0.147032
-0.954222
-0.248118
0.167027
-0.122315
-0.18589
-0.974928
0.286802
-0.942543
0.171337
-0.951085
-0.258709
0.168841
-0.114813
-0.21138
-0.970637
0.306711
-0.932085
0.192733
-0.946091
-0.276404
0.168858
-0.104118
-0.234134
-0.966613
0.327163
-0.921117
0.210968
-0.940414
-0.295479
0.168265
-0.0926555
-0.253447
-0.962902
0.347045
-0.910594
0.224452
-0.934364
-0.315097
0.166367
-0.080769
-0.267457
-0.960179
0.370079
-0.898924
0.234473
-0.926702
-0.339471
0.16119
-0.065301
-0.27694
-0.958666
0.394338
-0.886903
0.240627
-0.917645
-0.366
0.154828
-0.049248
-0.281864
-0.958189
0.4168
-0.87754
0.237066
-0.908264
-0.391571
0.147409
-0.0365295
-0.276758
-0.960245
0.438721
-0.868536
0.230585
-0.898292
-0.416905
0.138789
-0.0244112
-0.268022
-0.963103
0.459618
-0.859992
0.221729
-0.888012
-0.441179
0.1296
-0.013633
-0.256465
-0.966457
0.477635
-0.852814
0.211124
-0.878552
-0.462759
0.118321
-0.00320639
-0.241998
-0.970271
0.492884
-0.848735
0.191609
-0.870092
-0.481357
0.105996
0.00226954
-0.218961
-0.975731
0.50594
-0.845637
0.170067
-0.86251
-0.498272
0.0883236
0.0100501
-0.191371
-0.981466
0.521557
-0.839703
0.151252
-0.852857
-0.518224
0.0638642
0.0247558
-0.162306
-0.98643
0.53917
-0.831406
0.134382
-0.841171
-0.539486
0.0372252
0.0415481
-0.133109
-0.99023
0.554344
-0.823728
0.119057
-0.830441
-0.55695
0.0132254
0.0554146
-0.106201
-0.992799
0.566608
-0.817361
0.104288
-0.821394
-0.570316
-0.00715333
0.0653242
-0.0816088
-0.994521
0.57798
-0.812053
0.0806788
-0.813439
-0.581211
-0.0226022
0.0652456
-0.0525636
-0.996484
0.58714
-0.807615
0.0550087
-0.806922
-0.589331
-0.0395723
0.0643776
-0.0211533
-0.997701
0.590627
-0.806384
0.0300593
-0.804723
-0.591355
-0.0521616
0.059838
0.00661863
-0.998186
0.587905
-0.808928
-0.00170604
-0.807783
-0.586957
-0.0544761
0.0430659
0.0334048
-0.998514
0.57677
-0.81623
-0.0332413
-0.816515
-0.574758
-0.0543657
0.0252692
0.0584985
-0.997968
0.560855
-0.825594
-0.0619396
-0.827864
-0.558427
-0.0529126
0.00909555
0.0809539
-0.996676
0.53878
-0.838099
-0.0854785
-0.842437
-0.536483
-0.0498694
-0.00406231
0.0988788
-0.995091
0.512205
-0.852294
-0.106022
-0.858655
-0.510882
-0.0413604
-0.0189134
0.112221
-0.993503
0.482888
-0.867261
-0.121153
-0.875104
-0.482954
-0.0307915
-0.0318069
0.12089
-0.992156
0.45546
-0.880505
-0.131405
-0.889227
-0.457047
-0.0195901
-0.0428093
0.125772
-0.991135
0.428826
-0.893016
-0.136492
-0.902013
-0.431589
-0.01019
-0.0498086
0.127487
-0.990589
0.402996
-0.904359
-0.140456
-0.913431
-0.406993
-0.000294601
-0.0568981
0.128415
-0.990087
0.37842
-0.914677
-0.141999
-0.923451
-0.383589
0.00991565
-0.063539
0.127377
-0.989817
0.350664
-0.926578
-0.135972
-0.934146
-0.356366
0.0193347
-0.066371
0.120238
-0.990524
0.32396
-0.937693
-0.125621
-0.943632
-0.329791
0.0282103
-0.0678813
0.109401
-0.991677
0.301118
-0.946698
-0.114418
-0.95103
-0.306922
0.0366209
-0.0697864
0.0977879
-0.992757
0.278748
-0.955297
-0.0985269
-0.957702
-0.284142
0.045497
-0.0714588
0.0816772
-0.994094
0.263422
-0.961438
-0.079033
-0.962196
-0.267736
0.0499608
-0.0691943
0.0628845
-0.995619
0.266579
-0.961434
-0.0676722
-0.961855
-0.269854
0.0448797
-0.0614105
0.0531268
-0.996698
0.271012
-0.961285
-0.0498462
-0.961516
-0.27278
0.0328461
-0.0451715
0.0390262
-0.998217
0.272212
-0.961166
-0.0453859
-0.961234
-0.273779
0.0327811
-0.0439338
0.0347031
-0.998432
0.270379
-0.961681
-0.0454472
-0.961429
-0.272182
0.0396457
-0.0504964
0.0329749
-0.99818
0.257365
-0.965688
-0.0347772
-0.964801
-0.258809
0.0466564
-0.0540562
0.0215454
-0.998305
0.233259
-0.972274
-0.0165167
-0.97052
-0.233831
0.0584299
-0.060672
0.00240045
-0.998155
0.210219
-0.977654
-0.00107521
-0.97537
-0.209803
0.0680873
-0.0667914
-0.0132645
-0.997679
0.192371
-0.981187
0.0162717
-0.978855
-0.190686
0.0740342
-0.0695386
-0.0301697
-0.997123
0.176642
-0.983735
0.032617
-0.981576
-0.173609
0.0797989
-0.0728383
-0.0461119
-0.996277
0.160318
-0.985848
0.0490037
-0.984094
-0.155789
0.0853703
-0.0765279
-0.0619106
-0.995143
0.146321
-0.987365
0.0608355
-0.985813
-0.140426
0.0919381
-0.0822335
-0.0734249
-0.993905
0.132716
-0.988214
0.0762878
-0.987127
-0.124853
0.0999596
-0.0892567
-0.088572
-0.992063
0.115449
-0.988461
0.0980673
-0.988329
-0.104431
0.110902
-0.0993812
-0.109726
-0.988981
0.0993759
-0.98851
0.1139
-0.988522
-0.0849849
0.124906
-0.113791
-0.125006
-0.985609
0.0858347
-0.987312
0.133596
-0.988592
-0.0677432
0.134524
-0.123767
-0.143618
-0.981863
0.0725452
-0.985169
0.155499
-0.988274
-0.0500016
0.144274
-0.134359
-0.164142
-0.977244
0.0616025
-0.981993
0.178592
-0.987668
-0.0341712
0.152789
-0.143935
-0.185802
-0.971988
0.0575789
-0.977535
0.202755
-0.9872
-0.025493
0.157439
-0.148733
-0.209225
-0.96649
0.0647959
-0.972073
0.225554
-0.986757
-0.028733
0.159639
-0.1487
-0.232911
-0.961062
0.0822757
-0.965951
0.245294
-0.986103
-0.0432582
0.160407
-0.144334
-0.255083
-0.956086
0.105323
-0.959565
0.261039
-0.985108
-0.064803
0.159254
-0.135899
-0.273925
-0.952101
0.129932
-0.953623
0.271515
-0.983624
-0.0894739
0.156455
-0.124906
-0.287397
-0.949632
0.155049
-0.947849
0.278464
-0.981497
-0.115738
0.152543
-0.112359
-0.296963
-0.948256
0.18128
-0.942858
0.279566
-0.978465
-0.144388
0.14751
-0.0987151
-0.300286
-0.948727
0.209401
-0.941283
0.264835
-0.973901
-0.17651
0.142693
-0.087568
-0.287803
-0.953678
0.234819
-0.941037
0.243535
-0.968871
-0.206378
0.136735
-0.0784124
-0.268063
-0.960205
0.258684
-0.938954
0.226821
-0.963696
-0.234785
0.127146
-0.0661304
-0.251477
-0.965601
0.283229
-0.936024
0.208901
-0.9576
-0.264027
0.115294
-0.0527626
-0.232698
-0.971117
0.304642
-0.934552
0.183864
-0.951451
-0.289679
0.104052
-0.0439803
-0.206636
-0.977429
0.320269
-0.935098
0.151722
-0.94644
-0.30891
0.0939489
-0.0409829
-0.173685
-0.983948
0.329012
-0.935151
0.131318
-0.943637
-0.320269
0.0835248
-0.0360513
-0.151397
-0.987815
0.332542
-0.93512
0.122335
-0.942453
-0.32475
0.0795007
-0.0346144
-0.141732
-0.9893
0.333706
-0.935357
0.11725
-0.942092
-0.326526
0.0764456
-0.0332186
-0.135971
-0.990156
0.334391
-0.935362
0.115245
-0.941973
-0.327893
0.0719214
-0.0294844
-0.132608
-0.99073
0.334862
-0.935325
0.11417
-0.94192
-0.328983
0.0675046
-0.0255789
-0.130143
-0.991165
0.334783
-0.935749
0.110879
-0.941951
-0.329155
0.0662208
-0.0254695
-0.126612
-0.991625
0.332927
-0.9372
0.103998
-0.942471
-0.327204
0.0684527
-0.0301252
-0.120805
-0.992219
0.333106
-0.937528
0.100404
-0.942367
-0.327482
0.0685619
-0.0313982
-0.117456
-0.992582
0.333802
-0.937719
0.0962229
-0.942084
-0.328346
0.0683119
-0.032463
-0.113453
-0.993013
0.334426
-0.938079
0.0903757
-0.94189
-0.329475
0.0654891
-0.0316574
-0.107025
-0.993752
0.334963
-0.938472
0.084079
-0.94178
-0.330705
0.0607062
-0.0291658
-0.0995182
-0.994608
0.335581
-0.938672
0.0792439
-0.941746
-0.332302
0.0518612
-0.0223478
-0.0920312
-0.995505
0.345925
-0.934807
0.08045
-0.938201
-0.343649
0.0410384
-0.0107164
-0.0896744
-0.995913
0.367283
-0.926446
0.0824743
-0.930109
-0.365891
0.0319455
0.000580885
-0.0884431
-0.996081
0.395485
-0.914705
0.0830974
-0.91841
-0.394892
0.0241625
0.0107129
-0.0858734
-0.996248
0.424281
-0.901266
0.0877788
-0.905311
-0.424317
0.0191803
0.0199595
-0.0876049
-0.995955
0.449777
-0.887413
0.100992
-0.892514
-0.450816
0.0135881
0.0334706
-0.0962486
-0.994794
0.474126
-0.87242
0.118697
-0.878993
-0.476787
0.00669206
0.0507548
-0.107506
-0.992908
0.498911
-0.856527
0.132097
-0.864146
-0.503241
0.000695558
0.0658807
-0.114498
-0.991237
0.523225
-0.840153
0.142755
-0.848442
-0.529263
-0.00515781
0.0798885
-0.118421
-0.989745
0.548096
-0.822691
0.150899
-0.831099
-0.555984
-0.012467
0.0941538
-0.118579
-0.988471
0.573974
-0.805062
0.14976
-0.812418
-0.582764
-0.0190571
0.102617
-0.11073
-0.988539
0.594993
-0.790648
0.144427
-0.796149
-0.60441
-0.0288906
0.110136
-0.0977958
-0.989094
0.613412
-0.778055
0.135483
-0.781006
-0.623093
-0.0422354
0.11728
-0.0799056
-0.989879
0.6272
-0.769059
0.12316
-0.768881
-0.636605
-0.0596305
0.124264
-0.057295
-0.990594
0.635809
-0.764416
0.106841
-0.761123
-0.643934
-0.0777249
0.128213
-0.0319012
-0.991233
0.638838
-0.764345
0.0875351
-0.758891
-0.644758
-0.0914978
0.126375
-0.00797741
-0.99195
0.641805
-0.764157
0.0644232
-0.757622
-0.644831
-0.101002
0.118723
0.0160148
-0.992798
0.639875
-0.76745
0.0397652
-0.76018
-0.639701
-0.11362
0.112635
0.0424737
-0.992728
0.630165
-0.776312
0.0152297
-0.769052
-0.626735
-0.125547
0.107008
0.0674026
-0.991971
0.611634
-0.791137
-0.00237032
-0.784107
-0.605795
-0.134868
0.105263
0.0843485
-0.990861
0.585651
-0.810438
-0.0142537
-0.803902
-0.578498
-0.138138
0.103707
0.0923593
-0.99031
0.558211
-0.829397
-0.022399
-0.823422
-0.550472
-0.137683
0.101863
0.0952997
-0.990223
0.528944
-0.848146
-0.0294414
-0.842993
-0.521095
-0.133504
0.0978888
0.0954347
-0.990611
0.501751
-0.864492
-0.030011
-0.859907
-0.494725
-0.125723
0.0938394
0.0888884
-0.991611
0.47509
-0.879463
-0.0288815
-0.875475
-0.469124
-0.116046
0.0885089
0.080417
-0.992824
0.44687
-0.894173
-0.0276025
-0.89078
-0.441902
-0.105989
0.082575
0.071951
-0.993984
0.417106
-0.908493
-0.0257593
-0.905697
-0.413127
-0.0950704
0.0757288
0.0629846
-0.995137
0.387065
-0.921741
-0.0239449
-0.919608
-0.384019
-0.0827673
0.0670947
0.0540563
-0.996281
0.355259
-0.934564
-0.019517
-0.932934
-0.353177
-0.0700012
0.0585277
0.0430767
-0.997356
0.322953
-0.946338
-0.0121193
-0.945082
-0.321792
-0.0571841
0.0502156
0.0299215
-0.99829
0.291321
-0.956619
-0.00356518
-0.955734
-0.290886
-0.0442488
0.0412922
0.0162979
-0.999014
0.25878
-0.965919
0.00568786
-0.965415
-0.25883
-0.0313098
0.0317149
0.00261122
-0.999494
0.224733
-0.974237
0.0189307
-0.97416
-0.225079
-0.0187364
0.0225146
-0.0142309
-0.999645
0.19272
-0.980477
0.0390312
-0.981159
-0.193101
-0.00621238
0.0136281
-0.0370986
-0.999219
0.165642
-0.984068
0.0646052
-0.986175
-0.165591
0.0061782
0.00461826
-0.0647354
-0.997892
0.144395
-0.985121
0.0932055
-0.989509
-0.1433
0.0183631
-0.00473349
-0.0948792
-0.995478
0.140604
-0.982978
0.118258
-0.990058
-0.139131
0.0206591
-0.0038541
-0.119987
-0.992768
0.152266
-0.977679
0.144775
-0.988296
-0.151991
0.0130221
0.00927308
-0.145063
-0.989379
0.178357
-0.970227
0.163856
-0.983608
-0.180291
0.00311752
0.026517
-0.161726
-0.986479
0.217204
-0.96093
0.171566
-0.975087
-0.221705
-0.00728256
0.045035
-0.16571
-0.985146
0.25811
-0.951915
0.165035
-0.964494
-0.263784
-0.0130501
0.0559562
-0.155807
-0.986201
0.29173
-0.943749
0.155667
-0.954414
-0.297957
-0.0177669
0.0631495
-0.143387
-0.98765
0.324264
-0.934805
0.144885
-0.943381
-0.330879
-0.023487
0.0698951
-0.129065
-0.98917
0.361385
-0.924064
0.124529
-0.929856
-0.367055
-0.0252642
0.0690547
-0.106664
-0.991894
0.40019
-0.910443
0.104603
-0.913859
-0.405006
-0.0288456
0.0686272
-0.0840488
-0.994096
0.43529
-0.896015
0.0876377
-0.897762
-0.439296
-0.0322827
0.0674246
-0.0646255
-0.995629
0.460522
-0.884245
0.0776488
-0.885156
-0.464019
-0.0344219
0.066468
-0.0528793
-0.996386
0.46481
-0.881806
0.0798167
-0.882894
-0.468394
-0.0332561
0.066711
-0.0550119
-0.996255
0.466778
-0.880669
0.0808718
-0.882247
-0.470043
-0.0264535
0.06131
-0.0590009
-0.996373
0.47114
-0.878735
0.0764962
-0.880759
-0.473379
-0.0132659
0.0478689
-0.0611246
-0.996982
0.472016
-0.878803
0.0700389
-0.881069
-0.472976
0.00322879
0.0302893
-0.0632332
-0.997539
0.470139
-0.880024
0.0672751
-0.882359
-0.470401
0.0128859
0.0203063
-0.0654189
-0.997651
0.467944
-0.881422
0.0642178
-0.883727
-0.467299
0.0256557
0.00739545
-0.0687565
-0.997606
0.461975
-0.884854
0.0601085
-0.886814
-0.459969
0.0445982
-0.0118148
-0.0739084
-0.997195
0.46032
-0.885764
0.0593919
-0.887481
-0.457492
0.0554829
-0.0219734
-0.0782491
-0.996692
0.460863
-0.885225
0.0630975
-0.887168
-0.457682
0.0588227
-0.0231928
-0.0830873
-0.996272
0.462268
-0.884275
0.0660832
-0.886417
-0.458801
0.0613794
-0.0239572
-0.086951
-0.995924
0.462207
-0.884131
0.0683893
-0.886396
-0.45839
0.0646577
-0.0258169
-0.0905053
-0.995561
0.462099
-0.883953
0.0713634
-0.886422
-0.457951
0.0673624
-0.0268642
-0.0943861
-0.995173
0.469615
-0.879281
0.0795333
-0.882584
-0.465258
0.0676756
-0.0225024
-0.101976
-0.994532
0.495194
-0.864122
0.0898687
-0.868674
-0.490841
0.0669407
-0.0137337
-0.111215
-0.993701
0.530571
-0.842142
0.0963947
-0.847618
-0.526293
0.0675147
-0.00612509
-0.117527
-0.993051
0.563948
-0.819629
0.100849
-0.82581
-0.559673
0.0693148
-0.000370051
-0.122372
-0.992484
0.597162
-0.795691
0.101354
-0.802117
-0.592764
0.0723826
0.00248466
-0.124522
-0.992214
0.62537
-0.773509
0.102937
-0.780295
-0.621093
0.0733638
0.00718575
-0.126201
-0.991979
0.651881
-0.750818
0.106416
-0.758183
-0.647992
0.0725555
0.0144811
-0.127981
-0.991671
0.676177
-0.727572
0.115859
-0.736204
-0.673269
0.0686457
0.0280597
-0.131713
-0.990891
0.691216
-0.711048
0.128964
-0.7212
-0.690051
0.0608316
0.0457374
-0.135056
-0.989782
0.696208
-0.703487
0.142832
-0.715078
-0.6971
0.0521034
0.0629143
-0.138411
-0.988375
0.691031
-0.705276
0.158308
-0.718952
-0.693283
0.0496695
0.0747216
-0.148139
-0.98614
0.669885
-0.719899
0.181658
-0.738197
-0.671986
0.0591537
0.0794868
-0.173726
-0.981581
0.640812
-0.741337
0.199447
-0.764134
-0.64094
0.0727675
0.0738882
-0.199034
-0.977203
0.610955
-0.762309
0.213585
-0.78905
-0.608269
0.0860793
0.0642983
-0.22112
-0.973125
0.582104
-0.781137
0.225789
-0.811367
-0.576206
0.0983404
0.0532834
-0.240442
-0.9692
0.554279
-0.798294
0.235587
-0.831288
-0.545108
0.108705
0.0416421
-0.256094
-0.965755
0.52766
-0.815773
0.236832
-0.849059
-0.515017
0.117711
0.0259472
-0.263196
-0.964393
0.493194
-0.837951
0.233662
-0.869856
-0.478278
0.120835
0.010502
-0.262848
-0.96478
0.457832
-0.860335
0.224084
-0.88903
-0.441931
0.119677
-0.00393241
-0.254009
-0.967194
0.425908
-0.882317
0.200299
-0.904562
-0.410542
0.114991
-0.0192273
-0.230158
-0.972963
0.397995
-0.902039
0.16711
-0.916914
-0.385279
0.104065
-0.0294871
-0.194643
-0.980431
0.372303
-0.918395
0.133943
-0.927505
-0.362947
0.0894674
-0.0335523
-0.157541
-0.986942
0.357585
-0.928945
0.0958812
-0.933187
-0.351476
0.0750068
-0.0359772
-0.116296
-0.992563
0.353882
-0.933911
0.0507649
-0.934499
-0.350829
0.0602596
-0.0384674
-0.0687645
-0.996891
0.358172
-0.933632
0.00659373
-0.932926
-0.357604
0.0420523
-0.0369034
-0.0212134
-0.999094
0.372803
-0.927447
-0.0293231
-0.927438
-0.373436
0.0201092
-0.0296005
0.0196986
-0.999368
0.400385
-0.914483
-0.0584212
-0.916142
-0.40083
-0.00441357
-0.0193808
0.0552892
-0.998282
0.435362
-0.897186
-0.0742814
-0.90023
-0.434488
-0.028403
-0.00679159
0.0792359
-0.996833
0.471459
-0.878493
-0.077303
-0.881876
-0.469176
-0.0465748
0.00464696
0.0901298
-0.995919
0.510625
-0.856737
-0.0725523
-0.859648
-0.507105
-0.0620463
0.0163657
0.0940518
-0.995433
0.546149
-0.834501
-0.0729979
-0.83736
-0.541422
-0.0754276
0.0234217
0.10232
-0.994476
0.579896
-0.811803
-0.0685309
-0.813849
-0.57342
-0.0940199
0.0370287
0.110296
-0.993209
0.611051
-0.78967
-0.0551111
-0.789775
-0.603458
-0.109968
0.0535815
0.110722
-0.992406
0.639612
-0.767689
-0.0393827
-0.765777
-0.631883
-0.119622
0.0669475
0.10667
-0.992038
0.667599
-0.744344
-0.0162152
-0.739768
-0.660723
-0.127232
0.083991
0.0969357
-0.99174
0.695687
-0.718304
0.00772115
-0.711033
-0.690095
-0.134912
0.102236
0.0883669
-0.990827
0.720812
-0.692248
0.0349616
-0.682073
-0.717384
-0.141903
0.123313
0.0784389
-0.989263
0.744217
-0.66487
0.0639427
-0.651913
-0.74387
-0.147199
0.145433
0.0678628
-0.987038
0.766574
-0.635392
0.0929587
-0.619713
-0.769927
-0.152207
0.168283
0.0590705
-0.983967
0.781805
-0.611073
0.123976
-0.593511
-0.790261
-0.152425
0.191117
0.0455855
-0.980508
0.77758
-0.608317
0.159122
-0.592007
-0.793548
-0.140746
0.211889
0.0152395
-0.977175
0.752067
-0.627493
0.201613
-0.617391
-0.777793
-0.117753
0.230703
-0.0359157
-0.972361
0.722595
-0.649433
0.23684
-0.648262
-0.755587
-0.0940412
0.240027
-0.0855808
-0.966987
0.695658
-0.668215
0.263723
-0.675636
-0.733322
-0.0758563
0.244082
-0.125411
-0.961611
0.667321
-0.688148
0.284841
-0.703921
-0.707691
-0.0605774
0.243266
-0.160081
-0.956659
0.637474
-0.710137
0.298884
-0.733836
-0.677815
-0.0453006
0.234757
-0.190454
-0.953214
0.608021
-0.731741
0.308002
-0.76257
-0.646216
-0.0298818
0.220902
-0.216705
-0.950916
0.577634
-0.754778
0.310883
-0.791061
-0.611555
-0.0149397
0.201398
-0.237298
-0.950331
0.545506
-0.778505
0.310407
-0.818639
-0.574306
-0.00169931
0.179591
-0.253184
-0.950602
0.513726
-0.80113
0.307045
-0.843186
-0.53756
0.00817868
0.158503
-0.263097
-0.95166
0.485271
-0.822566
0.296474
-0.863611
-0.503922
0.0154358
0.136703
-0.263529
-0.954916
0.456657
-0.843829
0.28181
-0.882428
-0.469888
0.0229292
0.113071
-0.259148
-0.959196
0.430756
-0.863064
0.26376
-0.898138
-0.438567
0.0317215
0.0882987
-0.250557
-0.964067
0.404971
-0.882212
0.240209
-0.911971
-0.408595
0.0368637
0.0656267
-0.233993
-0.970021
0.380453
-0.899078
0.216595
-0.923654
-0.381069
0.0406115
0.046025
-0.21551
-0.975416
0.360532
-0.913528
0.188372
-0.93238
-0.358628
0.0453163
0.0261576
-0.191972
-0.981052
0.343767
-0.92616
0.155086
-0.939023
-0.340391
0.0486759
0.00770811
-0.162362
-0.986701
0.328306
-0.937127
0.118358
-0.944536
-0.324617
0.0497557
-0.00820635
-0.128129
-0.991724
0.31747
-0.944774
0.0813305
-0.948059
-0.314426
0.0481759
-0.0199429
-0.0924005
-0.995522
0.316416
-0.94699
0.055595
-0.948448
-0.314699
0.037549
-0.0180628
-0.0646102
-0.997747
0.339268
-0.940186
0.0307895
-0.940584
-0.338558
0.0260791
-0.0140952
-0.0378079
-0.999186
0.381635
-0.924297
0.00551153
-0.924282
-0.381567
0.0104802
-0.0075838
-0.00909383
-0.99993
0.430606
-0.902392
-0.0163374
-0.902539
-0.430564
-0.0062008
-0.00143874
0.0174152
-0.999847
0.474716
-0.879782
-0.0250782
-0.8801
-0.474231
-0.0230087
0.00834977
0.0329939
-0.999421
0.519392
-0.854152
-0.0256157
-0.854334
-0.518385
-0.0372804
0.0185643
0.0412475
-0.998976
0.56225
-0.826628
-0.0236843
-0.826641
-0.560994
-0.0441519
0.0232105
0.0444029
-0.998744
0.601807
-0.798516
-0.0141589
-0.798055
-0.600592
-0.0489554
0.0305879
0.0407613
-0.998701
0.638533
-0.769576
0.0052139
-0.768372
-0.637886
-0.0520196
0.0433589
0.02921
-0.998632
0.67257
-0.739898
0.014171
-0.738408
-0.672238
-0.0533889
0.0490287
0.0254438
-0.998473
0.704044
-0.709939
0.0175651
-0.708283
-0.703767
-0.0552065
0.051555
0.0264268
-0.99832
0.731959
-0.681113
0.0179203
-0.6793
-0.731543
-0.0582797
0.0528046
0.0304851
-0.998139
0.755598
-0.654734
0.0198872
-0.652742
-0.755143
-0.0607237
0.0547755
0.0329015
-0.997956
0.772035
-0.635101
0.02467
-0.632814
-0.771713
-0.0632917
0.0592348
0.0332519
-0.99769
0.777878
-0.627761
0.0286862
-0.625315
-0.777761
-0.0637871
0.062354
0.0316806
-0.997551
0.778555
-0.626774
0.0317422
-0.624256
-0.77864
-0.0634311
0.0644727
0.0295693
-0.997481
0.778272
-0.627141
0.0314153
-0.624716
-0.778375
-0.062154
0.0634322
0.0287471
-0.997572
0.776238
-0.629752
0.0294277
-0.627451
-0.776256
-0.0610866
0.0613128
0.0289533
-0.997699
0.767296
-0.640616
0.029448
-0.638648
-0.767492
-0.0555348
0.0581776
0.0238048
-0.998022
0.755308
-0.654514
0.033468
-0.652836
-0.755893
-0.0493074
0.0575706
0.0153931
-0.998223
0.749634
-0.661068
0.0322247
-0.659784
-0.750251
-0.0425291
0.0522913
0.0106199
-0.998575
0.738285
-0.673305
0.0399429
-0.671877
-0.739342
-0.0442033
0.0592938
0.00579795
-0.998224
0.717743
-0.69418
0.0543927
-0.693186
-0.719731
-0.0384887
0.0658662
-0.0100792
-0.997778
0.692873
-0.718589
0.0596454
-0.718432
-0.695038
-0.0279053
0.0615082
-0.0235164
-0.99783
0.668662
-0.740674
0.0655292
-0.741137
-0.671002
-0.0217299
0.060065
-0.0340361
-0.997614
0.643444
-0.762102
0.0719708
-0.763261
-0.645901
-0.0156582
0.0584192
-0.0448573
-0.997284
0.618481
-0.782001
0.0771687
-0.783663
-0.621055
-0.0127601
0.0579044
-0.0525824
-0.996936
0.593718
-0.800133
0.0853571
-0.802344
-0.596725
-0.0128152
0.0611886
-0.0608771
-0.996268
0.57743
-0.810645
0.0971046
-0.813358
-0.581492
-0.0177699
0.0708706
-0.06872
-0.995116
0.572065
-0.813782
0.102472
-0.816452
-0.576927
-0.023705
0.0784095
-0.0701026
-0.994453
0.572915
-0.813696
0.0983261
-0.815875
-0.577629
-0.026311
0.0782051
-0.0651478
-0.994806
0.573028
-0.814095
0.0942769
-0.815758
-0.577633
-0.029649
0.0785945
-0.0599174
-0.995104
0.56899
-0.815633
0.104846
-0.817475
-0.574859
-0.0356574
0.0893552
-0.0654206
-0.993849
0.56434
-0.812904
0.143898
-0.818311
-0.573854
-0.0325399
0.109028
-0.0993898
-0.989057
0.571808
-0.798567
0.187952
-0.810485
-0.58537
-0.0213646
0.127083
-0.140116
-0.981946
0.592274
-0.776326
0.215705
-0.794547
-0.607191
-0.00365645
0.133813
-0.169222
-0.976452
0.621093
-0.745643
0.241371
-0.769308
-0.63885
0.00603988
0.149696
-0.18944
-0.970414
0.643734
-0.714939
0.272888
-0.744857
-0.667161
0.00919955
0.175483
-0.209184
-0.962002
0.663378
-0.68075
0.310659
-0.718205
-0.695773
0.00899489
0.210025
-0.229084
-0.950479
0.683674
-0.64374
0.343786
-0.688699
-0.724946
0.0121284
0.241418
-0.245057
-0.93897
0.698537
-0.608999
0.37572
-0.662494
-0.748853
0.0179012
0.270457
-0.261417
-0.92656
0.712598
-0.576982
0.399119
-0.636728
-0.770758
0.0225926
0.294588
-0.270229
-0.916621
0.72716
-0.546244
0.415759
-0.60806
-0.793619
0.0207978
0.318594
-0.26793
-0.909237
0.740207
-0.516434
0.430568
-0.577537
-0.816247
0.0138388
0.344303
-0.258913
-0.902452
0.750268
-0.491778
0.441874
-0.550219
-0.835006
0.0049216
0.366547
-0.24682
-0.897063
0.761543
-0.472813
0.443283
-0.526699
-0.85005
-0.0018278
0.377677
-0.232085
-0.89638
0.773898
-0.454634
0.440896
-0.501949
-0.864831
-0.0107151
0.386172
-0.213015
-0.897494
0.786381
-0.435947
0.437671
-0.476707
-0.878859
-0.0188784
0.392881
-0.193795
-0.898937
0.800354
-0.422661
0.425195
-0.456677
-0.889298
-0.0243858
0.388432
-0.174659
-0.904773
0.815961
-0.415147
0.40232
-0.440465
-0.897182
-0.0324618
0.374431
-0.15072
-0.914923
0.826899
-0.41813
0.37604
-0.433675
-0.899846
-0.0469287
0.358001
-0.124274
-0.925414
0.833437
-0.433155
0.343162
-0.439491
-0.895994
-0.0635756
0.335009
-0.0978302
-0.937122
0.834443
-0.45691
0.30812
-0.455615
-0.88651
-0.0807166
0.310032
-0.0730308
-0.947917
0.830308
-0.48531
0.273975
-0.477739
-0.872962
-0.0985012
0.286973
-0.0491021
-0.956679
0.822934
-0.514289
0.241426
-0.501911
-0.857212
-0.11521
0.266205
-0.0263644
-0.963556
0.812141
-0.545271
0.207622
-0.528777
-0.838258
-0.13311
0.246622
-0.00168129
-0.96911
0.797077
-0.578684
0.172607
-0.558739
-0.81516
-0.152726
0.229082
0.0252917
-0.973078
0.774494
-0.616908
0.139942
-0.595384
-0.785633
-0.168224
0.213722
0.0469694
-0.975765
0.745542
-0.657043
0.11163
-0.637336
-0.751864
-0.168828
0.194857
0.0547225
-0.979304
0.716514
-0.693649
0.0738854
-0.677572
-0.717237
-0.162691
0.165843
0.0665074
-0.983907
0.689189
-0.723809
0.0334456
-0.711186
-0.684562
-0.159966
0.13868
0.0864605
-0.986556
0.662607
-0.748966
-0.00124425
-0.739613
-0.654069
-0.158639
0.118002
0.106036
-0.987336
0.633595
-0.77301
-0.0318119
-0.767819
-0.623231
-0.148447
0.0949247
0.118481
-0.988409
0.602596
-0.795594
-0.0625154
-0.795662
-0.592899
-0.124065
0.06164
0.124502
-0.990303
0.573325
-0.815761
-0.0763687
-0.818361
-0.565628
-0.101734
0.0397945
0.120824
-0.991876
0.545617
-0.833107
-0.0907465
-0.837869
-0.540144
-0.0788738
0.0166942
0.119069
-0.992746
0.518971
-0.848251
-0.105547
-0.85474
-0.516329
-0.0531406
-0.00942031
0.117793
-0.992993
0.488517
-0.865662
-0.109461
-0.872022
-0.488742
-0.026603
-0.0304688
0.108448
-0.993635
0.455386
-0.883865
-0.106802
-0.888616
-0.458607
0.00639475
-0.0546323
0.091994
-0.99426
0.422363
-0.899706
-0.110175
-0.902234
-0.428969
0.0442567
-0.0870798
0.0807113
-0.992926
0.389442
-0.914543
-0.109299
-0.913915
-0.398437
0.0775024
-0.114428
0.0697075
-0.990983
0.359135
-0.927022
-0.107948
-0.922224
-0.370251
0.111427
-0.143263
0.0595346
-0.987892
0.331765
-0.936912
-0.110127
-0.926823
-0.345483
0.147105
-0.175871
0.0532639
-0.982971
0.306601
-0.945874
-0.106386
-0.929157
-0.321673
0.182189
-0.206549
0.0429903
-0.977491
0.285281
-0.953726
-0.0949796
-0.929447
-0.29948
0.215498
-0.23397
0.0268011
-0.971874
0.277245
-0.957678
-0.0773786
-0.92723
-0.287792
0.239626
-0.251754
0.00531245
-0.967777
0.285076
-0.956517
-0.0616922
-0.920908
-0.291176
0.259125
-0.265821
-0.0170574
-0.963872
0.303437
-0.951917
-0.0421791
-0.912436
-0.303037
0.275006
-0.274565
-0.0449613
-0.960517
0.335895
-0.941621
-0.0228811
-0.901346
-0.32839
0.282375
-0.273404
-0.0742245
-0.959031
0.376096
-0.926548
-0.00775405
-0.886407
-0.362214
0.288242
-0.269878
-0.101533
-0.957526
0.414789
-0.909908
0.00423656
-0.870745
-0.395576
0.292102
-0.26411
-0.12485
-0.956378
0.448869
-0.893494
0.013589
-0.856326
-0.425751
0.292306
-0.255388
-0.142844
-0.956228
0.480602
-0.876506
0.0275382
-0.843917
-0.45374
0.286226
-0.238384
-0.160801
-0.957766
0.511076
-0.858472
0.0427386
-0.83068
-0.480532
0.281174
-0.220843
-0.179203
-0.958705
0.537173
-0.841772
0.0535265
-0.81812
-0.504536
0.275905
-0.205243
-0.192
-0.959693
0.555387
-0.82893
0.0664911
-0.810245
-0.521397
0.267672
-0.187213
-0.202536
-0.961213
0.574598
-0.814959
0.0753515
-0.800286
-0.540188
0.260269
-0.171404
-0.209853
-0.962592
0.59376
-0.800151
0.084897
-0.789855
-0.55946
0.251264
-0.153553
-0.216247
-0.964188
0.609105
-0.786859
0.0992181
-0.781777
-0.574645
0.24209
-0.133475
-0.225024
-0.965168
0.626858
-0.770772
0.113839
-0.771282
-0.593191
0.230758
-0.110333
-0.232454
-0.966329
0.645264
-0.75324
0.127529
-0.758865
-0.612722
0.220671
-0.0880781
-0.239169
-0.966975
0.65765
-0.74058
0.137978
-0.74975
-0.625636
0.215533
-0.0732952
-0.245194
-0.966699
0.66399
-0.732063
0.152322
-0.745449
-0.632136
0.211447
-0.058504
-0.253947
-0.965447
0.666489
-0.728107
0.160166
-0.74375
-0.634612
0.210007
-0.0512637
-0.259091
-0.964492
0.666945
-0.726794
0.16418
-0.743623
-0.635355
0.208205
-0.0470095
-0.26095
-0.964207
0.665497
-0.727326
0.167662
-0.745215
-0.634805
0.20415
-0.0420508
-0.260805
-0.964475
0.663569
-0.729016
0.167967
-0.74704
-0.633663
0.201006
-0.040102
-0.258859
-0.965082
0.661991
-0.730649
0.167093
-0.748397
-0.632216
0.20051
-0.0408642
-0.257788
-0.965337
0.66084
-0.732039
0.165558
-0.749188
-0.630237
0.203763
-0.0448219
-0.258688
-0.96492
0.657828
-0.733942
0.169091
-0.751887
-0.626851
0.204265
-0.0439238
-0.261509
-0.964201
0.65405
-0.735442
0.17704
-0.755572
-0.623864
0.199762
-0.0364645
-0.264421
-0.963718
0.650744
-0.737153
0.182037
-0.758776
-0.622453
0.191861
-0.0281209
-0.262978
-0.964392
0.647877
-0.739118
0.184284
-0.761407
-0.621147
0.185568
-0.0226887
-0.260541
-0.965196
0.6455
-0.740825
0.185763
-0.763585
-0.620759
0.177755
-0.0163715
-0.256587
-0.966383
0.642878
-0.74225
0.189136
-0.765931
-0.620497
0.168324
-0.00758077
-0.253077
-0.967416
0.641601
-0.744062
0.186334
-0.767007
-0.620144
0.164687
-0.0069837
-0.248583
-0.968585
0.640088
-0.746228
0.182842
-0.768247
-0.618823
0.163872
-0.00913966
-0.24536
-0.969389
0.63708
-0.748641
0.183482
-0.770769
-0.616689
0.160032
-0.00665511
-0.243375
-0.969909
0.634741
-0.750726
0.18307
-0.772699
-0.614719
0.158292
-0.00629722
-0.241933
-0.970273
0.63214
-0.75491
0.174672
-0.774632
-0.610292
0.165798
-0.0185615
-0.240114
-0.970567
0.630363
-0.757384
0.17033
-0.775751
-0.606308
0.174932
-0.0292184
-0.242404
-0.969735
0.629035
-0.758935
0.168324
-0.776578
-0.603667
0.180313
-0.0352348
-0.24414
-0.9691
0.627486
-0.760301
0.167941
-0.777744
-0.601741
0.18172
-0.0371047
-0.244642
-0.968903
0.625008
-0.76186
0.1701
-0.779814
-0.599475
0.180333
-0.0354177
-0.245356
-0.968786
0.622715
-0.762783
0.174324
-0.782039
-0.599536
0.170207
-0.0253172
-0.242319
-0.969866
0.622419
-0.762035
0.178598
-0.782546
-0.601602
0.160303
-0.0147116
-0.239537
-0.970776
0.622425
-0.762117
0.178227
-0.782621
-0.603242
0.153636
-0.00957458
-0.235111
-0.971921
0.622947
-0.761778
0.177852
-0.782249
-0.605232
0.147582
-0.00478326
-0.23106
-0.972928
0.623534
-0.761124
0.178595
-0.781794
-0.606436
0.145034
-0.0020823
-0.230058
-0.973175
0.623762
-0.760383
0.180939
-0.781604
-0.608011
0.139349
0.00405434
-0.228343
-0.973572
0.623763
-0.758919
0.186981
-0.781432
-0.610666
0.128261
0.0168426
-0.226117
-0.973954
0.62438
-0.758593
0.186243
-0.780767
-0.613273
0.11958
0.023505
-0.220075
-0.9752
0.627992
-0.756403
0.182974
-0.777694
-0.618617
0.111827
0.028605
-0.212524
-0.976737
0.632615
-0.753315
0.179762
-0.773677
-0.625184
0.1028
0.0349437
-0.20411
-0.978324
0.647799
-0.73851
0.186975
-0.759909
-0.64375
0.0901341
0.0537998
-0.200473
-0.978221
0.677517
-0.711755
0.185409
-0.732986
-0.674244
0.0901461
0.0608493
-0.196978
-0.978518
0.709843
-0.679957
0.183794
-0.701518
-0.705901
0.0978558
0.0632028
-0.198397
-0.978082
0.74093
-0.646393
0.182206
-0.668178
-0.736809
0.103208
0.0675378
-0.198216
-0.977829
0.766121
-0.615681
0.184378
-0.638165
-0.762751
0.104674
0.0761883
-0.197856
-0.977266
0.787155
-0.587772
0.186845
-0.610868
-0.784761
0.104834
0.0850103
-0.196659
-0.97678
0.809262
-0.556812
0.187229
-0.580056
-0.807808
0.104792
0.0928952
-0.193408
-0.976711
0.827407
-0.530111
0.185418
-0.552803
-0.82699
0.102453
0.0990276
-0.18727
-0.977304
0.83621
-0.518041
0.179962
-0.539227
-0.836477
0.0976755
0.0999343
-0.178718
-0.978812
0.838414
-0.520867
0.160499
-0.538403
-0.837284
0.095271
0.08476
-0.16629
-0.982427
0.834067
-0.535351
0.133161
-0.548768
-0.829855
0.100971
0.0564491
-0.157291
-0.985938
0.818779
-0.564858
0.102648
-0.573848
-0.810605
0.116692
0.0172928
-0.154449
-0.987849
0.795102
-0.601018
0.0811802
-0.60634
-0.784936
0.127389
-0.0128419
-0.15051
-0.988525
0.767699
-0.63817
0.0581139
-0.639288
-0.756472
0.138063
-0.0441461
-0.143142
-0.988717
0.735013
-0.676856
0.0402685
-0.674291
-0.723398
0.148417
-0.0713271
-0.136241
-0.988105
0.697083
-0.716002
0.037635
-0.711304
-0.684003
0.161819
-0.0901206
-0.139572
-0.986102
0.66114
-0.74913
0.0412076
-0.742865
-0.645939
0.175826
-0.105099
-0.146857
-0.983558
0.631185
-0.774171
0.0475902
-0.766482
-0.613167
0.191132
-0.118788
-0.157116
-0.98041
0.609401
-0.790202
0.0648902
-0.783255
-0.587295
0.203953
-0.123054
-0.175115
-0.976828
0.603559
-0.792667
0.0860039
-0.788635
-0.577627
0.210718
-0.117351
-0.195006
-0.973756
0.607281
-0.786094
0.115181
-0.787787
-0.57701
0.215526
-0.102963
-0.221623
-0.969681
0.61833
-0.772507
0.14457
-0.780952
-0.583292
0.223348
-0.0882117
-0.251005
-0.963958
0.637132
-0.754966
0.155204
-0.766845
-0.600661
0.226173
-0.0775283
-0.26312
-0.961643
0.662638
-0.731991
0.158432
-0.746364
-0.627884
0.220687
-0.0620645
-0.264484
-0.962391
0.688045
-0.708103
0.158697
-0.724364
-0.657076
0.208682
-0.0434923
-0.258536
-0.965022
0.709474
-0.687543
0.154696
-0.704147
-0.68266
0.195326
-0.0286903
-0.247507
-0.968461
0.730245
-0.667847
0.143954
-0.682966
-0.708272
0.178631
-0.0173396
-0.228761
-0.973328
0.738123
-0.661522
0.132522
-0.674473
-0.718838
0.1684
-0.0161386
-0.213683
-0.97677
0.73239
-0.66931
0.125015
-0.680559
-0.713907
0.164851
-0.0210874
-0.205816
-0.978364
0.727443
-0.675863
0.118472
-0.685663
-0.709369
0.163288
-0.0263194
-0.200015
-0.979439
0.718148
-0.687151
0.10994
-0.695027
-0.700384
0.162477
-0.034646
-0.193093
-0.980569
0.702453
-0.70455
0.100844
-0.710068
-0.684063
0.16692
-0.0486195
-0.18886
-0.9808
0.682616
-0.725323
0.0891112
-0.727584
-0.663175
0.17556
-0.0682413
-0.184676
-0.980427
0.665915
-0.741019
0.0863012
-0.741929
-0.6457
0.180592
-0.0780978
-0.184288
-0.979765
0.648901
-0.756092
0.0851612
-0.755689
-0.627389
0.187925
-0.0886597
-0.1863
-0.978484
0.625255
-0.775072
0.0912148
-0.774969
-0.60284
0.189754
-0.0920848
-0.189333
-0.977586
0.601807
-0.791986
0.102894
-0.793578
-0.578522
0.188537
-0.0897922
-0.195118
-0.976661
0.579709
-0.807032
0.112414
-0.809829
-0.555396
0.188976
-0.090076
-0.200587
-0.975526
0.561483
-0.818434
0.122076
-0.822512
-0.535844
0.190644
-0.0906152
-0.207452
-0.974039
0.541347
-0.832542
0.117548
-0.833378
-0.512764
0.206286
-0.111468
-0.209634
-0.971405
0.519254
-0.84739
0.110927
-0.843813
-0.487776
0.223727
-0.135477
-0.209773
-0.968319
0.498944
-0.86052
0.102761
-0.851745
-0.465028
0.241409
-0.159951
-0.207976
-0.964967
0.479117
-0.872822
0.0928859
-0.858034
-0.443422
0.259142
-0.184997
-0.203859
-0.961363
0.462406
-0.882853
0.0821651
-0.862671
-0.426542
0.271773
-0.204889
-0.196551
-0.958847
0.444785
-0.892379
0.076326
-0.868987
-0.409347
0.278022
-0.216857
-0.189986
-0.957538
0.423723
-0.902757
0.0740869
-0.876259
-0.387819
0.285949
-0.22941
-0.186082
-0.955377
0.403033
-0.91251
0.069921
-0.882006
-0.366901
0.295719
-0.244193
-0.180855
-0.952713
0.386826
-0.919706
0.067137
-0.886826
-0.351061
0.300493
-0.252796
-0.175777
-0.951418
0.373328
-0.925262
0.0672099
-0.891438
-0.337736
0.302114
-0.256835
-0.172701
-0.9509
0.363174
-0.929012
0.0710062
-0.895237
-0.326821
0.302884
-0.258176
-0.173567
-0.950379
0.359261
-0.929946
0.0783116
-0.897754
-0.321463
0.301165
-0.254892
-0.178501
-0.950351
0.35961
-0.929043
0.086949
-0.899666
-0.320494
0.296452
-0.24755
-0.184832
-0.951082
0.359025
-0.928446
0.0953394
-0.901623
-0.318616
0.292507
-0.2412
-0.190978
-0.951499
0.358598
-0.926587
0.113332
-0.907555
-0.317635
0.274685
-0.218522
-0.201357
-0.954832
0.355093
-0.926032
0.127962
-0.91357
-0.314723
0.257566
-0.198241
-0.208362
-0.95775
0.350894
-0.925406
0.143165
-0.919357
-0.311403
0.240439
-0.177922
-0.215989
-0.960048
0.347494
-0.924599
0.156091
-0.924197
-0.309588
0.223639
-0.158453
-0.221972
-0.962092
0.344437
-0.924119
0.165428
-0.928023
-0.308517
0.208784
-0.141904
-0.225434
-0.963869
0.341619
-0.923895
0.172377
-0.93033
-0.306403
0.201502
-0.13335
-0.229204
-0.964201
0.33947
-0.923837
0.176877
-0.930388
-0.302132
0.20759
-0.138339
-0.235035
-0.962092
0.335621
-0.924648
0.179955
-0.930245
-0.295247
0.217885
-0.148336
-0.240529
-0.95924
0.333839
-0.925181
0.180531
-0.930498
-0.292814
0.220078
-0.15075
-0.241455
-0.958631
0.334119
-0.924484
0.183557
-0.930714
-0.29287
0.219088
-0.148785
-0.244041
-0.958283
0.333764
-0.923777
0.187717
-0.931222
-0.292188
0.217835
-0.146382
-0.247511
-0.957763
0.334224
-0.921719
0.196795
-0.931719
-0.291637
0.216444
-0.142108
-0.255698
-0.956255
0.333614
-0.919633
0.207307
-0.932909
-0.290437
0.2129
-0.135581
-0.264425
-0.954828
0.332573
-0.919443
0.209807
-0.933356
-0.289034
0.212852
-0.135064
-0.266614
-0.954293
0.331231
-0.919462
0.211841
-0.93335
-0.286363
0.216457
-0.13836
-0.269419
-0.953032
0.331449
-0.91947
0.211461
-0.933155
-0.286428
0.217212
-0.139152
-0.26932
-0.952945
0.330763
-0.919507
0.212375
-0.933413
-0.285602
0.217191
-0.139054
-0.270072
-0.952746
0.329313
-0.919373
0.215188
-0.933449
-0.282663
0.220849
-0.142217
-0.273596
-0.951273
0.329569
-0.92003
0.211967
-0.932307
-0.281711
0.226811
-0.14896
-0.272369
-0.950593
0.324994
-0.922597
0.207829
-0.933008
-0.276883
0.229853
-0.154517
-0.268607
-0.950776
0.315821
-0.929188
0.192006
-0.935389
-0.270982
0.227193
-0.159075
-0.251352
-0.954734
0.301872
-0.937187
0.174796
-0.939872
-0.261839
0.219274
-0.159733
-0.230478
-0.959878
0.292035
-0.942656
0.161603
-0.943726
-0.256594
0.208664
-0.155232
-0.213446
-0.964543
0.285186
-0.946427
0.151476
-0.94676
-0.253531
0.198413
-0.14938
-0.199996
-0.968343
0.288684
-0.944636
0.155963
-0.948447
-0.259902
0.181384
-0.130807
-0.200285
-0.970966
0.296219
-0.942871
0.152477
-0.947488
-0.269943
0.171457
-0.120501
-0.195259
-0.973321
0.306829
-0.940829
0.143866
-0.945894
-0.28467
0.155716
-0.105547
-0.18386
-0.977269
0.316694
-0.939854
0.12798
-0.944797
-0.300608
0.130362
-0.0840495
-0.1622
-0.983172
0.32733
-0.937795
0.115741
-0.943072
-0.316596
0.101895
-0.0589131
-0.142505
-0.988039
0.33704
-0.935738
0.10391
-0.940538
-0.329679
0.0818614
-0.0423439
-0.125322
-0.991212
0.347093
-0.933437
0.090679
-0.937331
-0.342126
0.0660384
-0.0306191
-0.107918
-0.993688
0.357267
-0.930678
0.0787312
-0.933773
-0.35404
0.0521939
-0.0207017
-0.0921642
-0.995529
0.368722
-0.927167
0.0663681
-0.929446
-0.366728
0.0405146
-0.0132248
-0.0766242
-0.996972
0.39135
-0.918432
0.05768
-0.920241
-0.390518
0.0255254
-0.000918252
-0.0630689
-0.998009
0.428013
-0.902576
0.046495
-0.903706
-0.42804
0.00986796
0.0109951
-0.0462414
-0.99887
0.462512
-0.885752
0.0390615
-0.886327
-0.463032
-0.00498136
0.022499
-0.0323173
-0.999224
0.49349
-0.868911
0.0382299
-0.869112
-0.494336
-0.0166319
0.0333501
-0.0250184
-0.999131
0.51974
-0.853216
0.0435031
-0.853214
-0.520986
-0.0244805
0.0435517
-0.024394
-0.998753
0.544883
-0.836865
0.0525339
-0.836805
-0.546701
-0.0295771
0.0534724
-0.0278446
-0.998181
0.569824
-0.819755
0.0574674
-0.81963
-0.57199
-0.032144
0.059221
-0.0287856
-0.99783
0.594667
-0.801814
0.058873
-0.801306
-0.597062
-0.0377491
0.0654186
-0.0247271
-0.997551
0.619133
-0.783207
0.0571048
-0.781701
-0.621616
-0.0503757
0.0749518
-0.0134496
-0.997096
0.643716
-0.763562
0.0510132
-0.760677
-0.645722
-0.066431
0.0836645
0.00395816
-0.996486
0.666007
-0.744575
0.0451933
-0.739885
-0.66709
-0.0869552
0.0948927
0.024475
-0.995187
0.683827
-0.72851
0.0406731
-0.721844
-0.683594
-0.107889
0.106402
0.0444177
-0.993331
0.694485
-0.718834
0.0311273
-0.710809
-0.692153
-0.125201
0.111544
0.0648249
-0.991643
0.689222
-0.724367
0.0163049
-0.716327
-0.684608
-0.13486
0.108851
0.0812691
-0.99073
0.669905
-0.742443
-0.00216872
-0.735613
-0.663341
-0.137306
0.100503
0.0935771
-0.990526
0.644087
-0.764681
-0.0203763
-0.75909
-0.635633
-0.140544
0.0945196
0.10599
-0.989865
0.614593
-0.787982
-0.0368726
-0.783387
-0.604185
-0.145824
0.0926285
0.118508
-0.988623
0.583455
-0.810286
-0.0549289
-0.806969
-0.570785
-0.151676
0.0915483
0.132822
-0.986903
0.550984
-0.831428
-0.0717168
-0.82929
-0.535906
-0.158374
0.0932434
0.146736
-0.984771
0.517597
-0.851369
-0.085232
-0.850379
-0.500852
-0.161254
0.0945975
0.155944
-0.983226
0.484168
-0.870081
-0.0924107
-0.869742
-0.467046
-0.159426
0.0955538
0.157563
-0.982875
0.44752
-0.888479
-0.101639
-0.889881
-0.431185
-0.148967
0.0885294
0.157112
-0.983605
0.411343
-0.905202
-0.106796
-0.907867
-0.396468
-0.136347
0.0810807
0.153042
-0.984888
0.37443
-0.92042
-0.112377
-0.924409
-0.361042
-0.12295
0.0725934
0.149918
-0.98603
0.33663
-0.934686
-0.114203
-0.939515
-0.325254
-0.107336
0.0631808
0.143428
-0.987642
0.300365
-0.947322
-0.111184
-0.9523
-0.291253
-0.091085
0.053904
0.13324
-0.989617
0.261744
-0.958925
-0.109332
-0.964475
-0.255684
-0.0664345
0.0357511
0.122837
-0.991783
0.228827
-0.96724
-0.10993
-0.973379
-0.225823
-0.0392057
0.0130966
0.115975
-0.993166
0.205327
-0.972795
-0.107287
-0.978651
-0.205098
-0.0132808
-0.00908482
0.107723
-0.994139
0.183345
-0.977885
-0.100628
-0.982458
-0.185821
0.0157372
-0.034088
0.0959774
-0.9948
0.161586
-0.9827
-0.0904986
-0.985165
-0.165999
0.0435213
-0.0577911
0.0821236
-0.994945
0.142677
-0.986799
-0.0766283
-0.986633
-0.147957
0.0682979
-0.0787339
0.0658594
-0.994718
0.131441
-0.989517
-0.0598229
-0.986559
-0.136481
0.0898601
-0.0970827
0.0472075
-0.994156
0.129717
-0.990689
-0.0413385
-0.985279
-0.133466
0.106826
-0.111348
0.0268729
-0.993418
0.131541
-0.991029
-0.0236442
-0.983293
-0.133467
0.123781
-0.125826
0.0069669
-0.992028
0.139257
-0.990212
-0.00932351
-0.981003
-0.139234
0.135079
-0.135055
-0.00966435
-0.990791
0.156569
-0.987664
0.00260287
-0.977906
-0.154652
0.140652
-0.138514
-0.0245671
-0.990056
0.177896
-0.983968
0.0126097
-0.973583
-0.174126
0.147705
-0.143142
-0.0385528
-0.988951
0.203481
-0.978799
0.0234147
-0.96851
-0.197723
0.151309
-0.143471
-0.0534659
-0.988209
0.232085
-0.972126
0.0332886
-0.962332
-0.224495
0.153361
-0.141613
-0.0676274
-0.987609
0.26064
-0.964542
0.0415415
-0.95526
-0.251423
0.155775
-0.139807
-0.080284
-0.986919
0.289398
-0.956082
0.0464407
-0.947029
-0.278926
0.159177
-0.139233
-0.0900461
-0.986157
0.320404
-0.945733
0.0541428
-0.937591
-0.308454
0.160558
-0.135144
-0.102207
-0.98554
0.35236
-0.9342
0.0557975
-0.926256
-0.339601
0.163464
-0.133759
-0.109281
-0.98497
0.382872
-0.922294
0.0527479
-0.914631
-0.370427
0.161971
-0.129846
-0.110259
-0.985385
0.412056
-0.910157
0.0427027
-0.902721
-0.401429
0.15476
-0.123714
-0.102319
-0.987029
0.440789
-0.897062
0.0313842
-0.890172
-0.432376
0.14368
-0.11532
-0.09127
-0.989126
0.468968
-0.883129
0.0123576
-0.87565
-0.463078
0.137101
-0.115355
-0.0751168
-0.99048
0.49208
-0.870521
-0.00714778
-0.862287
-0.488521
0.133451
-0.119664
-0.0595051
-0.99103
0.514237
-0.857249
-0.0261608
-0.848383
-0.512917
0.131004
-0.125721
-0.0451727
-0.991037
0.538966
-0.84091
-0.0488494
-0.83178
-0.54047
0.126628
-0.132884
-0.0276162
-0.990747
0.564419
-0.822388
-0.0714781
-0.813864
-0.568861
0.118417
-0.138046
-0.00866349
-0.990388
0.589436
-0.802627
-0.0914026
-0.795475
-0.596406
0.107327
-0.140657
0.00944609
-0.990013
0.611748
-0.783478
-0.109214
-0.778205
-0.620831
0.0946954
-0.141995
0.0270613
-0.989497
0.622724
-0.772597
-0.123729
-0.769146
-0.633468
0.0844558
-0.143628
0.0425726
-0.988716
0.628847
-0.764361
-0.14249
-0.764002
-0.641477
0.0693378
-0.144403
0.0652597
-0.987365
0.634661
-0.755998
-0.160228
-0.760317
-0.64795
0.0455906
-0.138286
0.0928896
-0.986027
0.637456
-0.749938
-0.176758
-0.759195
-0.650494
0.0219345
-0.131429
0.120211
-0.98401
0.642158
-0.740917
-0.19666
-0.756576
-0.653869
-0.0070099
-0.123396
0.153289
-0.980447
0.643617
-0.737267
-0.205414
-0.758106
-0.65097
-0.0389028
-0.105036
0.180764
-0.977902
0.631218
-0.749889
-0.198065
-0.771278
-0.633823
-0.0583032
-0.0818171
0.189565
-0.978453
0.616193
-0.764651
-0.188721
-0.78551
-0.614082
-0.0766633
-0.0572697
0.195482
-0.979034
0.600462
-0.778916
-0.180925
-0.799031
-0.593357
-0.0973456
-0.0315292
0.203017
-0.978667
0.578752
-0.797926
-0.168404
-0.815475
-0.567991
-0.111296
-0.00684607
0.201742
-0.979415
0.550068
-0.820832
-0.153818
-0.834983
-0.537225
-0.119137
0.0151564
0.193969
-0.980891
0.523209
-0.840815
-0.138859
-0.851551
-0.50944
-0.123823
0.0333721
0.183031
-0.982541
0.498414
-0.857823
-0.125393
-0.865427
-0.483772
-0.130387
0.0511875
0.173506
-0.983502
0.469778
-0.876335
-0.106516
-0.880091
-0.455503
-0.134004
0.0689136
0.156696
-0.98524
0.435063
-0.896791
-0.0805319
-0.896256
-0.422753
-0.134184
0.0862902
0.130556
-0.987679
0.394817
-0.916677
-0.0618378
-0.914056
-0.385102
-0.127271
0.0928526
0.106772
-0.989938
0.353247
-0.934334
-0.0472911
-0.930814
-0.345947
-0.117927
0.093823
0.0856765
-0.991896
0.311636
-0.949523
-0.035902
-0.945798
-0.306337
-0.107817
0.0913767
0.0675557
-0.993522
0.26917
-0.962777
-0.0246424
-0.959237
-0.265717
-0.0962249
0.0860952
0.0495388
-0.995055
0.227848
-0.973647
-0.00981797
-0.970468
-0.22626
-0.0836586
0.0792326
0.0285895
-0.996446
0.197472
-0.980158
0.0171771
-0.977579
-0.198199
-0.0711087
0.0731022
-0.00274994
-0.997321
0.185918
-0.981253
0.0507615
-0.980195
-0.188809
-0.0597419
0.0682061
-0.0386491
-0.996922
0.193757
-0.977754
0.0803383
-0.978826
-0.198179
-0.0512324
0.0660141
-0.0687106
-0.99545
0.217992
-0.970733
0.100783
-0.973641
-0.223413
-0.045928
0.0670999
-0.0881142
-0.993848
0.241926
-0.961147
0.132923
-0.967692
-0.249029
-0.0394464
0.0710154
-0.119085
-0.990341
0.261942
-0.949764
0.171273
-0.962426
-0.270236
-0.0266311
0.0715773
-0.157862
-0.984864
0.281077
-0.936764
0.208493
-0.956854
-0.29023
-0.0140399
0.0736628
-0.195551
-0.977923
0.299269
-0.922512
0.243741
-0.950945
-0.309342
-0.00321536
0.0783655
-0.230822
-0.969835
0.310664
-0.911417
0.269827
-0.947115
-0.320822
0.00678929
0.0803785
-0.257666
-0.962885
0.319263
-0.902325
0.289622
-0.944043
-0.329525
0.0140179
0.0827889
-0.277891
-0.957038
0.328989
-0.890543
0.314166
-0.939889
-0.34103
0.0175432
0.0915167
-0.301052
-0.949206
0.344065
-0.874265
0.342462
-0.932863
-0.359739
0.0188593
0.106709
-0.325958
-0.939343
0.368318
-0.856305
0.362054
-0.921291
-0.388432
0.0185362
0.124761
-0.340385
-0.931973
0.391295
-0.843403
0.368185
-0.909813
-0.414669
0.0170367
0.138306
-0.341646
-0.929596
0.407051
-0.834712
0.370898
-0.901198
-0.433175
0.0141742
0.148833
-0.340023
-0.928565
0.41825
-0.830958
0.366847
-0.895296
-0.445308
0.0120634
0.153335
-0.333482
-0.930203
0.420467
-0.834664
0.35573
-0.893949
-0.448139
0.00514717
0.15512
-0.320169
-0.934574
0.418393
-0.837866
0.35061
-0.893944
-0.448159
-0.0042143
0.16066
-0.311662
-0.936512
0.41308
-0.840843
0.349783
-0.896497
-0.443006
-0.00621107
0.160178
-0.311014
-0.93681
0.394572
-0.841231
0.369654
-0.904434
-0.42658
-0.00537568
0.162209
-0.332206
-0.929154
0.377393
-0.836939
0.396368
-0.911562
-0.411162
-0.000253605
0.163184
-0.361218
-0.918092
0.364918
-0.840247
0.401024
-0.917593
-0.397515
0.0020826
0.157663
-0.368737
-0.916065
0.342172
-0.839955
0.421181
-0.926432
-0.376457
0.00187869
0.156979
-0.390838
-0.906975
0.318086
-0.837278
0.444732
-0.935246
-0.35399
0.00247505
0.155358
-0.416721
-0.89566
0.29822
-0.832377
0.467134
-0.941221
-0.337791
-0.00102542
0.158647
-0.43937
-0.884186
0.281885
-0.827062
0.486322
-0.945671
-0.325091
-0.0047296
0.162011
-0.458568
-0.873767
0.270093
-0.823147
0.499479
-0.949082
-0.314975
-0.00586668
0.162152
-0.472462
-0.866306
0.257521
-0.815908
0.517665
-0.952377
-0.304848
-0.00670565
0.16328
-0.491285
-0.855557
0.247158
-0.809588
0.532429
-0.955611
-0.294601
-0.00435491
0.16038
-0.507718
-0.846464
0.241104
-0.807759
0.537954
-0.957445
-0.288587
-0.00420995
0.158647
-0.514046
-0.842964
0.242298
-0.807489
0.537823
-0.956789
-0.290732
-0.00545788
0.16077
-0.513261
-0.84304
0.241206
-0.821052
0.517391
-0.958209
-0.285981
-0.00711103
0.153803
-0.494054
-0.855719
0.234594
-0.84252
0.484898
-0.961514
-0.274504
-0.0117748
0.143027
-0.463474
-0.874492
0.22865
-0.861818
0.452757
-0.964619
-0.263275
-0.0139913
0.131258
-0.433539
-0.891524
0.223914
-0.879166
0.420629
-0.967481
-0.252613
-0.0129714
0.11766
-0.404046
-0.90714
0.223494
-0.893758
0.388904
-0.96889
-0.247231
-0.0113749
0.106316
-0.374263
-0.921208
0.227089
-0.905619
0.35817
-0.968918
-0.247156
-0.0106049
0.0981277
-0.344629
-0.933596
0.233152
-0.911961
0.33759
-0.96739
-0.252852
-0.014936
0.0989814
-0.323099
-0.941175
0.238535
-0.913264
0.330228
-0.965105
-0.260759
-0.0240162
0.108043
-0.312976
-0.943596
0.247157
-0.914994
0.318905
-0.962222
-0.270551
-0.0305199
0.114206
-0.299314
-0.947295
0.271546
-0.914535
0.299813
-0.955168
-0.294273
-0.0325235
0.117971
-0.277541
-0.953443
0.298778
-0.911662
0.282143
-0.945945
-0.322004
-0.0387432
0.126172
-0.255317
-0.95859
0.324786
-0.908996
0.26123
-0.936718
-0.347318
-0.0439351
0.130666
-0.230429
-0.964276
0.346816
-0.907706
0.236197
-0.928942
-0.367208
-0.0471825
0.129561
-0.20305
-0.970559
0.365183
-0.906234
0.213029
-0.921901
-0.383846
-0.0525381
0.129382
-0.177206
-0.975632
0.388604
-0.902725
0.184591
-0.9129
-0.404369
-0.0556767
0.124904
-0.146877
-0.981237
0.413521
-0.897985
0.150408
-0.903454
-0.425189
-0.0546266
0.113006
-0.113298
-0.987114
0.435856
-0.893052
0.111748
-0.894996
-0.443167
-0.0508486
0.0949334
-0.0778511
-0.992435
0.453765
-0.888132
0.0729282
-0.887234
-0.457906
-0.0560186
0.0831462
-0.0392851
-0.995763
0.461222
-0.885953
0.0485962
-0.882258
-0.463743
-0.0810107
0.0943078
-0.00551042
-0.995528
0.458062
-0.88816
0.0367518
-0.881073
-0.459112
-0.113695
0.117853
0.0196984
-0.992836
0.455162
-0.889852
0.031489
-0.878548
-0.454571
-0.146694
0.14485
0.039105
-0.988681
0.463059
-0.886251
0.0116169
-0.874387
-0.458926
-0.157591
0.144997
0.0628163
-0.987436
0.47406
-0.880427
-0.0106974
-0.870199
-0.466631
-0.158141
0.13424
0.0842775
-0.987359
0.481756
-0.875618
-0.0347043
-0.867858
-0.471252
-0.157303
0.121383
0.1059
-0.98694
0.488772
-0.870768
-0.0535306
-0.864892
-0.475607
-0.160501
0.1143
0.124747
-0.985583
0.500774
-0.863682
-0.0572629
-0.858053
-0.486629
-0.164127
0.113888
0.131325
-0.984776
0.507943
-0.859287
-0.0601639
-0.854704
-0.494082
-0.159262
0.107126
0.132318
-0.985401
0.513207
-0.855769
-0.0654039
-0.852939
-0.500064
-0.149771
0.0954634
0.132649
-0.986555
0.51806
-0.851873
-0.0769772
-0.851319
-0.504808
-0.142918
0.0828889
0.139572
-0.986737
0.522525
-0.846763
-0.0998002
-0.84985
-0.507811
-0.141009
0.0687217
0.158496
-0.984965
0.524576
-0.843426
-0.115986
-0.849223
-0.508724
-0.14149
0.0603311
0.172721
-0.983121
0.525331
-0.841654
-0.125083
-0.849343
-0.50979
-0.136862
0.051425
0.178136
-0.982661
0.524694
-0.841942
-0.125815
-0.850007
-0.510036
-0.131723
0.0467334
0.176058
-0.98327
0.522711
-0.843172
-0.125832
-0.851329
-0.508503
-0.129089
0.0448583
0.174601
-0.983617
0.513705
-0.8486
-0.126436
-0.856994
-0.500503
-0.122713
0.040853
0.171393
-0.984355
0.493785
-0.859715
-0.130639
-0.869215
-0.483596
-0.102957
0.0253373
0.164392
-0.98607
0.471501
-0.871356
-0.135743
-0.881847
-0.464879
-0.07895
0.0056896
0.156929
-0.987593
0.44923
-0.881972
-0.142538
-0.89326
-0.446384
-0.0531816
-0.016722
0.151214
-0.98836
0.430866
-0.890638
-0.145322
-0.901899
-0.43045
-0.0359383
-0.0305459
0.14655
-0.988731
0.421294
-0.895732
-0.142042
-0.906436
-0.421007
-0.0335568
-0.029743
0.14289
-0.989292
0.413369
-0.900295
-0.136364
-0.9101
-0.41328
-0.0303097
-0.0290688
0.136634
-0.990195
0.40572
-0.903863
-0.135734
-0.913397
-0.406338
-0.0243814
-0.0331166
0.133871
-0.990445
0.404314
-0.904261
-0.137268
-0.913947
-0.405199
-0.0226977
-0.0350965
0.134633
-0.990274
0.404528
-0.904052
-0.138014
-0.913828
-0.405483
-0.022399
-0.0357125
0.135182
-0.990177
0.403203
-0.904177
-0.141039
-0.914364
-0.404284
-0.022191
-0.0369555
0.137909
-0.989755
0.402464
-0.904278
-0.142494
-0.914667
-0.403604
-0.0221111
-0.0375165
0.139233
-0.989549
0.401981
-0.904483
-0.142555
-0.914924
-0.402956
-0.0232517
-0.0364126
0.139774
-0.989514
0.399402
-0.905348
-0.144303
-0.91607
-0.400294
-0.0240848
-0.0359587
0.141812
-0.98924
0.395754
-0.905535
-0.152923
-0.917419
-0.397351
-0.0212981
-0.041478
0.148723
-0.988009
0.389843
-0.905861
-0.165648
-0.919395
-0.39308
-0.0141505
-0.0522946
0.157813
-0.986083
0.371136
-0.912915
-0.169837
-0.925246
-0.379047
0.0155745
-0.0785946
0.151361
-0.985349
0.351731
-0.920538
-0.169985
-0.929764
-0.364636
0.0507938
-0.10874
0.14018
-0.984137
0.335794
-0.927111
-0.166458
-0.932542
-0.352109
0.0799099
-0.132696
0.128395
-0.982805
0.314121
-0.934869
-0.16537
-0.935249
-0.334658
0.115379
-0.163206
0.118419
-0.979459
0.282046
-0.945727
-0.161403
-0.939048
-0.306597
0.155524
-0.196569
0.107701
-0.974557
0.242123
-0.957671
-0.1557
-0.942791
-0.270127
0.195386
-0.229174
0.0994851
-0.968288
0.200059
-0.967738
-0.153168
-0.944185
-0.232177
0.233686
-0.261708
0.0978678
-0.960172
0.1571
-0.976619
-0.14675
-0.943249
-0.192404
0.270669
-0.292576
0.0958998
-0.951421
0.120507
-0.982274
-0.143581
-0.939479
-0.159573
0.303177
-0.320714
0.0983562
-0.942055
0.0939138
-0.984463
-0.148369
-0.934126
-0.138681
0.328901
-0.344367
0.107707
-0.932636
0.0668782
-0.987008
-0.146089
-0.929764
-0.114775
0.349808
-0.362031
0.112433
-0.925361
0.0561542
-0.988262
-0.142077
-0.929386
-0.103735
0.354232
-0.364812
0.112152
-0.924302
0.0621124
-0.988099
-0.140724
-0.931287
-0.108086
0.347882
-0.358952
0.109447
-0.926917
0.0692009
-0.987611
-0.140838
-0.934832
-0.113484
0.336466
-0.348281
0.108376
-0.931104
0.0727129
-0.987907
-0.136937
-0.938492
-0.114243
0.325855
-0.337558
0.10482
-0.93545
0.07849
-0.987968
-0.133265
-0.941066
-0.117542
0.317141
-0.328989
0.100518
-0.938969
0.0881736
-0.986967
-0.134619
-0.943829
-0.125985
0.305474
-0.318452
0.100122
-0.942637
0.10165
-0.985794
-0.133706
-0.947438
-0.136915
0.289163
-0.303362
0.0972845
-0.947896
0.122143
-0.983303
-0.134896
-0.949822
-0.155237
0.27155
-0.287957
0.0949589
-0.952924
0.155838
-0.978766
-0.133158
-0.949709
-0.18553
0.252252
-0.271601
0.0871507
-0.958456
0.192537
-0.973354
-0.124543
-0.948348
-0.217177
0.231236
-0.252123
0.0735889
-0.964893
0.227661
-0.966606
-0.117661
-0.945696
-0.248275
0.209806
-0.232012
0.0635071
-0.970637
0.266984
-0.957119
-0.112438
-0.940796
-0.284145
0.184837
-0.20886
0.0564332
-0.976316
0.305536
-0.945674
-0.111128
-0.933407
-0.320526
0.16129
-0.188147
0.0544476
-0.980631
0.341177
-0.933418
-0.111036
-0.924382
-0.354602
0.140625
-0.170635
0.0546616
-0.983817
0.374904
-0.920303
-0.111757
-0.914035
-0.387079
0.121282
-0.154875
0.0566809
-0.986307
0.404769
-0.90801
-0.108073
-0.904206
-0.415058
0.100693
-0.136286
0.0569627
-0.98903
0.428466
-0.898277
-0.0975499
-0.896321
-0.436187
0.0796874
-0.114131
0.0532927
-0.992035
0.452969
-0.886638
-0.0932265
-0.8868
-0.458851
0.055149
-0.0916743
0.0576925
-0.994116
0.485331
-0.870386
-0.0829596
-0.872497
-0.48827
0.0184814
-0.0565926
0.0634124
-0.996382
0.522324
-0.849964
-0.0688405
-0.852522
-0.522335
-0.0192801
-0.0195704
0.0687585
-0.997441
0.555242
-0.829864
-0.0550601
-0.831616
-0.553097
-0.0499882
0.0110299
0.0735444
-0.997231
0.577076
-0.815546
-0.0432279
-0.815933
-0.573452
-0.0735331
0.0351805
0.0777053
-0.996355
0.586174
-0.80985
-0.0233072
-0.807644
-0.581817
-0.0959186
0.0641192
0.075049
-0.995116
0.577874
-0.816123
0.00245092
-0.810646
-0.574338
-0.113973
0.0944233
0.0638749
-0.993481
0.563795
-0.825362
0.0302072
-0.81631
-0.562427
-0.13158
0.125591
0.0495258
-0.990845
0.546707
-0.835372
0.0571384
-0.821515
-0.548333
-0.156346
0.161938
0.0385357
-0.986048
0.523359
-0.848694
0.0762491
-0.829086
-0.527835
-0.18441
0.196754
0.0332955
-0.979887
0.492498
-0.865664
0.0898444
-0.842065
-0.500054
-0.202168
0.219937
0.0239126
-0.975221
0.449709
-0.887282
0.102437
-0.861443
-0.461169
-0.212696
0.235962
0.0074077
-0.971734
0.409242
-0.905871
0.109176
-0.879427
-0.423496
-0.217394
0.243167
-0.0070452
-0.969959
0.369283
-0.922014
0.116275
-0.895582
-0.386487
-0.220366
0.248119
-0.0227558
-0.968462
0.323307
-0.937821
0.126352
-0.912434
-0.344345
-0.221111
0.250871
-0.0438011
-0.967029
0.276119
-0.951794
0.133588
-0.928055
-0.300177
-0.220472
0.249944
-0.0631001
-0.966202
0.229342
-0.964291
0.132455
-0.942495
-0.253997
-0.217232
0.243118
-0.0750173
-0.967092
0.179667
-0.975061
0.130293
-0.955105
-0.20462
-0.214255
0.235572
-0.0859494
-0.968049
0.132955
-0.98283
0.127938
-0.964805
-0.157891
-0.210291
0.22688
-0.0954764
-0.969231
0.0877683
-0.989218
0.117239
-0.974077
-0.109861
-0.197747
0.208495
-0.096844
-0.973217
0.0394106
-0.993534
0.106479
-0.983036
-0.0576545
-0.174115
0.179128
-0.0978111
-0.978951
-0.0100085
-0.994594
0.103357
-0.989073
-0.00535743
-0.14733
0.147088
-0.103702
-0.983672
-0.0587948
-0.993055
0.101909
-0.991671
0.0463827
-0.120152
0.114591
-0.108125
-0.987511
-0.101196
-0.990405
0.0941166
-0.991685
0.0928606
-0.0890908
0.0794962
-0.10235
-0.991567
-0.132355
-0.987306
0.0878014
-0.990185
0.127687
-0.0568288
0.0448963
-0.0944612
-0.994516
-0.133606
-0.988435
0.071731
-0.990904
0.132065
-0.0258329
0.016061
-0.0745299
-0.997089
-0.105203
-0.993229
0.0492754
-0.99445
0.105034
-0.00602044
0.000804082
-0.0496353
-0.998767
-0.0690353
-0.997203
0.028654
-0.997569
0.0692767
0.0075165
-0.00948053
-0.0280655
-0.999561
-0.0391761
-0.999142
0.0134141
-0.999043
0.0394265
0.0189404
-0.019453
-0.0126593
-0.999731
-0.0102742
-0.999944
0.0023891
-0.999466
0.0103433
0.0309817
-0.0310046
-0.00206952
-0.999517
0.0179635
-0.999828
-0.00470238
-0.999096
-0.0181312
0.0384582
-0.0385368
0.00400728
-0.999249
0.0553966
-0.998411
-0.0103167
-0.997725
-0.0557502
0.037896
-0.038411
0.00819391
-0.999228
0.097293
-0.995118
-0.0165543
-0.994595
-0.0978208
0.034798
-0.0362475
0.0130793
-0.999257
0.140712
-0.989629
-0.0288994
-0.989352
-0.141649
0.0334434
-0.0371901
0.0238858
-0.999023
0.18411
-0.981961
-0.043093
-0.982092
-0.185564
0.0325757
-0.0399846
0.0363238
-0.99854
0.218378
-0.974707
-0.0475178
-0.97495
-0.220022
0.0325935
-0.042224
0.0392098
-0.998338
0.230617
-0.972261
-0.0390443
-0.97197
-0.232063
0.0377091
-0.0457238
0.0292535
-0.998526
0.234132
-0.971595
-0.0344283
-0.970752
-0.23557
0.0463278
-0.0531222
0.0225745
-0.998333
0.232511
-0.972264
-0.0253102
-0.970934
-0.233555
0.0523328
-0.0567926
0.0124066
-0.998309
0.231062
-0.972787
-0.0172052
-0.971104
-0.231675
0.0572976
-0.0597244
0.00346873
-0.998209
0.229553
-0.973227
-0.0116332
-0.971348
-0.229833
0.0604971
-0.0615511
-0.00258738
-0.998101
0.227879
-0.973649
-0.00883424
-0.9715
-0.227966
0.0649507
-0.0652531
-0.00621843
-0.997849
0.225806
-0.974163
-0.00417303
-0.97153
-0.225506
0.0726409
-0.0717052
-0.0123485
-0.997349
0.223525
-0.974697
0.00126814
-0.971322
-0.222643
0.0834477
-0.0810539
-0.0198844
-0.996511
0.221582
-0.975129
0.00501038
-0.971238
-0.220233
0.0905196
-0.0871649
-0.0249238
-0.995882
0.222116
-0.975003
0.00574525
-0.971099
-0.220691
0.0908935
-0.0873535
-0.0257681
-0.995844
0.223297
-0.974669
0.0125758
-0.971563
-0.221505
0.0836748
-0.0787697
-0.0309025
-0.996414
0.231527
-0.972615
0.0203674
-0.970867
-0.22968
0.0683
-0.0617516
-0.0355873
-0.997457
0.243926
-0.96956
0.0212748
-0.968894
-0.242697
0.0484082
-0.0417713
-0.0324211
-0.998601
0.257933
-0.96585
0.0245702
-0.966045
-0.257421
0.0221744
-0.0150922
-0.0294555
-0.999452
0.270812
-0.961974
0.0355937
-0.962543
-0.271105
-0.00358188
0.0130953
-0.0332905
-0.99936
0.285714
-0.957246
0.0452529
-0.957554
-0.28705
-0.0263111
0.038176
-0.0358147
-0.998629
0.327207
-0.944281
0.0356272
-0.943977
-0.328349
-0.0330758
0.042931
-0.0228087
-0.998818
0.365319
-0.930252
0.0342553
-0.929629
-0.366489
-0.0384198
0.0482943
-0.0178092
-0.998674
0.399939
-0.915892
0.0345034
-0.915216
-0.401101
-0.0386998
0.0492842
-0.0161005
-0.998655
0.434715
-0.899722
0.0390226
-0.898922
-0.436132
-0.0415738
0.0544238
-0.0170055
-0.998373
0.47261
-0.880567
0.0352369
-0.879113
-0.473872
-0.0510399
0.0616418
-0.00685531
-0.998075
0.509806
-0.859765
0.0300351
-0.857352
-0.510638
-0.0647756
0.0710289
0.00727229
-0.997448
0.542683
-0.839521
0.0264399
-0.835961
-0.542905
-0.0801407
0.0816343
0.0213882
-0.996433
0.571749
-0.82016
0.0210079
-0.815747
-0.571032
-0.0920838
0.0875196
0.0355117
-0.99553
0.598413
-0.801091
0.0124616
-0.796358
-0.596439
-0.100372
0.0878398
0.0501402
-0.994872
0.622622
-0.782523
0.000684364
-0.777851
-0.619
-0.108568
0.0853803
0.0670643
-0.994089
0.637215
-0.770664
-0.00584585
-0.765933
-0.632426
-0.11569
0.0854611
0.078197
-0.993268
0.636603
-0.771174
-0.0052379
-0.766034
-0.631546
-0.119753
0.0890423
0.0802474
-0.99279
0.617645
-0.786407
-0.00889904
-0.781316
-0.612276
-0.121095
0.089781
0.0817465
-0.992601
0.590561
-0.806893
-0.0126797
-0.8019
-0.584999
-0.121377
0.0905206
0.0818484
-0.992525
0.55981
-0.828486
-0.0149405
-0.823557
-0.554308
-0.120402
0.0914695
0.0797065
-0.992613
0.529662
-0.847982
-0.0196023
-0.843461
-0.524115
-0.117798
0.0896168
0.0789269
-0.992844
0.499618
-0.866033
-0.0192055
-0.86138
-0.494342
-0.116836
0.0916896
0.0749164
-0.992966
0.463844
-0.885669
-0.0209695
-0.881495
-0.459037
-0.110689
0.0884077
0.0698268
-0.993634
0.427984
-0.903508
-0.0224303
-0.899964
-0.423763
-0.102418
0.0830306
0.0640198
-0.994489
0.395093
-0.918309
-0.0247205
-0.915783
-0.3916
-0.0893922
0.0724091
0.0579569
-0.99569
0.361526
-0.931904
-0.0292177
-0.93081
-0.35894
-0.0689629
0.0537794
0.052128
-0.997191
0.327068
-0.944466
-0.0318008
-0.944405
-0.325482
-0.046487
0.0335548
0.0452372
-0.998413
0.295251
-0.954919
-0.0309272
-0.955243
-0.294419
-0.0287932
0.0183896
0.0380442
-0.999107
0.270619
-0.962296
-0.0274134
-0.962632
-0.270191
-0.0183216
0.010224
0.0313472
-0.999456
0.261465
-0.964984
-0.0210321
-0.965166
-0.261176
-0.0155215
0.00948493
0.0243578
-0.999658
0.26267
-0.964665
-0.020648
-0.964846
-0.262406
-0.0146612
0.00872497
0.0237732
-0.999679
0.267701
-0.963391
-0.0146272
-0.963414
-0.267441
-0.0175476
0.0129933
0.0187896
-0.999739
0.281698
-0.95949
-0.00491259
-0.959291
-0.281525
-0.0224476
0.0201552
0.0110361
-0.999736
0.306546
-0.951856
-0.000231687
-0.95149
-0.306422
-0.0278022
0.0263927
0.00874312
-0.999613
0.333584
-0.942709
0.0045169
-0.942188
-0.333553
-0.0320032
0.0316763
0.00641998
-0.999478
0.362402
-0.931976
0.0092681
-0.931277
-0.362492
-0.0363679
0.0372536
0.00454863
-0.999295
0.393631
-0.919217
0.0097586
-0.918322
-0.393685
-0.0411861
0.0417007
0.00725055
-0.999104
0.422615
-0.906256
0.00984218
-0.905087
-0.422584
-0.0473331
0.047055
0.0110957
-0.998831
0.449738
-0.893088
0.0113792
-0.891561
-0.449659
-0.0540876
0.0534218
0.01418
-0.998471
0.476077
-0.879307
0.0129967
-0.877354
-0.475924
-0.0612041
0.0600027
0.0177352
-0.998041
0.500594
-0.865517
0.0169478
-0.86294
-0.500469
-0.069751
0.0688524
0.020292
-0.99742
0.528776
-0.848563
0.0183551
-0.845169
-0.528402
-0.0805072
0.0780143
0.027057
-0.996585
0.554187
-0.832063
0.023398
-0.827365
-0.553707
-0.0942138
0.0913475
0.0328534
-0.995277
0.566155
-0.823031
0.0457017
-0.816325
-0.567509
-0.10746
0.114379
0.0235316
-0.993158
0.572941
-0.816249
0.0740012
-0.807639
-0.577643
-0.118524
0.139491
0.00814073
-0.99019
0.580013
-0.808009
0.103475
-0.797661
-0.589121
-0.129122
0.165291
-0.00764511
-0.986215
0.586041
-0.799363
0.132569
-0.787476
-0.600416
-0.139219
0.190883
-0.022807
-0.981348
0.59951
-0.784345
0.159347
-0.769809
-0.619565
-0.153404
0.219047
-0.0306992
-0.975231
0.630843
-0.756994
0.170284
-0.736302
-0.653269
-0.176348
0.244736
-0.0141325
-0.969487
0.647156
-0.739806
0.184054
-0.714513
-0.67278
-0.191933
0.265821
-0.00729863
-0.963995
0.644672
-0.737095
0.202703
-0.709745
-0.675617
-0.199509
0.284007
-0.015249
-0.958701
0.641267
-0.732844
0.227411
-0.703907
-0.679817
-0.205824
0.305435
-0.0280886
-0.951799
0.636971
-0.729218
0.250017
-0.698781
-0.683138
-0.212198
0.325534
-0.0395434
-0.944703
0.633454
-0.724407
0.271976
-0.692692
-0.687531
-0.217899
0.34484
-0.0503665
-0.937309
0.63053
-0.71908
0.292158
-0.686353
-0.692325
-0.222724
0.362424
-0.0600891
-0.930074
0.626571
-0.713754
0.312991
-0.67997
-0.696893
-0.227995
0.380854
-0.0699692
-0.921984
0.62221
-0.707676
0.334738
-0.672742
-0.702014
-0.233653
0.400342
-0.0798106
-0.912884
0.617263
-0.701222
0.356755
-0.665245
-0.707278
-0.239179
0.420043
-0.0896927
-0.903061
0.585338
-0.713395
0.385288
-0.672292
-0.692677
-0.261194
0.453215
-0.10614
-0.88506
0.579313
-0.719298
0.383415
-0.675931
-0.686818
-0.267206
0.455537
-0.104366
-0.884078
0.572716
-0.741599
0.349323
-0.702873
-0.663536
-0.256299
0.42186
-0.0987431
-0.901268
0.544282
-0.772121
0.328003
-0.73454
-0.627499
-0.258256
0.405227
-0.100367
-0.90869
0.532042
-0.79409
0.293858
-0.759077
-0.601091
-0.249984
0.375145
-0.0900586
-0.922581
0.524999
-0.810254
0.260508
-0.778864
-0.580784
-0.236769
0.343142
-0.0785967
-0.935989
0.516323
-0.822773
0.237604
-0.794295
-0.563807
-0.226313
0.320166
-0.0718768
-0.944631
0.507374
-0.835098
0.212563
-0.811
-0.546135
-0.2098
0.291292
-0.0659413
-0.954359
0.497403
-0.847392
0.185791
-0.826661
-0.52793
-0.194733
0.2631
-0.0567253
-0.9631
0.478802
-0.862812
0.162183
-0.845163
-0.502996
-0.180818
0.23759
-0.0504952
-0.970052
0.446945
-0.882931
0.14378
-0.869133
-0.466644
-0.163862
0.211773
-0.0517264
-0.975949
0.409231
-0.902625
0.133414
-0.892073
-0.426515
-0.149304
0.191669
-0.0579147
-0.979749
0.373863
-0.919375
0.122379
-0.912058
-0.388395
-0.13153
0.168457
-0.0624424
-0.983729
0.337766
-0.934637
0.111209
-0.929958
-0.349615
-0.113787
0.145229
-0.0649859
-0.987261
0.301113
-0.947779
0.105098
-0.945402
-0.31112
-0.0970527
0.124683
-0.0701359
-0.989715
0.264009
-0.959342
0.0998058
-0.958857
-0.272247
-0.0804703
0.10437
-0.0744545
-0.991748
0.226289
-0.969305
0.0961256
-0.970312
-0.232967
-0.0649734
0.0853732
-0.078569
-0.993246
0.189544
-0.97743
0.0932913
-0.979553
-0.194767
-0.0504111
0.0674434
-0.0818287
-0.994362
0.155173
-0.983633
0.0915826
-0.986508
-0.159185
-0.0382261
0.052179
-0.0844153
-0.995064
0.14253
-0.985575
0.0912536
-0.988684
-0.146122
-0.0339342
0.0467788
-0.0853844
-0.995249
0.144115
-0.985785
0.0863618
-0.988616
-0.14724
-0.0309524
0.0432283
-0.080918
-0.995783
0.141905
-0.986013
0.0874141
-0.988941
-0.145062
-0.0308531
0.043102
-0.0820692
-0.995694
0.134395
-0.986723
0.0911927
-0.990115
-0.137443
-0.0279738
0.0401361
-0.0865317
-0.99544
0.121331
-0.987922
0.096375
-0.992046
-0.123967
-0.0218311
0.0335148
-0.0929596
-0.995106
0.116547
-0.988211
0.0992796
-0.99274
-0.118905
-0.0181517
0.0297425
-0.0964433
-0.994894
0.110692
-0.988846
0.099656
-0.993558
-0.112553
-0.0132309
0.0242998
-0.0975494
-0.994934
0.0905478
-0.990118
0.107084
-0.995714
-0.0920391
-0.00905728
0.0188237
-0.105805
-0.994209
0.072804
-0.990907
0.113152
-0.997221
-0.0741257
-0.00751145
0.0158306
-0.11229
-0.993549
0.0660023
-0.991009
0.116382
-0.997688
-0.0674381
-0.0084388
0.0162115
-0.115556
-0.993169
0.0667932
-0.991131
0.11488
-0.997541
-0.0687827
-0.0134372
0.0212197
-0.1137
-0.993289
0.070535
-0.991233
0.111726
-0.997183
-0.0729324
-0.017513
0.0255079
-0.110176
-0.993585
0.0719715
-0.991737
0.106198
-0.997012
-0.0745309
-0.0203267
0.0280738
-0.104418
-0.994137
0.0740169
-0.992373
0.0985793
-0.996836
-0.0764947
-0.0215921
0.0289682
-0.0966692
-0.994895
0.0717362
-0.993951
0.0831629
-0.997231
-0.073111
-0.0136016
0.0195995
-0.0819569
-0.996443
0.0523204
-0.996152
0.0703111
-0.998613
-0.0517793
0.00949722
-0.00582001
-0.0707105
-0.99748
0.0303291
-0.998248
0.0507983
-0.998574
-0.0280269
0.0454363
-0.043933
-0.0521039
-0.997675
0.00936888
-0.999425
0.0325748
-0.996886
-0.00678429
0.0785672
-0.0783011
-0.0332095
-0.996376
0.00682765
-0.999738
0.0218371
-0.99498
-0.00461148
0.0999721
-0.0998453
-0.02241
-0.994751
0.0347824
-0.999395
0.000545173
-0.992351
-0.0344726
0.118537
-0.118447
-0.00466402
-0.992949
0.0615886
-0.997933
-0.018347
-0.988602
-0.0635222
0.136495
-0.137378
0.00973143
-0.990471
0.0904388
-0.995295
-0.0347786
-0.983864
-0.0947044
0.151797
-0.154377
0.020489
-0.9878
0.122466
-0.991012
-0.0538311
-0.97774
-0.129782
0.164869
-0.170373
0.0324419
-0.984845
0.150851
-0.98596
-0.0716054
-0.971462
-0.161265
0.173939
-0.183044
0.0433232
-0.98215
0.177234
-0.979299
-0.0977816
-0.96511
-0.1924
0.177607
-0.192744
0.062892
-0.979232
0.190364
-0.973294
-0.128295
-0.961222
-0.211354
0.17715
-0.199535
0.0895973
-0.975786
0.189999
-0.969349
-0.155767
-0.962065
-0.215463
0.167349
-0.195782
0.118061
-0.973515
0.187637
-0.966228
-0.176624
-0.965492
-0.214494
0.147705
-0.180602
0.142814
-0.973133
0.177154
-0.967482
-0.180543
-0.971834
-0.200931
0.123145
-0.155418
0.153642
-0.975828
0.159465
-0.971845
-0.173461
-0.978919
-0.178383
0.0994841
-0.127626
0.15394
-0.979803
0.136848
-0.974993
-0.175105
-0.984222
-0.153841
0.0874045
-0.112157
0.160381
-0.980662
0.111859
-0.978205
-0.174935
-0.988755
-0.127144
0.0787238
-0.0992499
0.164162
-0.981428
0.0840328
-0.981548
-0.171759
-0.992744
-0.0973442
0.0705933
-0.0860105
0.16458
-0.982606
0.0598744
-0.982991
-0.173618
-0.99569
-0.0711534
0.0594799
-0.0708217
0.169308
-0.983015
0.0365924
-0.984698
-0.170383
-0.997931
-0.0450263
0.0459005
-0.0528698
0.168351
-0.984308
0.0134534
-0.987893
-0.154551
-0.999408
-0.0181784
0.0291997
-0.0316557
0.154067
-0.987553
-0.00685648
-0.990267
-0.13901
-0.999892
0.00498488
0.0138075
-0.0129802
0.13909
-0.990195
-0.0269866
-0.991945
-0.123759
-0.999629
0.0272498
-0.000434332
0.00380324
0.123701
-0.992312
-0.0440073
-0.992652
-0.112718
-0.998978
0.0448869
-0.00527601
0.0102968
0.112371
-0.993613
-0.052725
-0.993256
-0.103259
-0.998543
0.053632
-0.00602524
0.0115226
0.10279
-0.994636
-0.0565562
-0.993298
-0.100799
-0.998343
0.0573346
-0.00483992
0.0105868
0.100359
-0.994895
-0.0616633
-0.993657
-0.0940445
-0.998021
0.0625439
-0.0064413
0.0122823
0.0934612
-0.995547
-0.0623315
-0.994016
-0.0897021
-0.997971
0.063242
-0.00734168
0.0129707
0.0890625
-0.995942
-0.0606642
-0.994388
-0.0866756
-0.998067
0.0616064
-0.00823439
0.0135279
0.0860084
-0.996203
-0.0591832
-0.995012
-0.080301
-0.998106
0.0603354
-0.0119976
0.0167828
0.0794389
-0.996698
-0.0582259
-0.995351
-0.0767186
-0.998109
0.0595575
-0.0151839
0.0196824
0.0756894
-0.996937
-0.0583562
-0.995551
-0.073977
-0.998078
0.0597323
-0.0165264
0.0208717
0.0728704
-0.997123
-0.0582155
-0.996143
-0.0656586
-0.998105
0.0593908
-0.0160911
0.0199285
0.0645975
-0.997712
-0.0581803
-0.996812
-0.0545985
-0.998152
0.0590443
-0.0143464
0.0175244
0.053663
-0.998405
-0.0585162
-0.997248
-0.0455314
-0.998157
0.0591809
-0.0133881
0.0160458
0.0446641
-0.998873
-0.0608269
-0.997511
-0.0356543
-0.998
0.0613948
-0.015056
0.0172076
0.0346672
-0.999251
-0.0648448
-0.997644
-0.0223784
-0.997631
0.0653274
-0.0215531
0.0229643
0.0209278
-0.999517
-0.0644515
-0.997731
-0.0194758
-0.99754
0.0649538
-0.0263685
0.0275736
0.0177284
-0.999463
-0.0625209
-0.997771
-0.0233226
-0.997589
0.0631807
-0.0287155
0.0301251
0.021471
-0.999316
-0.0619464
-0.997746
-0.0257941
-0.997428
0.0628191
-0.0345234
0.036066
0.0235891
-0.999071
-0.0485221
-0.998
-0.0405278
-0.997682
0.0503651
-0.0457636
0.0477133
0.0382133
-0.99813
-0.0222253
-0.996457
-0.08111
-0.998222
0.0266069
-0.0533459
0.055315
0.0797801
-0.995277
0.00643236
-0.992852
-0.11918
-0.997446
0.00210766
-0.0713922
0.071133
0.119335
-0.990303
0.0427096
-0.985403
-0.164793
-0.995026
-0.0270961
-0.0958566
0.0899921
0.168068
-0.981659
0.0808754
-0.977226
-0.196183
-0.989702
-0.0554111
-0.131986
0.118109
0.204837
-0.971644
0.114766
-0.970957
-0.20993
-0.981243
-0.0778524
-0.176355
0.154889
0.226232
-0.96168
0.133817
-0.968809
-0.208572
-0.972349
-0.0877098
-0.216438
0.191393
0.231768
-0.953757
0.143542
-0.970839
-0.192011
-0.962499
-0.0918208
-0.255275
0.2302
0.221453
-0.947611
0.140908
-0.975932
-0.16644
-0.953618
-0.0886244
-0.287679
0.266005
0.199257
-0.943153
0.120588
-0.982291
-0.1434
-0.947358
-0.0707126
-0.312269
0.296599
0.173507
-0.939108
0.0984215
-0.987158
-0.125828
-0.940596
-0.0509923
-0.335676
0.324948
0.151391
-0.933536
0.0736788
-0.990933
-0.112353
-0.934867
-0.0293986
-0.353778
0.347267
0.131101
-0.928557
0.0371534
-0.993972
-0.103145
-0.934831
0.00190482
-0.355088
0.353144
0.109616
-0.929125
-0.00235047
-0.995875
-0.0907006
-0.936794
0.0339268
-0.348233
0.349874
0.0841493
-0.93301
-0.0416591
-0.995931
-0.0799072
-0.938777
0.0663929
-0.338069
0.341999
0.0609314
-0.937723
-0.0778998
-0.99434
-0.0722481
-0.940362
0.097354
-0.325946
0.331135
0.0425482
-0.942624
-0.111982
-0.991192
-0.0706987
-0.942015
0.128536
-0.309979
0.316336
0.0318871
-0.948111
-0.147298
-0.986941
-0.0651984
-0.942618
0.16004
-0.293016
0.299623
0.0182966
-0.953882
-0.178441
-0.982261
-0.057639
-0.942875
0.187447
-0.275411
0.28133
0.00520169
-0.959597
-0.199906
-0.978353
-0.0534989
-0.945892
0.20694
-0.249928
0.255589
0.000641842
-0.966785
-0.206038
-0.977117
-0.05282
-0.953208
0.212614
-0.214916
0.221228
0.00606759
-0.975203
-0.164248
-0.984381
-0.0633737
-0.966767
0.173403
-0.187865
0.19592
0.0304111
-0.980148
-0.115654
-0.990407
-0.0756221
-0.978182
0.126792
-0.164573
0.172583
0.0549387
-0.983462
-0.0779073
-0.99375
-0.0799512
-0.985919
0.0886986
-0.141759
0.147965
0.0677813
-0.986667
-0.0437214
-0.995667
-0.0820678
-0.991741
0.0531695
-0.116719
0.120577
0.0762868
-0.989768
-0.0132481
-0.996599
-0.081337
-0.995115
0.0210996
-0.0964438
0.0978319
0.0796619
-0.99201
0.00304487
-0.996898
-0.0786399
-0.996312
0.00371921
-0.0857238
0.0857504
0.0786109
-0.993211
0.00419523
-0.997134
-0.0755421
-0.996611
0.00203663
-0.0822298
0.082148
0.0756311
-0.993746
0.00272503
-0.997308
-0.073274
-0.996834
0.0031136
-0.0794501
0.0794644
0.0732585
-0.994142
0.00330509
-0.997568
-0.0696257
-0.996582
0.00246161
-0.0825761
0.0825466
0.0696607
-0.99415
0.0124282
-0.997948
-0.0628039
-0.99476
-0.00596508
-0.102068
0.101484
0.0637433
-0.992793
0.0197527
-0.998103
-0.0583131
-0.993249
-0.0129217
-0.115277
0.114305
0.0601965
-0.99162
0.0179549
-0.998178
-0.0575991
-0.993663
-0.0114214
-0.111817
0.110956
0.0592418
-0.992058
0.013214
-0.998345
-0.055968
-0.994709
-0.00742159
-0.102465
0.10188
0.0570258
-0.993161
0.0152349
-0.998285
-0.0565157
-0.994783
-0.00943089
-0.101578
0.10087
0.0577684
-0.993221
0.0160468
-0.998133
-0.0589244
-0.994604
-0.00989318
-0.103276
0.1025
0.0602636
-0.992906
0.0120063
-0.998073
-0.0608769
-0.995048
-0.0059184
-0.0992148
0.0986633
0.0617667
-0.993202
0.00862258
-0.997961
-0.0632478
-0.99598
-0.00293166
-0.0895246
0.0891566
0.0637655
-0.993974
0.00872839
-0.997876
-0.0645583
-0.996728
-0.00349386
-0.0807548
0.0803577
0.065052
-0.994641
0.00855274
-0.997799
-0.065756
-0.997419
-0.00382469
-0.0716953
0.071286
0.0661995
-0.995257
0.00911915
-0.997655
-0.0678341
-0.997776
-0.00459896
-0.0664959
0.066028
0.0682896
-0.995478
0.0130974
-0.997256
-0.0728584
-0.998355
-0.00897498
-0.0566231
0.0558138
0.0734802
-0.995734
0.0165932
-0.997172
-0.0732934
-0.998876
-0.0132778
-0.0454927
0.0443909
0.0739659
-0.996272
0.0210403
-0.997501
-0.0674492
-0.999052
-0.0184061
-0.0394416
0.0381015
0.0682151
-0.996943
0.0318122
-0.997584
-0.0617586
-0.998795
-0.0294193
-0.039276
0.0373642
0.0629337
-0.997318
0.0440988
-0.997502
-0.0551746
-0.998207
-0.0417579
-0.0428851
0.040474
0.0569669
-0.997555
0.0527223
-0.997243
-0.0522198
-0.997669
-0.0503315
-0.0460888
0.0433334
0.054528
-0.997572
0.0582565
-0.996789
-0.0549353
-0.997335
-0.0556915
-0.0471209
0.0439102
0.057534
-0.997377
0.0576134
-0.996707
-0.0570588
-0.997421
-0.0550154
-0.0461028
0.0428119
0.0595678
-0.997306
0.0510608
-0.997044
-0.0574123
-0.997919
-0.0486705
-0.0422901
0.0393708
0.0594522
-0.997454
0.0384036
-0.997981
-0.0505777
-0.998488
-0.036332
-0.0412608
0.0393399
0.0520858
-0.997867
0.022883
-0.999007
-0.0382274
-0.998886
-0.0212682
-0.0421273
0.0412724
0.0391489
-0.998381
0.0251186
-0.999315
-0.0271763
-0.99861
-0.0238222
-0.0470199
0.0463403
0.0283196
-0.998524
0.0435324
-0.998824
-0.0213412
-0.997789
-0.0423937
-0.0511816
0.0502167
0.0235221
-0.998461
0.07115
-0.997049
-0.0288347
-0.996157
-0.0695469
-0.0532333
0.0510708
0.0325114
-0.998166
0.0942059
-0.994736
-0.0403251
-0.994266
-0.0919482
-0.0545941
0.0505989
0.045237
-0.997694
0.103359
-0.993405
-0.0496316
-0.993157
-0.100348
-0.0597462
0.0543718
0.0554673
-0.996979
0.0897875
-0.995128
-0.0407346
-0.993832
-0.0868479
-0.0689567
0.065083
0.0466748
-0.996788
0.0693954
-0.997035
-0.0332543
-0.995121
-0.0668415
-0.0725757
0.0701377
0.0381285
-0.996808
0.0429956
-0.998852
-0.021098
-0.996114
-0.0412338
-0.0778293
0.07687
0.0243624
-0.996743
0.0173665
-0.999788
-0.0110491
-0.996068
-0.0163396
-0.0870736
0.0868746
0.0125178
-0.996141
-0.00467302
-0.999927
-0.0111799
-0.99476
0.0057901
-0.102071
0.102128
0.0106443
-0.994714
-0.0221942
-0.999675
-0.0125454
-0.992289
0.0235573
-0.12169
0.121946
0.00974785
-0.992489
-0.0403823
-0.999135
-0.00988105
-0.989437
0.0413643
-0.13894
0.139228
0.00416598
-0.990252
-0.0544022
-0.998511
-0.00390743
-0.987332
0.0543764
-0.149057
0.149047
-0.00425108
-0.988821
-0.0627017
-0.998031
-0.00155794
-0.985967
0.0621856
-0.154926
0.154718
-0.00817806
-0.987925
-0.0703315
-0.997502
0.00654047
-0.984208
0.0683234
-0.163298
0.162443
-0.0179222
-0.986555
-0.076811
-0.996903
0.016855
-0.983485
0.0729769
-0.165624
0.163881
-0.0292984
-0.986045
-0.0753772
-0.997075
0.0126679
-0.986466
0.0727081
-0.146962
0.145611
-0.023574
-0.989061
-0.0523292
-0.998624
0.00330486
-0.991177
0.0515348
-0.122115
0.121777
-0.00966588
-0.99251
-0.0187113
-0.999627
-0.0199002
-0.99583
0.0204103
-0.0889148
0.0892878
0.0181535
-0.99584
0.00870188
-0.999261
-0.0374477
-0.998049
-0.00636397
-0.0621039
0.0618197
0.0379151
-0.997367
0.0306226
-0.998279
-0.0500174
-0.998975
-0.0288989
-0.0348279
0.0333225
0.0510327
-0.998141
0.0364182
-0.997758
-0.0561518
-0.999266
-0.0370238
0.00978297
-0.01184
0.0557543
-0.998374
0.043641
-0.996902
-0.0654356
-0.996967
-0.0476807
0.0615015
-0.0644309
0.0625532
-0.99596
0.0683722
-0.99476
-0.0760176
-0.992226
-0.0757439
0.0987432
-0.103984
0.0686753
-0.992205
0.10407
-0.990039
-0.0948241
-0.986443
-0.114913
0.117156
-0.126886
0.0813462
-0.988576
0.132854
-0.985217
-0.108154
-0.981815
-0.145749
0.121644
-0.135609
0.0900263
-0.986664
0.153098
-0.980639
-0.122101
-0.978443
-0.167753
0.120453
-0.138604
0.101028
-0.985181
0.179084
-0.974127
-0.137862
-0.973126
-0.196005
0.120863
-0.144757
0.112512
-0.983049
0.209814
-0.964186
-0.162244
-0.965067
-0.230855
0.123899
-0.156916
0.13058
-0.978941
0.24216
-0.952019
-0.187133
-0.955354
-0.267621
0.125215
-0.169288
0.148456
-0.974322
0.273524
-0.937878
-0.213471
-0.944494
-0.303875
0.124867
-0.181978
0.167468
-0.968937
0.300993
-0.924903
-0.23229
-0.934771
-0.334354
0.120047
-0.188699
0.181005
-0.96521
0.324271
-0.91483
-0.240696
-0.927103
-0.357902
0.111292
-0.187959
0.187061
-0.964199
0.333853
-0.913534
-0.232374
-0.925502
-0.364446
0.103077
-0.178852
0.18065
-0.967149
0.338845
-0.912155
-0.230557
-0.924371
-0.368415
0.0990357
-0.175277
0.179563
-0.968006
0.336536
-0.91441
-0.22494
-0.925654
-0.365105
0.0993139
-0.17294
0.174794
-0.969298
0.331106
-0.917018
-0.222366
-0.926709
-0.360404
0.10639
-0.177703
0.170843
-0.969141
0.318977
-0.923993
-0.210927
-0.931297
-0.346878
0.111179
-0.175895
0.160972
-0.971159
0.295623
-0.936193
-0.190131
-0.939688
-0.320813
0.118597
-0.172026
0.143604
-0.974569
0.262497
-0.949283
-0.173084
-0.94846
-0.286833
0.134723
-0.177537
0.128799
-0.975649
0.227761
-0.960715
-0.158594
-0.955616
-0.251801
0.152952
-0.186877
0.116718
-0.975425
0.195465
-0.970204
-0.143167
-0.962345
-0.217869
0.162556
-0.188904
0.106002
-0.976258
0.166639
-0.978095
-0.12475
-0.969013
-0.185845
0.162715
-0.182335
0.0937699
-0.978755
0.149274
-0.982604
-0.110484
-0.972921
-0.165899
0.160943
-0.176472
0.0834676
-0.98076
0.146902
-0.983717
-0.103545
-0.974116
-0.162057
0.157596
-0.17181
0.0777132
-0.98206
0.147156
-0.983684
-0.103496
-0.974724
-0.162002
0.153845
-0.168101
0.0782413
-0.98266
0.152973
-0.982257
-0.108493
-0.975462
-0.167675
0.142688
-0.158347
0.084003
-0.983804
0.158521
-0.982071
-0.102014
-0.977412
-0.170711
0.124595
-0.139776
0.0799591
-0.986949
0.170426
-0.981268
-0.0898264
-0.978385
-0.179349
0.102942
-0.117124
0.0703408
-0.990623
0.184215
-0.980699
-0.0655332
-0.979217
-0.188875
0.0738987
-0.0848499
0.0505579
-0.99511
0.195804
-0.979637
-0.0443994
-0.979361
-0.197662
0.042211
-0.0501275
0.035218
-0.998122
0.203693
-0.978572
-0.0300888
-0.978758
-0.20427
0.0175189
-0.0232898
0.0258811
-0.999394
0.205299
-0.978444
-0.022372
-0.978622
-0.205516
0.00783305
-0.012262
0.0202857
-0.999719
0.203138
-0.979033
-0.0151214
-0.979122
-0.203225
0.00444326
-0.00742314
0.013903
-0.999876
0.205796
-0.978581
-0.00516748
-0.978591
-0.205776
-0.00406133
0.002911
0.00589266
-0.999978
0.205699
-0.978615
0.000491907
-0.97854
-0.205689
-0.0123406
0.0121778
0.00205709
-0.999924
0.205726
-0.9786
0.004286
-0.978321
-0.205769
-0.023403
0.0237842
0.000621522
-0.999717
0.205918
-0.978544
0.00704843
-0.977928
-0.206038
-0.0347202
0.0354275
0.000256659
-0.999372
0.211773
-0.977154
0.017935
-0.975755
-0.212436
-0.0526532
0.0552604
-0.00634959
-0.998452
0.220979
-0.974747
0.0321904
-0.972035
-0.222814
-0.0741705
0.07947
-0.0149001
-0.996726
0.229434
-0.97208
0.0491907
-0.967842
-0.233207
-0.0943251
0.103163
-0.0259674
-0.994325
0.235619
-0.969673
0.0649451
-0.96394
-0.241686
-0.111393
0.123711
-0.0363569
-0.991652
0.238141
-0.968508
0.07267
-0.961461
-0.245671
-0.123446
0.137412
-0.0404717
-0.989687
0.237073
-0.968862
0.0714328
-0.960748
-0.244721
-0.130671
0.144083
-0.0376505
-0.988849
0.234689
-0.969989
0.0635797
-0.961182
-0.241326
-0.133755
0.145084
-0.0297208
-0.988973
0.231693
-0.97125
0.0546991
-0.961843
-0.237135
-0.136475
0.145522
-0.0209916
-0.989132
0.218973
-0.974617
0.0466166
-0.964779
-0.223406
-0.13889
0.145779
-0.0145615
-0.98921
0.18666
-0.981101
0.0509847
-0.970983
-0.192135
-0.142397
0.149502
-0.0229254
-0.988496
0.149768
-0.986821
0.0612767
-0.977213
-0.157168
-0.142662
0.150412
-0.0385143
-0.987873
0.109273
-0.991738
0.0671979
-0.982777
-0.117926
-0.142276
0.149024
-0.0504937
-0.987543
0.0691081
-0.99519
0.0694287
-0.986551
-0.0785097
-0.143362
0.148123
-0.0585875
-0.987232
0.0275817
-0.996555
0.0782194
-0.988271
-0.0389423
-0.14766
0.150198
-0.0732293
-0.98594
-0.0167542
-0.996044
0.0872716
-0.988307
0.00326721
-0.152444
0.151556
-0.0888052
-0.984451
-0.0494198
-0.993939
0.0981992
-0.986209
0.0330127
-0.162177
0.157952
-0.10486
-0.981863
-0.0551229
-0.993677
0.0978178
-0.984569
0.0377978
-0.170863
0.166086
-0.105727
-0.980427
-0.0329269
-0.995893
0.0843381
-0.985918
0.0185222
-0.166201
0.163957
-0.0886229
-0.982479
0.00202646
-0.998364
0.0571338
-0.98862
-0.0105942
-0.150059
0.150419
-0.0561796
-0.987025
0.0399333
-0.998309
0.0422387
-0.989661
-0.0453447
-0.136073
0.137758
-0.0363681
-0.989798
0.0835823
-0.99613
0.0271963
-0.989145
-0.0862443
-0.118967
0.120852
-0.0169576
-0.992526
0.124043
-0.992103
0.0185647
-0.986776
-0.125301
-0.102827
0.104341
-0.00556429
-0.994526
0.165511
-0.986116
0.0134798
-0.982188
-0.166054
-0.0879416
0.088959
0.00131556
-0.996034
0.210512
-0.977584
0.00385758
-0.974721
-0.210195
-0.0757473
0.0748602
0.0121857
-0.99712
0.258904
-0.96589
-0.00502194
-0.963649
-0.257942
-0.0696125
0.0659426
0.0228624
-0.997561
0.305899
-0.951948
-0.014868
-0.950272
-0.304328
-0.0660949
0.0583942
0.034347
-0.997703
0.348347
-0.936949
-0.0279373
-0.936084
-0.346159
-0.0626176
0.0489988
0.0479644
-0.997647
0.386146
-0.921626
-0.0386874
-0.921419
-0.383409
-0.0631244
0.043344
0.0600226
-0.997256
0.430434
-0.901054
-0.0531702
-0.901874
-0.426934
-0.065955
0.0367288
0.0763422
-0.996405
0.471482
-0.879599
-0.0633246
-0.881222
-0.467152
-0.0722295
0.0339508
0.089858
-0.995376
0.508454
-0.858358
-0.0685294
-0.860359
-0.503135
-0.0814664
0.0354478
0.100382
-0.994317
0.545392
-0.834363
-0.0799111
-0.837559
-0.538831
-0.0903154
0.0322972
0.116188
-0.992702
0.582988
-0.806822
-0.0957212
-0.812006
-0.574565
-0.102576
0.0277623
0.137527
-0.990109
0.614639
-0.781257
-0.108889
-0.788408
-0.604045
-0.116374
0.0251439
0.157377
-0.987218
0.644534
-0.754736
-0.122271
-0.764314
-0.63184
-0.128849
0.0199914
0.176501
-0.984097
0.674959
-0.724185
-0.141371
-0.737843
-0.66133
-0.135023
0.00428875
0.195444
-0.980705
0.701816
-0.6953
-0.154959
-0.712276
-0.688234
-0.137828
-0.010816
0.207104
-0.978259
0.726794
-0.667353
-0.162514
-0.686528
-0.713125
-0.141888
-0.0212032
0.214694
-0.976451
0.747081
-0.643028
-0.168478
-0.66398
-0.733927
-0.143113
-0.0316245
0.218783
-0.975261
0.757764
-0.629199
-0.172924
-0.65127
-0.745715
-0.140556
-0.0405138
0.219128
-0.974855
0.758751
-0.62857
-0.170869
-0.649875
-0.748313
-0.133004
-0.0442606
0.21196
-0.976275
