-0.0999572
0.99999
-0.0501069
-0.100326
1.00035
-0.050155
-0.100393
1.00096
-0.0496419
-0.0999294
1.00159
-0.0493258
-0.0992785
1.00212
-0.0491376
-0.0988074
1.0027
-0.0489091
-0.098705
1.0031
-0.0486263
-0.0985051
1.00318
-0.0483961
-0.0966858
0.999186
-0.0454758
-0.0951798
0.989328
-0.0405164
-0.0943782
0.982257
-0.035721
-0.0916033
0.978334
-0.0295025
-0.0864202
0.976213
-0.0234511
-0.0808616
0.974651
-0.0173765
-0.0763879
0.973582
-0.0121082
-0.072244
0.972368
-0.00708086
-0.0680223
0.970265
-0.00195897
-0.0633487
0.970127
0.00199546
-0.0576974
0.969656
0.00562125
-0.0523637
0.968639
0.00950999
-0.0465662
0.968323
0.013209
-0.0427549
0.968553
0.0145464
-0.0394544
0.969886
0.0133556
-0.0372257
0.971261
0.0121536
-0.0339851
0.972013
0.012463
-0.0306737
0.972168
0.0128111
-0.0271733
0.972059
0.0135236
-0.0259832
0.971755
0.0143662
-0.0252774
0.972182
0.0152348
-0.0232066
0.972579
0.0170284
-0.0203632
0.97231
0.0184506
-0.0179288
0.973605
0.0193042
-0.0170999
0.975955
0.0202313
-0.0152173
0.979329
0.0212375
-0.0126224
0.982421
0.0211424
-0.00883721
0.983394
0.0210653
-0.00580237
0.982093
0.0211913
5.722e-05
0.977923
0.0213612
0.00436994
0.972862
0.0171562
0.00842677
0.966906
0.010942
0.01081
0.962049
0.00673523
0.0117864
0.956941
0.00327512
0.0113791
0.951614
-0.000282477
0.0100241
0.946754
-0.00159463
0.0076775
0.942146
-0.00161393
0.00587445
0.93755
-0.000698862
0.00515181
0.933563
7.42855e-05
0.00516207
0.930653
0.00215551
0.00410651
0.92962
0.00581298
0.00426269
0.929188
0.0101994
0.00569582
0.929549
0.0150643
0.00830515
0.932688
0.022639
0.0117014
0.938151
0.0299839
0.0157174
0.947225
0.0370657
0.0201425
0.956272
0.0457401
0.0241974
0.964164
0.0537091
0.0278281
0.971011
0.0615482
0.0307009
0.975173
0.0709429
0.033565
0.977147
0.080949
0.0347461
0.978254
0.0895376
0.0346104
0.978301
0.0962304
0.0348226
0.980135
0.099963
0.0366597
0.982946
0.101959
0.0381059
0.985287
0.1033
0.03778
0.988138
0.101826
0.0374891
0.992366
0.0979988
0.0380639
0.99611
0.0913321
0.0400018
0.999326
0.0838911
0.0422274
1.0019
0.0741567
0.0429486
1.00406
0.0642118
0.0424728
1.0057
0.055153
0.0408434
1.00579
0.0478378
0.0370656
1.00615
0.0416127
0.0346471
1.00645
0.0366645
0.0331675
1.00697
0.0317706
0.0325249
1.00745
0.0271605
0.032586
1.00777
0.0228023
0.0338219
1.00891
0.0199804
0.035561
1.00976
0.0167836
0.0356375
1.00991
0.0140485
0.0377481
1.00954
0.0114455
0.0398412
1.00994
0.0105399
0.0418206
1.01006
0.01116
0.0445319
1.01047
0.0118688
0.048095
1.01119
0.00995193
0.0508624
1.0127
0.00570479
0.0538734
1.01267
0.000702089
0.0587191
1.01048
-0.00210015
0.0641717
1.00623
-0.00283371
0.06821
1.00183
-0.000907013
0.0719022
0.997383
0.000764091
0.0750603
0.994991
0.00254189
0.0764429
0.993107
0.00489791
0.0760811
0.991281
0.00672551
0.0768321
0.989569
0.00831866
0.0772947
0.988451
0.00914615
0.0775819
0.98731
0.0102523
0.0774694
0.98716
0.0103238
0.0768212
0.987828
0.00864381
0.076228
0.988541
0.00563466
0.0806541
0.989092
0.00123509
0.0861649
0.990758
-0.00455049
0.0897228
0.992469
-0.012851
0.0918219
0.991713
-0.0219379
0.0933976
0.990919
-0.0312073
0.095534
0.989084
-0.0392768
0.0954041
0.986905
-0.0471804
0.0951915
0.983665
-0.0533749
0.0929647
0.978918
-0.054051
0.0901403
0.972788
-0.0488634
0.0889187
0.966764
-0.044236
0.0878665
0.961129
-0.0394121
0.0867543
0.956369
-0.0335517
0.085319
0.952173
-0.027169
0.0828584
0.9492
-0.0216263
0.0784002
0.947313
-0.0164417
0.0752525
0.944661
-0.00993593
0.0693384
0.942982
-0.00254318
0.062247
0.942815
0.00369802
0.0530953
0.941633
0.00859683
0.0461206
0.940758
0.013306
0.0411608
0.941121
0.017573
0.0373265
0.941891
0.0224842
0.0332748
0.942095
0.0269254
0.0322677
0.94078
0.0314394
0.0318976
0.939175
0.0358384
0.0330137
0.937227
0.0391371
0.0340286
0.936076
0.0431685
0.036083
0.934697
0.0476036
0.0388939
0.931659
0.0538769
0.0402056
0.928201
0.0594624
0.0424553
0.924233
0.0603159
0.043407
0.922833
0.0593254
0.0441397
0.9193
0.0591094
0.0442619
0.915002
0.059901
0.0438709
0.909351
0.0615206
0.0461525
0.902187
0.063276
0.0523652
0.895117
0.0655517
0.0558277
0.888964
0.0631374
0.0580009
0.888515
0.053056
0.0593223
0.886269
0.0427137
0.0603557
0.880348
0.0346472
0.0621112
0.874834
0.0280526
0.0620723
0.871414
0.0246916
0.0616623
0.869927
0.0221936
0.0618319
0.86877
0.0198211
0.063533
0.870513
0.0162791
0.0638721
0.87768
0.011017
0.0648055
0.883772
0.00756752
0.064244
0.887039
0.00858499
0.0653748
0.891694
0.0134227
0.0653743
0.895984
0.0186851
0.0668039
0.897215
0.0243625
0.0686636
0.898813
0.027526
0.0674741
0.903112
0.0318555
0.0656676
0.905954
0.0366498
0.063644
0.908408
0.0403196
0.0591415
0.909865
0.0424334
0.0542832
0.909278
0.0428873
0.0505533
0.90582
0.0404317
0.0494383
0.900612
0.0367078
0.0476394
0.895644
0.0322435
0.0432177
0.8908
0.0260163
0.0395406
0.884976
0.0174064
0.0353665
0.878182
0.00826308
0.0303013
0.870177
0.00113831
0.0268642
0.861213
-0.00547808
0.0239525
0.852454
-0.0119891
0.0225015
0.844491
-0.0180321
0.0230236
0.839516
-0.0217696
0.0249541
0.836651
-0.024156
0.0267796
0.834908
-0.0268368
0.0297005
0.833987
-0.0295338
0.0331368
0.833593
-0.0318231
0.0364357
0.833699
-0.032203
0.0398291
0.834223
-0.0304678
0.0427891
0.835363
-0.0274866
0.0454021
0.837197
-0.025434
0.0458547
0.839941
-0.023092
0.0480058
0.842909
-0.0191584
0.049151
0.846449
-0.0151556
0.0486695
0.849344
-0.0116176
0.0482401
0.85101
-0.00592175
0.0493759
0.853811
0.00253119
0.0494523
0.856752
0.014119
0.0476125
0.858734
0.0229089
0.0470861
0.859842
0.0312987
0.044966
0.85949
0.0387744
0.0422784
0.858151
0.0488407
0.0413384
0.855603
0.0591011
0.0392355
0.854182
0.0685389
0.0377902
0.852974
0.0767385
0.0366474
0.852207
0.0823335
0.0347308
0.858069
0.0823674
0.0289594
0.864758
0.0802924
0.0283018
0.866969
0.0808557
0.0285485
0.869662
0.0804026
0.0288198
0.87393
0.0784944
0.0275751
0.87707
0.0770224
0.0257977
0.877943
0.0755843
0.0229889
0.877015
0.0719546
0.0213859
0.87509
0.0667524
0.0215016
0.873293
0.0584606
0.0232751
0.870055
0.0502236
0.026732
0.864571
0.0416381
0.0300904
0.858288
0.032069
0.0328285
0.852504
0.0220266
0.033949
0.845733
0.0100498
0.0311567
0.840553
-0.00356094
0.0270579
0.836298
-0.0131373
0.0210418
0.833026
-0.019791
0.0134458
0.830565
-0.0252185
0.00462278
0.826893
-0.0302795
-0.00484105
0.823414
-0.0338433
-0.0138459
0.82127
-0.0349781
-0.0215977
0.820303
-0.0329854
-0.0296183
0.820266
-0.0293431
-0.0365308
0.820796
-0.0236071
-0.0411569
0.820295
-0.0143026
-0.0460756
0.822262
-0.00490108
-0.0486704
0.823616
0.00300881
-0.0526353
0.827634
0.00663765
-0.0585769
0.831227
0.00974432
-0.0610283
0.834109
0.0129988
-0.0617992
0.835163
0.0148666
-0.062318
0.835593
0.0155686
-0.062737
0.835592
0.0165723
-0.0625373
0.835998
0.020321
-0.0622721
0.83635
0.0228871
-0.0630743
0.836708
0.0250832
-0.0654527
0.836775
0.0261481
-0.0696718
0.839269
0.0280912
-0.0707088
0.841103
0.0318708
-0.0723354
0.843279
0.0361788
-0.0755677
0.84527
0.0425167
-0.0789269
0.846644
0.0505334
-0.0823223
0.848272
0.0577169
-0.0858576
0.85008
0.0649599
-0.0871904
0.851977
0.070979
-0.0871766
0.855521
0.0751643
-0.0872645
0.85989
0.0800379
-0.087003
0.864753
0.0856539
-0.0861976
0.869291
0.0906666
-0.0855527
0.874583
0.09445
-0.0854657
0.88014
0.0975852
-0.0870156
0.887391
0.101268
-0.0873877
0.891772
0.104748
-0.0889824
0.895801
0.105469
-0.0892869
0.899698
0.106868
-0.0891623
0.904022
0.107759
-0.0885693
0.909229
0.107927
-0.0867284
0.913851
0.10681
-0.0840629
0.917581
0.10451
-0.0814805
0.920269
0.101214
-0.0787625
0.921254
0.096588
-0.0769426
0.920701
0.0909812
-0.0761862
0.919086
0.0849024
-0.0740625
0.917621
0.077231
-0.071239
0.91602
0.0687447
-0.0687198
0.914523
0.0609893
-0.0671056
0.913577
0.0537314
-0.0651439
0.912445
0.0479436
-0.0624146
0.910635
0.0440129
-0.0599059
0.909239
0.0411316
-0.0569564
0.908152
0.0376979
-0.0539868
0.906604
0.0318911
-0.0511914
0.905664
0.0261931
-0.0481427
0.904405
0.0209216
-0.0443986
0.902547
0.0160161
-0.0402495
0.901045
0.0114067
-0.037604
0.899461
0.00754206
-0.0348469
0.897741
0.00465137
-0.031744
0.896339
0.00221144
-0.0300077
0.895741
-0.000513862
-0.0281042
0.894827
-0.00386226
-0.026818
0.894127
-0.00801364
-0.0237556
0.893646
-0.0136048
-0.0217469
0.893181
-0.0199345
-0.0207633
0.894938
-0.0268751
-0.0187638
0.896302
-0.0341419
-0.0186118
0.896591
-0.0410425
-0.0186136
0.896465
-0.0477938
-0.0184153
0.896362
-0.0540881
-0.0184054
0.896647
-0.0585436
-0.0188241
0.897335
-0.0614125
-0.0198306
0.89687
-0.0617599
-0.0200369
0.896604
-0.0605671
-0.0207273
0.897454
-0.0580054
-0.022609
0.899775
-0.051885
-0.0262388
0.902689
-0.0466511
-0.0296743
0.906748
-0.0423359
-0.0328471
0.911521
-0.0368579
-0.0355522
0.915585
-0.0301799
-0.0372671
0.918795
-0.022394
-0.0388573
0.921204
-0.0133094
-0.0402202
0.922998
-0.00494698
-0.0387053
0.925446
0.00421499
-0.0361759
0.928075
0.0132733
-0.0330117
0.929515
0.0212854
-0.0282831
0.930718
0.028077
-0.0217507
0.932086
0.0325731
-0.0146667
0.933809
0.0363497
-0.00632375
0.936613
0.0406347
0.00237861
0.939906
0.0455281
0.00861346
0.942655
0.0495144
0.014802
0.944536
0.0517427
0.0216253
0.947168
0.0525507
0.0290263
0.950154
0.0513585
0.0356183
0.952865
0.0483583
0.0432422
0.954701
0.0453422
0.0500786
0.955972
0.040532
0.0563348
0.95678
0.0339433
0.061261
0.957106
0.0269829
0.065818
0.95784
0.020416
0.0691905
0.958816
0.0129399
0.0712237
0.960968
0.00576138
0.0743149
0.962988
-0.000331968
0.0762171
0.964425
-0.00619885
0.0775538
0.965212
-0.0113458
0.078514
0.963814
-0.0155405
0.0798083
0.961283
-0.0204571
0.0797464
0.957845
-0.0264635
0.0788702
0.952467
-0.0316848
0.077169
0.946665
-0.0363583
0.074796
0.941076
-0.0409829
0.0725892
0.935709
-0.0459703
0.0705877
0.929693
-0.0502716
0.0688033
0.922705
-0.0538355
0.0672784
0.915128
-0.055155
0.0653348
0.90655
-0.0548139
0.0625969
0.896732
-0.0545527
0.0566742
0.886933
-0.0533753
0.0521937
0.874795
-0.051806
0.0479827
0.865716
-0.0491734
0.0457166
0.859036
-0.0442742
0.0435538
0.853188
-0.0396809
0.0403457
0.847373
-0.033477
0.0325882
0.841565
-0.0267479
0.0264685
0.83676
-0.0174185
0.0220488
0.833609
-0.0079089
0.0178463
0.831513
0.00178379
0.0133953
0.830074
0.0100223
0.00884766
0.829489
0.0182676
0.00623212
0.828805
0.0258697
0.00273455
0.828332
0.034308
-0.000720309
0.826028
0.0433052
-0.00755685
0.82408
0.0517538
-0.0127135
0.82195
0.0595414
-0.0188975
0.822371
0.0658908
-0.0225334
0.8237
0.0719639
-0.0244902
0.826226
0.0785191
-0.0263723
0.829548
0.08467
-0.029969
0.833234
0.0889288
-0.0326981
0.836991
0.0918174
-0.0360325
0.842597
0.0911289
-0.038671
0.848242
0.0899908
-0.0409836
0.853209
0.0899083
-0.0441478
0.858332
0.0905106
-0.0471559
0.861591
0.091634
-0.0486312
0.863697
0.0939547
-0.0498628
0.865502
0.0958586
-0.0511935
0.867635
0.0968131
-0.0531333
0.872978
0.0985253
-0.0553541
0.877514
0.0998881
-0.0575449
0.881834
0.101073
-0.0596742
0.88605
0.101917
-0.0624921
0.889313
0.100485
-0.0662558
0.894876
0.0980803
-0.0692576
0.901418
0.094606
-0.0727554
0.907396
0.0910219
-0.0756333
0.912088
0.087476
-0.0780921
0.916549
0.0841585
-0.0799612
0.921116
0.0806949
-0.081272
0.924596
0.077833
-0.0818733
0.928015
0.0754463
-0.0819684
0.933491
0.073361
-0.0832149
0.939366
0.0700209
-0.0849572
0.944666
0.0680717
-0.0843938
0.948629
0.0669265
-0.081752
0.952465
0.0657406
-0.0753741
0.957069
0.0633844
-0.0706533
0.963247
0.0601534
-0.0687143
0.969598
0.0580955
-0.0641719
0.974326
0.0575117
-0.0577809
0.97853
0.0570133
-0.0511196
0.982812
0.0554343
-0.0440848
0.986598
0.0531009
-0.0349021
0.989811
0.0508175
-0.0284497
0.993468
0.0478468
-0.0233933
0.997284
0.0442974
-0.0195772
1.00069
0.0403221
-0.0140298
1.0044
0.0357032
-0.0081513
1.00748
0.0299576
-0.00175004
1.00818
0.0245068
0.0020516
1.00721
0.0183008
0.00391255
1.00539
0.0115789
0.00528848
1.00217
0.00444078
0.0058764
0.998401
-0.00237872
0.00559762
0.994364
-0.00869898
0.00431358
0.990638
-0.0148502
0.00223947
0.988503
-0.0201876
-0.00238793
0.987768
-0.0222949
-0.00888898
0.987467
-0.0234593
-0.0158955
0.985822
-0.0246483
-0.0230282
0.981424
-0.0245287
-0.0283116
0.976312
-0.0254447
-0.0343732
0.971731
-0.0263784
-0.0401242
0.966564
-0.0226594
-0.0465343
0.963123
-0.0178712
-0.0527838
0.95965
-0.0132496
-0.0596053
0.955928
-0.00976653
-0.0665458
0.951925
-0.00624096
-0.0709783
0.946567
-0.00164506
-0.0751543
0.94071
0.00325644
-0.0793969
0.934259
0.00874774
-0.0837945
0.926987
0.012982
-0.0879441
0.918243
0.0159835
-0.0942179
0.909987
0.0191721
-0.0973544
0.900636
0.0237547
-0.100635
0.894081
0.028255
-0.101906
0.889079
0.0327975
-0.10231
0.885642
0.0357498
-0.102227
0.882539
0.0384583
-0.102473
0.879056
0.0397736
-0.10216
0.874751
0.0401291
-0.102314
0.870359
0.0373804
-0.100829
0.867016
0.0329179
-0.0988231
0.864573
0.027969
-0.0960885
0.862882
0.024202
-0.0938714
0.86126
0.022292
-0.0916056
0.860119
0.0220489
-0.0877744
0.858198
0.0217049
-0.0827647
0.857313
0.0231265
-0.0771259
0.856298
0.0257869
-0.0682218
0.854091
0.0305875
-0.0594735
0.851595
0.0367684
-0.0515431
0.85037
0.0429216
-0.0456894
0.850593
0.0472889
-0.0397024
0.851501
0.0497564
-0.0314041
0.854834
0.0495194
-0.022942
0.857122
0.0481312
-0.0154419
0.857616
0.047524
-0.00979621
0.857608
0.0476292
-0.00305147
0.8571
0.0479143
0.00331154
0.857487
0.0480415
0.0103928
0.859115
0.0470986
0.0181615
0.860936
0.0440653
0.0238115
0.860789
0.0410913
0.0275516
0.861571
0.0399705
0.0323711
0.862688
0.0386543
0.039405
0.863081
0.0344547
0.0448835
0.865632
0.0283725
0.0488895
0.868107
0.0216279
0.0521401
0.870617
0.0137116
0.0543751
0.873176
0.00535829
0.0549659
0.874518
-0.00231892
0.0543898
0.875065
-0.00901695
0.0529179
0.875396
-0.0149287
0.0487813
0.875588
-0.0204636
0.0438845
0.875279
-0.0246303
0.0375972
0.872339
-0.0260397
0.0310854
0.867985
-0.0258102
0.0245125
0.866933
-0.0241549
0.019559
0.87128
-0.0258907
0.0153792
0.87802
-0.0269561
0.011754
0.884262
-0.0257334
0.00715506
0.891163
-0.0235878
0.00146301
0.897038
-0.0197513
-0.00427649
0.902192
-0.0157498
-0.0102739
0.906965
-0.0126162
-0.0165511
0.910992
-0.00794457
-0.022378
0.914214
-0.00149536
-0.0291489
0.916295
0.0055318
-0.0360807
0.918282
0.0132504
-0.0425771
0.920932
0.0196315
-0.0477143
0.922803
0.0263969
-0.0536552
0.924773
0.0330504
-0.0584307
0.926267
0.0398323
-0.0614742
0.926102
0.0463234
-0.0608533
0.925165
0.0509428
-0.0592092
0.925565
0.0532265
-0.0577655
0.926776
0.0519168
-0.0553853
0.928178
0.0496995
-0.0533238
0.929061
0.0478192
-0.0528676
0.93127
0.0461791
-0.0536184
0.933611
0.0444698
-0.0547108
0.935353
0.0436824
-0.0554557
0.93589
0.0452325
-0.0556198
0.934444
0.0468951
-0.054376
0.934203
0.0445429
-0.0536147
0.936176
0.0420524
-0.0524108
0.937888
0.0409319
-0.0519263
0.939352
0.0410831
-0.0517102
0.941008
0.0418963
-0.0518439
0.942586
0.0414505
-0.0513623
0.944895
0.0390001
-0.0494426
0.946545
0.0330809
-0.046341
0.947621
0.0264395
-0.0446941
0.94641
0.0199762
-0.0448014
0.946802
0.0133849
-0.0445427
0.946796
0.00854288
-0.0433478
0.94671
0.00491724
-0.0435403
0.947075
0.00087294
-0.0426137
0.946794
-0.00178617
-0.0414645
0.945978
-0.00303896
-0.0397823
0.945989
-0.00401332
-0.0399218
0.947298
-0.00659201
-0.0399855
0.950146
-0.00937383
-0.0380238
0.953183
-0.0108664
-0.0352256
0.957429
-0.0102532
-0.0335687
0.961998
-0.00935374
-0.0309628
0.966541
-0.00803038
-0.0284024
0.971402
-0.00753674
-0.0256392
0.976319
-0.00497661
-0.0221624
0.980273
-0.00167656
-0.0169188
0.984392
0.000992771
-0.0119247
0.987892
0.00498415
-0.00949968
0.989579
0.00739816
-0.00470158
0.989178
0.00979333
0.000399954
0.98902
0.0108209
0.00506248
0.989018
0.0108331
0.0107988
0.989524
0.0111225
0.0161847
0.990349
0.0110945
0.0229012
0.991447
0.0107289
0.0285212
0.992358
0.00737738
0.0337752
0.993048
0.00206371
0.0413241
0.992944
-0.00405468
0.0471274
0.992383
-0.011786
0.0525383
0.990136
-0.0196673
0.0557911
0.987561
-0.0277822
0.0587016
0.984708
-0.0340809
0.0613121
0.980616
-0.0379656
0.0633314
0.973902
-0.0400431
0.0660864
0.965156
-0.0370441
0.0690322
0.956408
-0.0307874
0.0729133
0.949132
-0.0238349
0.0764987
0.943031
-0.0163745
0.0795045
0.938083
-0.00789421
0.082098
0.933092
-0.0008157
0.0837223
0.928175
0.00602261
0.0840288
0.920539
0.0132601
0.082953
0.908612
0.0190854
0.0807198
0.89621
0.0239722
0.0745212
0.887256
0.0266752
0.0696485
0.879525
0.0289946
0.0640516
0.872696
0.0322475
0.0590206
0.867376
0.0346249
0.0537517
0.863526
0.0352955
0.0473634
0.860133
0.0351201
0.0407244
0.857384
0.0328984
0.0351259
0.855264
0.0302329
0.0294912
0.853824
0.0260214
0.024584
0.852788
0.0209577
0.0203665
0.851654
0.0147285
0.017442
0.850809
0.00776335
0.0145706
0.850707
0.00151117
0.0129151
0.851031
-0.00365794
0.0106303
0.851454
-0.00871145
0.00820919
0.853006
-0.0145811
0.00606635
0.855323
-0.0194223
0.00416298
0.857322
-0.0232588
0.00298492
0.859777
-0.0264279
0.00156199
0.862539
-0.0291697
1.81834e-05
0.864373
-0.0322737
-0.00166826
0.867237
-0.0349218
-0.000360765
0.868836
-0.0391977
-0.000734538
0.871455
-0.0439962
-0.00217689
0.87402
-0.0480197
-0.00265221
0.876509
-0.0505774
-0.00309982
0.878764
-0.0521402
-0.00407144
0.881108
-0.0519786
-0.00462631
0.882668
-0.0508951
-0.00532847
0.884861
-0.0458377
-0.0049877
0.88439
-0.0365358
-0.00512334
0.882869
-0.0257857
-0.00510242
0.880645
-0.0151783
-0.00518567
0.87702
-0.00511006
-0.004189
0.870822
0.00326847
-0.00454467
0.863484
0.00923099
-0.00648528
0.854245
0.0121877
-0.00837133
0.845506
0.0128545
-0.0090976
0.839135
0.0110113
-0.00934067
0.833863
0.00775342
-0.01057
0.83028
0.00522198
-0.0127127
0.826145
9.26568e-05
-0.0135648
0.820178
-0.00685859
-0.0143594
0.814276
-0.0142561
-0.0147974
0.809073
-0.0223008
-0.0153478
0.805755
-0.0301839
-0.0151921
0.804129
-0.0357805
-0.014254
0.803493
-0.0392824
-0.0108101
0.802556
-0.0420538
-0.00443934
0.803543
-0.0450023
0.000609272
0.805525
-0.0482222
0.00620734
0.807742
-0.0487067
0.0111932
0.810219
-0.0466664
0.0156529
0.812632
-0.0407516
0.0181499
0.816103
-0.0310775
0.0185605
0.81957
-0.0204447
0.0169873
0.821591
-0.00905303
0.0155899
0.823552
0.00213174
0.0146091
0.826891
0.0127695
0.0124597
0.832951
0.0210167
0.00918027
0.841239
0.0274828
0.00838716
0.849251
0.0341835
0.00832307
0.857302
0.0429807
0.00715081
0.863819
0.051817
0.00507735
0.868316
0.0599141
0.00575926
0.871664
0.0674741
0.00772426
0.875867
0.072648
0.00878687
0.883071
0.0759724
0.00975245
0.890378
0.0787022
0.00966132
0.898313
0.0805324
0.00886199
0.907533
0.0807479
0.0091257
0.915365
0.0793892
0.00969909
0.921852
0.077419
0.0124104
0.926312
0.0753061
0.0115593
0.928706
0.0741148
0.013348
0.929253
0.072695
0.0163668
0.92863
0.0686245
0.0188567
0.928504
0.0632401
0.0210046
0.928785
0.0569482
0.0227426
0.930549
0.0497658
0.0244845
0.932072
0.0431554
0.0277973
0.932853
0.0379604
0.0311492
0.93243
0.0350542
0.0322261
0.931835
0.0344493
0.0339702
0.930278
0.0349069
0.0359151
0.928037
0.0349381
0.0376551
0.925529
0.0323486
0.0394581
0.923851
0.0278852
0.0391168
0.922709
0.0232428
0.0396312
0.921443
0.0194218
0.0411543
0.91933
0.0162686
0.0421643
0.917084
0.0124878
0.0411982
0.916569
0.00814306
0.0405313
0.919484
0.00439481
0.0410285
0.920209
-0.000704229
0.0394256
0.918712
-0.0062495
0.0377786
0.918608
-0.0115604
0.0375541
0.920117
-0.0175268
0.0405323
0.922334
-0.0249539
0.0410603
0.92622
-0.0331598
0.0413396
0.929154
-0.0402335
0.0419109
0.933064
-0.0458667
0.0421423
0.937101
-0.050384
0.0431868
0.941412
-0.0532324
0.0432201
0.946824
-0.0554563
0.043156
0.951395
-0.0561013
0.0434405
0.956255
-0.0561119
0.042929
0.962354
-0.0568004
0.0442748
0.969611
-0.0545182
0.0473099
0.975813
-0.05002
0.0506212
0.979783
-0.0441937
0.053135
0.982707
-0.0377433
0.055059
0.984813
-0.0305199
0.0572895
0.987404
-0.0228799
0.0585875
0.990234
-0.015654
0.0596543
0.992294
-0.00807376
0.0600658
0.991017
0.000395902
0.0613883
0.990465
0.00847732
0.0629113
0.990371
0.016494
0.0641243
0.991234
0.0250632
0.0654891
0.993396
0.0333447
0.066402
0.994789
0.0396259
0.0671998
0.995279
0.0448398
0.0670771
0.993051
0.0506163
0.0678204
0.99116
0.0577155
0.0643944
0.989327
0.0629106
0.0610029
0.988753
0.0664741
0.0580725
0.987289
0.0698778
0.0558592
0.981758
0.0761334
0.0546693
0.973563
0.0832524
0.0550812
0.965426
0.0882455
0.0563002
0.957683
0.0918358
0.0580014
0.950948
0.0936804
0.060225
0.944801
0.0946817
0.0621434
0.938611
0.0948759
0.0632125
0.932649
0.0944609
0.0653188
0.927286
0.0930157
0.0686985
0.92227
0.0902485
0.071208
0.917306
0.0864281
0.0731287
0.912729
0.0825748
0.0751975
0.907286
0.0765906
0.0772805
0.900335
0.070743
0.078827
0.891931
0.0646067
0.0793538
0.881252
0.058055
0.0784823
0.869504
0.0527005
0.0787007
0.862916
0.0490048
0.0776462
0.855197
0.0422157
0.0759285
0.849591
0.0329966
0.0712115
0.844862
0.0254266
0.0679995
0.841623
0.0198039
0.0658502
0.839148
0.0155997
0.063346
0.83702
0.0116553
0.0599495
0.834865
0.0069397
0.0565528
0.832004
0.00100644
0.0536376
0.830505
-0.006201
0.052214
0.829414
-0.0131621
0.0513024
0.828039
-0.0209187
0.0484976
0.825353
-0.0295726
0.0442295
0.823014
-0.0366193
0.0367694
0.820322
-0.0417836
0.0285103
0.817669
-0.0465086
0.0203142
0.81511
-0.0526007
0.0118613
0.81223
-0.0607922
0.00265922
0.809589
-0.0713854
-0.00512092
0.807355
-0.0807173
-0.0118821
0.806256
-0.0887363
-0.0194461
0.806358
-0.096503
-0.0261924
0.807759
-0.10266
-0.0305784
0.810207
-0.104347
-0.0362135
0.812606
-0.104186
-0.0417552
0.812947
-0.103864
-0.0461322
0.81293
-0.100953
-0.0508416
0.813257
-0.0961682
-0.0554094
0.815282
-0.0882026
-0.0586342
0.818484
-0.0783214
-0.0611537
0.822464
-0.0677002
-0.0636706
0.825533
-0.0573402
-0.0656414
0.82776
-0.0469748
-0.0660704
0.829448
-0.0365605
-0.0658446
0.830348
-0.0249053
-0.0645826
0.832114
-0.0114626
-0.0621448
0.833387
0.00181301
-0.0579406
0.835804
0.0135169
-0.0538132
0.838262
0.0223042
-0.0506341
0.83854
0.0303222
-0.0497698
0.839202
0.0352688
-0.0493251
0.846101
0.0386373
-0.0538885
0.854255
0.0437141
-0.0569531
0.859099
0.0488928
-0.0588766
0.864181
0.0544632
-0.0587917
0.871727
0.0611508
-0.0582062
0.880074
0.0653109
-0.0577269
0.888566
0.0663228
-0.0573493
0.896443
0.0651012
-0.0570621
0.903296
0.0621398
-0.0556777
0.907956
0.0577645
-0.0539107
0.911377
0.0535575
-0.0511285
0.914108
0.0486085
-0.0493434
0.916278
0.043113
-0.0469166
0.918447
0.0370299
-0.0440042
0.919627
0.0301522
-0.0420932
0.919188
0.0224157
-0.0396896
0.917152
0.0150907
-0.0376673
0.914439
0.00779093
-0.0363267
0.910728
0.000586977
-0.0343797
0.903896
-0.00744952
-0.0339981
0.89641
-0.015431
-0.0346515
0.889142
-0.0215363
-0.0347765
0.881717
-0.026592
-0.0354436
0.873649
-0.030762
-0.0365559
0.862749
-0.0308471
-0.038305
0.849465
-0.0268851
-0.039942
0.835957
-0.0223332
-0.0415957
0.825244
-0.0181949
-0.0440682
0.818206
-0.0149018
-0.0458492
0.813849
-0.0111093
-0.0488029
0.811948
-0.00459077
-0.0531925
0.810863
0.00335547
-0.0593308
0.811456
0.0115604
-0.0642336
0.812342
0.0198272
-0.0682601
0.813138
0.0280386
-0.0721941
0.815585
0.0371013
-0.075163
0.819434
0.0461239
-0.0769974
0.825069
0.0544215
-0.0788622
0.832926
0.060946
-0.0796535
0.841503
0.0663809
-0.0799824
0.850142
0.0707759
-0.0799232
0.859142
0.0737161
-0.0783386
0.869744
0.0741125
-0.077475
0.880306
0.072461
-0.0790124
0.88817
0.0714404
-0.0813121
0.895068
0.0698821
-0.0845049
0.901378
0.0659741
-0.0895801
0.904921
0.0584089
-0.0944713
0.907079
0.0502373
-0.0969356
0.910147
0.0434908
-0.0931129
0.916885
0.0368822
-0.0874264
0.92467
0.0306964
-0.081225
0.932331
0.0255515
-0.0734685
0.939769
0.0208225
-0.064621
0.948198
0.0162162
-0.0545177
0.955041
0.0151814
-0.0437769
0.95904
0.0151639
-0.035255
0.961811
0.0155247
-0.025086
0.962833
0.014814
-0.0160549
0.963612
0.0120005
-0.00707881
0.96218
0.00526308
0.000952347
0.960174
-0.00467949
0.0071953
0.95871
-0.0129351
0.0134993
0.956085
-0.0187673
0.0181941
0.953523
-0.0241202
0.0227866
0.949223
-0.0283159
0.0263246
0.946653
-0.030546
0.0269299
0.947892
-0.0337695
0.0269294
0.949714
-0.0375832
0.0270061
0.949236
-0.0429515
0.0267206
0.946635
-0.0502153
0.026377
0.944877
-0.0580436
0.0263711
0.946108
-0.0665152
0.026567
0.947625
-0.0735317
0.0257805
0.948733
-0.0810394
0.0253973
0.950072
-0.0891001
0.0259341
0.951065
-0.0978509
0.0261099
0.948616
-0.105806
0.0305254
0.943613
-0.112561
0.0339438
0.941162
-0.118269
0.0364365
0.940091
-0.12049
0.0390016
0.937944
-0.119139
0.0414221
0.935766
-0.109561
0.0438395
0.935255
-0.0961952
0.0457199
0.935153
-0.0860792
0.0479693
0.933689
-0.0760633
0.0491896
0.932267
-0.0687687
0.0498336
0.932381
-0.0656387
0.0517614
0.931865
-0.0620309
0.0507412
0.930198
-0.0559136
0.050999
0.925951
-0.049257
0.0536843
0.92007
-0.0432339
0.0562704
0.912558
-0.0373496
0.0587937
0.904258
-0.0311188
0.0612832
0.895954
-0.0245347
0.061276
0.8888
-0.0205596
0.0616994
0.881072
-0.0188228
0.0630137
0.873388
-0.0156077
0.0640592
0.865701
-0.0101137
0.0647845
0.858503
-0.00353818
0.0644543
0.85233
0.00400349
0.0633701
0.848434
0.0130212
0.0632452
0.846833
0.0208184
0.0616372
0.845282
0.0283728
0.0587264
0.847877
0.0386744
0.0519875
0.852059
0.0483466
0.0473332
0.855811
0.0571707
0.0447899
0.860814
0.0642512
0.0428143
0.868623
0.0694995
0.0373951
0.877198
0.0709145
0.0324237
0.887847
0.0719847
0.0291562
0.898773
0.0731272
0.0261338
0.909601
0.0737537
0.0225945
0.920247
0.0742296
0.0191924
0.931011
0.0748618
0.0159684
0.941684
0.0756652
0.0133563
0.952005
0.0752595
0.0142003
0.960163
0.0697329
0.0136266
0.968348
0.0628498
0.0133224
0.974227
0.0578384
0.0130449
0.977235
0.0540239
0.0137231
0.979525
0.0513273
0.0147375
0.98057
0.0484143
0.0154054
0.980042
0.0447676
0.0143273
0.979472
0.0379662
0.0132473
0.98294
0.0285988
0.0146695
0.986655
0.016827
0.0170598
0.988377
0.00865821
0.0204477
0.985718
0.00443638
0.0224891
0.978672
0.0013526
0.0225107
0.97509
-0.00617515
0.0205093
0.975637
-0.0170386
0.018412
0.975498
-0.0265404
0.0164461
0.973538
-0.0335829
0.0139349
0.969417
-0.0379475
0.0106134
0.961299
-0.0404149
0.00759495
0.951133
-0.0410572
0.00444746
0.939815
-0.0405819
0.000166065
0.928931
-0.039835
-0.00268024
0.920406
-0.0390395
-0.00556258
0.912113
-0.0375349
-0.00808965
0.901351
-0.0350298
-0.0106945
0.891576
-0.033401
-0.0127026
0.884098
-0.031545
-0.0135427
0.877406
-0.0291078
-0.0142236
0.871946
-0.0265857
-0.0141368
0.866232
-0.0228254
-0.0143573
0.860462
-0.0189703
-0.0149835
0.855092
-0.0149353
-0.017152
0.850172
-0.00770183
-0.0217513
0.849406
0.00301201
-0.0275658
0.853175
0.0118377
-0.0341042
0.861399
0.0182578
-0.039406
0.870257
0.0260429
-0.0458734
0.879896
0.0339475
-0.0520907
0.889541
0.0394237
-0.0575562
0.8994
0.0438358
-0.0627526
0.908594
0.048514
-0.0670098
0.916549
0.0537788
-0.0712624
0.924796
0.0589238
-0.0752043
0.932858
0.0629184
-0.0776082
0.940447
0.0661156
-0.078959
0.945829
0.0671338
-0.0798024
0.950017
0.0673786
-0.0806331
0.951919
0.0678759
-0.0803738
0.954359
0.06883
-0.0793476
0.957159
0.06949
-0.0784427
0.959013
0.0698814
-0.077009
0.959391
0.0702066
-0.0774236
0.961187
0.0704336
-0.0735741
0.968371
0.0668621
-0.0666892
0.976935
0.0628294
-0.0598254
0.982211
0.0595453
-0.0513527
0.987215
0.056979
-0.0408366
0.992049
0.0541655
-0.0290788
0.996326
0.0511338
-0.0197161
0.995101
0.0469568
-0.00966068
0.989505
0.0425125
8.00119e-05
0.985084
0.0358793
0.00871884
0.983277
0.0276882
0.0168989
0.982181
0.0179071
0.0229121
0.983256
0.00604165
0.0248632
0.985448
-0.00505498
0.0264218
0.983474
-0.0139406
0.0256673
0.976388
-0.0187208
0.022888
0.965343
-0.0172403
0.0212213
0.954709
-0.010925
0.0205778
0.946907
0.000976284
0.0219872
0.939053
0.0142131
0.022967
0.931088
0.0277729
0.0231439
0.922791
0.0415986
0.0209861
0.91704
0.0540378
0.0177784
0.915377
0.0625809
0.0113092
0.919108
0.0678859
0.00405646
0.921343
0.0724043
-0.0049538
0.922715
0.0757841
-0.0151237
0.923322
0.0748285
-0.0257788
0.925174
0.0753574
-0.0358856
0.929395
0.0770657
-0.0449936
0.935112
0.0781351
-0.0532233
0.940036
0.077025
-0.0607323
0.944916
0.0723707
-0.0676833
0.950526
0.066747
-0.073092
0.954688
0.0617061
-0.0754104
0.955372
0.05807
-0.0803254
0.955794
0.052489
-0.0854127
0.955938
0.0450573
-0.0872491
0.956838
0.0389459
-0.0883108
0.958734
0.0328388
-0.089177
0.959871
0.0273552
-0.0911696
0.960126
0.0209107
-0.0933618
0.960138
0.0117719
-0.0942227
0.961253
0.00520892
-0.0943374
0.960937
0.00231447
-0.0949763
0.961205
-0.000201259
-0.0963531
0.962053
-0.00624475
-0.0996997
0.964822
-0.0145975
-0.103133
0.966887
-0.0228157
-0.107144
0.967272
-0.0314217
-0.110572
0.964985
-0.0395088
-0.112355
0.963441
-0.04769
-0.114001
0.961101
-0.0557652
-0.113963
0.956567
-0.0619694
-0.112473
0.949058
-0.06349
-0.110945
0.940866
-0.0618894
-0.109637
0.933418
-0.0629675
-0.109564
0.925695
-0.0644053
-0.110779
0.917176
-0.0643734
-0.111179
0.907734
-0.0638282
-0.112076
0.897728
-0.0636367
-0.111615
0.888494
-0.0644395
-0.109728
0.879706
-0.0650184
-0.106145
0.871452
-0.0639316
-0.0987915
0.867216
-0.062431
-0.0917618
0.866508
-0.060671
-0.0859155
0.869354
-0.0591377
-0.0816871
0.873139
-0.0574152
-0.0772877
0.876778
-0.0552984
-0.0733976
0.879899
-0.052679
-0.0700693
0.882478
-0.0492343
-0.0676771
0.883592
-0.045402
-0.0672596
0.887854
-0.0424305
-0.0720825
0.894834
-0.0415811
-0.0787065
0.899297
-0.0406677
-0.0854591
0.901331
-0.0410451
-0.0921998
0.902467
-0.0411274
-0.100425
0.903578
-0.0412596
-0.108166
0.903945
-0.040541
-0.116128
0.903089
-0.0384134
-0.123395
0.900023
-0.0345845
-0.127914
0.894418
-0.0291983
-0.127918
0.887207
-0.0225099
-0.126377
0.880063
-0.0145384
-0.121296
0.874701
-0.00731413
-0.115646
0.871772
-0.00107556
-0.10955
0.86974
0.00424719
-0.10294
0.866866
0.00899717
-0.0955266
0.863389
0.0131791
-0.0871315
0.859523
0.0168201
-0.0801952
0.855933
0.0193394
-0.0731254
0.852802
0.0203835
-0.0663497
0.849547
0.0209489
-0.0591726
0.84633
0.0214817
-0.0517229
0.842908
0.0215949
-0.0430088
0.839372
0.0207831
-0.0345791
0.836357
0.0191288
-0.0272688
0.834898
0.0172759
-0.0185146
0.833929
0.0152549
-0.00928289
0.833119
0.0131876
-0.000520965
0.835361
0.0107406
0.00831523
0.838833
0.00798678
