-0.100022
1.00002
-0.050077
-0.100022
1.00002
-0.050077
-0.100379
1.00005
-0.0498729
-0.101041
1.00018
-0.0492156
-0.101637
1.00025
-0.0487625
-0.102174
1.00031
-0.0483434
-0.10267
1.00026
-0.0479391
-0.103104
1.00022
-0.0475477
-0.103382
1.00013
-0.0472139
-0.102848
0.998524
-0.0461778
-0.10247
0.991687
-0.0448649
-0.101369
0.982075
-0.0443004
-0.0996568
0.975082
-0.043993
-0.0967318
0.969401
-0.0440722
-0.09278
0.964276
-0.0439174
-0.0884014
0.959474
-0.0441563
-0.0841426
0.954214
-0.0448014
-0.0790706
0.949031
-0.0455285
-0.074181
0.944123
-0.0451824
-0.0692717
0.940186
-0.0443086
-0.064925
0.937708
-0.0442476
-0.0621222
0.937433
-0.043085
-0.061185
0.939572
-0.0433886
-0.0650529
0.942554
-0.0459556
-0.0695456
0.944798
-0.0480932
-0.073132
0.947258
-0.0500238
-0.0765372
0.949461
-0.0563289
-0.0764632
0.948505
-0.0639949
-0.0766691
0.947982
-0.0675591
-0.0770259
0.948382
-0.0685342
-0.0778149
0.948905
-0.0687828
-0.0790536
0.948787
-0.0687246
-0.0801402
0.949184
-0.0738171
-0.0812345
0.951496
-0.0854063
-0.0812997
0.951633
-0.0940673
-0.0772664
0.949281
-0.0998884
-0.0702212
0.943784
-0.102311
-0.0637905
0.936816
-0.102429
-0.0572743
0.929108
-0.0987064
-0.0506183
0.923341
-0.0917689
-0.0452008
0.920227
-0.083273
-0.0398291
0.919257
-0.0744026
-0.0351324
0.918192
-0.0671518
-0.0309975
0.915167
-0.061328
-0.0258569
0.911572
-0.0582832
-0.0201258
0.90722
-0.0584666
-0.0150233
0.90358
-0.0601655
-0.0109957
0.900379
-0.0627105
-0.00827208
0.898919
-0.0636469
-0.00744424
0.897039
-0.0641978
-0.0073791
0.8967
-0.0640566
-0.00737977
0.896691
-0.0640172
-0.00988267
0.896983
-0.0631599
-0.0125366
0.896456
-0.0635595
-0.0122521
0.895135
-0.0692013
-0.0108689
0.895587
-0.0746132
-0.00717743
0.896247
-0.078271
-0.00431422
0.897028
-0.0807467
-0.0028008
0.898019
-0.0833413
-0.000997573
0.898241
-0.0871391
-0.000453834
0.89863
-0.0917447
-0.000507431
0.899298
-0.0964865
0.000160346
0.898744
-0.101302
0.0014781
0.896549
-0.104813
0.00234578
0.892812
-0.108349
0.00410455
0.890556
-0.11184
0.00705534
0.889807
-0.114903
0.0111205
0.889996
-0.117317
0.0150305
0.889761
-0.119503
0.0186715
0.88847
-0.12156
0.0225608
0.888602
-0.125752
0.02589
0.891829
-0.132145
0.0286582
0.894951
-0.136421
0.0304655
0.898236
-0.14026
0.0314877
0.903285
-0.146112
0.0314081
0.90769
-0.151997
0.0314746
0.910931
-0.155814
0.0293013
0.914492
-0.155475
0.0270537
0.919847
-0.151819
0.0260496
0.923725
-0.145091
0.0254309
0.926312
-0.134065
0.0261227
0.9289
-0.120598
0.0274092
0.931383
-0.107955
0.0261863
0.934643
-0.0986386
0.0257926
0.936742
-0.0918652
0.0258027
0.937145
-0.0889931
0.0256613
0.93722
-0.0880943
0.0253995
0.936936
-0.0878196
0.0254995
0.936417
-0.0871097
0.0252259
0.936346
-0.0868455
0.0248289
0.936082
-0.0867442
0.0253204
0.934832
-0.0869101
0.0272943
0.933611
-0.086256
0.0287747
0.932749
-0.0855314
0.0307353
0.931947
-0.0825988
0.0329829
0.931042
-0.0786033
0.0338718
0.931404
-0.0735829
0.0335075
0.934961
-0.0683048
0.0348047
0.938184
-0.0649468
0.0365532
0.94188
-0.0640487
0.037387
0.945815
-0.0617114
0.0403595
0.94851
-0.0600694
0.0421776
0.952216
-0.0575248
0.0431972
0.958434
-0.0557085
0.0417433
0.96575
-0.0566149
0.0406084
0.973701
-0.0584872
0.0400241
0.980405
-0.0580312
0.0422561
0.983722
-0.0551912
0.041349
0.986103
-0.0531829
0.0389671
0.987028
-0.0484958
0.035759
0.984317
-0.0426398
0.0301509
0.979486
-0.0371486
0.0238431
0.972812
-0.0334367
0.0171546
0.965217
-0.0308413
0.0111749
0.957114
-0.0275237
0.00544912
0.948921
-0.0242769
-0.000811789
0.940684
-0.0228737
-0.00631204
0.932408
-0.023751
-0.0125097
0.923879
-0.0265246
-0.0168365
0.915637
-0.02818
-0.0191937
0.907718
-0.0279255
-0.0213676
0.901432
-0.0277229
-0.0212714
0.896516
-0.0274828
-0.0176661
0.894171
-0.0288234
-0.0149682
0.894182
-0.0297295
-0.00907186
0.894332
-0.0297887
-0.00440668
0.894294
-0.0297962
-0.000604569
0.894631
-0.0304653
0.00194612
0.895746
-0.0319075
0.00457218
0.897647
-0.0345218
0.00721679
0.899389
-0.0395516
0.0124071
0.899307
-0.044832
0.0192829
0.898342
-0.0511357
0.0278423
0.897177
-0.0544874
0.0337093
0.896479
-0.0549518
0.0380864
0.897583
-0.0557395
0.0422156
0.90461
-0.0634189
0.0453163
0.909101
-0.0732356
0.0489967
0.912489
-0.0795663
0.0547058
0.91214
-0.0866995
0.0614346
0.905715
-0.0903716
0.0647568
0.898799
-0.0961717
0.0671376
0.891154
-0.104043
0.067502
0.882263
-0.112583
0.0632468
0.874948
-0.120667
0.0558471
0.870666
-0.127262
0.0476261
0.868722
-0.132762
0.0389696
0.868314
-0.138256
0.029524
0.867449
-0.142198
0.0186132
0.865263
-0.144131
0.00657072
0.863231
-0.144225
-0.0018052
0.863619
-0.144071
-0.00607563
0.868101
-0.143131
-0.00823885
0.872855
-0.142933
-0.0118299
0.875984
-0.142735
-0.0201597
0.877437
-0.143834
-0.0287392
0.877243
-0.146183
-0.0372801
0.877612
-0.147378
-0.045906
0.87937
-0.147777
-0.0539221
0.884771
-0.143662
-0.0588175
0.889745
-0.136037
-0.0619914
0.892297
-0.125622
-0.061258
0.89343
-0.114126
-0.0606491
0.89468
-0.101594
-0.0600401
0.896069
-0.0888284
-0.0586812
0.897571
-0.0759554
-0.0569292
0.898614
-0.0637594
-0.053242
0.899772
-0.0524768
-0.0474883
0.899812
-0.0416235
-0.0404341
0.898569
-0.0324502
-0.0319239
0.896257
-0.0239372
-0.0230776
0.894357
-0.0172879
-0.0141712
0.893568
-0.0131772
-0.00464898
0.893166
-0.0116619
0.00511759
0.893402
-0.0118683
0.0144697
0.894959
-0.013741
0.0212868
0.898387
-0.0188403
0.0271765
0.903762
-0.0296125
0.031761
0.910349
-0.041161
0.0343256
0.916371
-0.0511592
0.036413
0.92244
-0.0603488
0.0374291
0.928993
-0.0705944
0.0384431
0.935538
-0.0808516
0.0362117
0.940121
-0.0893903
0.0319303
0.942626
-0.0966297
0.0265182
0.945019
-0.103618
0.0197267
0.948025
-0.110854
0.0125986
0.951238
-0.118595
0.00353852
0.953753
-0.125138
-0.00577929
0.955508
-0.127233
-0.0152858
0.956876
-0.126738
-0.024976
0.959227
-0.123423
-0.0356434
0.961787
-0.120357
-0.0448768
0.964346
-0.113725
-0.0515325
0.96495
-0.102831
-0.056866
0.965141
-0.089453
-0.0604391
0.966905
-0.0783205
-0.0585721
0.970117
-0.0659599
-0.0516264
0.972623
-0.0532064
-0.0442766
0.974007
-0.0412786
-0.0357523
0.973468
-0.029281
-0.0268429
0.97457
-0.0188918
-0.0229223
0.97986
-0.0130912
-0.0206375
0.990408
-0.0149177
-0.0170693
1.00053
-0.019006
-0.0140663
1.00179
-0.0161799
-0.0110007
1.0004
-0.0119397
-0.00363699
1.00089
-0.0101553
0.0031687
1.00087
-0.00948887
0.00802552
1.00029
-0.0134729
0.0111989
1.00075
-0.0198706
0.0130397
1.00074
-0.0285932
0.0142817
0.99916
-0.0380862
0.0146163
0.996467
-0.0474767
0.0148064
0.992745
-0.0554236
0.0146214
0.988066
-0.0642854
0.0133403
0.981168
-0.071436
0.0119864
0.972823
-0.0759261
0.011344
0.965156
-0.0791837
0.0111485
0.957615
-0.0814618
0.0110628
0.949336
-0.0828932
0.0112176
0.940502
-0.0849821
0.0112355
0.931803
-0.0887834
0.0113906
0.921296
-0.093113
0.0148727
0.910356
-0.0980978
0.0184963
0.901907
-0.100805
0.0199237
0.89447
-0.0996902
0.0227463
0.888432
-0.0971614
0.0236193
0.885091
-0.0925742
0.0252486
0.881437
-0.0882141
0.0307591
0.87763
-0.0841086
0.0366952
0.875783
-0.0815474
0.0430769
0.871992
-0.0794143
0.0484549
0.866684
-0.0710196
0.0543284
0.864259
-0.0615598
0.0615978
0.865158
-0.0539999
0.0720563
0.867511
-0.0478015
0.0842325
0.873154
-0.0418396
0.0963445
0.880136
-0.0329785
0.104244
0.886227
-0.0226698
0.110123
0.893534
-0.0126723
0.116114
0.901532
-0.00265687
0.121853
0.909399
0.00721818
0.124385
0.917902
0.0165279
0.124351
0.924292
0.0209607
0.121922
0.9282
0.0244871
0.11851
0.929858
0.0281625
0.112287
0.931716
0.031687
0.105377
0.932057
0.0334835
0.0982147
0.930071
0.0345128
0.09163
0.926763
0.0343938
0.082932
0.925443
0.0321865
0.0745772
0.923405
0.0283219
0.06744
0.919472
0.0259482
0.0597213
0.915335
0.0236238
0.0517161
0.911384
0.0202297
0.0445333
0.906093
0.0164227
0.0378897
0.900358
0.0103443
0.0325453
0.894395
0.00392132
0.0286438
0.889943
-0.00329534
0.0264147
0.88593
-0.0114731
0.0252778
0.882823
-0.0204019
0.0251488
0.88092
-0.0295803
0.0273153
0.879433
-0.0390822
0.0297971
0.879301
-0.048378
0.0329408
0.880393
-0.0568031
0.03661
0.881469
-0.065355
0.0404325
0.883161
-0.0734983
0.0452037
0.885883
-0.0806399
0.0544182
0.888555
-0.0858568
0.0640122
0.891115
-0.0915559
0.0727741
0.893735
-0.0978934
0.0811687
0.896201
-0.103061
0.0892201
0.898317
-0.107613
0.0988458
0.900529
-0.110539
0.108493
0.902295
-0.113191
0.116585
0.904847
-0.115447
0.120203
0.909518
-0.118515
0.121689
0.91361
-0.11964
0.123437
0.914474
-0.1201
0.124328
0.913171
-0.121944
0.125131
0.910054
-0.123336
0.127887
0.904888
-0.125457
0.131493
0.89916
-0.128224
0.134133
0.898155
-0.131297
0.135984
0.903524
-0.135161
0.134698
0.914579
-0.141185
0.132805
0.925566
-0.146413
0.131606
0.934341
-0.14928
0.129941
0.941457
-0.149293
0.127229
0.947495
-0.147955
0.124427
0.95251
-0.144683
0.122274
0.954917
-0.141552
0.120049
0.955218
-0.137544
0.118447
0.957015
-0.135406
0.117308
0.961962
-0.131443
0.120441
0.964405
-0.129652
0.120897
0.968532
-0.125048
0.119414
0.97017
-0.117491
0.116864
0.970576
-0.107212
0.109016
0.972028
-0.0969058
0.101984
0.971542
-0.0877878
0.0940276
0.969482
-0.0803345
0.0866621
0.967695
-0.0738548
0.0790633
0.963857
-0.0686831
0.0727833
0.957232
-0.0639451
0.0670433
0.949865
-0.0606265
0.0618993
0.942422
-0.0588595
0.0585865
0.93561
-0.0577769
0.0554883
0.929778
-0.0583115
0.0533504
0.925881
-0.0589234
0.0532061
0.921891
-0.0581901
0.054155
0.918237
-0.0563868
0.0560162
0.916011
-0.0562215
0.0574954
0.918085
-0.0596261
0.0599791
0.921629
-0.064393
0.0617653
0.924465
-0.0706844
0.0620292
0.925053
-0.0763112
0.062839
0.923436
-0.0818889
0.0655962
0.920165
-0.0879651
0.0701688
0.914609
-0.0938477
0.0753785
0.907953
-0.0984544
0.0785726
0.901435
-0.103658
0.0822113
0.894062
-0.109317
0.0870308
0.886376
-0.115417
0.089114
0.879725
-0.121548
0.0911793
0.875215
-0.127386
0.0928335
0.872197
-0.131741
0.0941975
0.86966
-0.135676
0.0949086
0.866684
-0.141192
0.0956386
0.861131
-0.145537
0.099892
0.854004
-0.146596
0.101988
0.848292
-0.148587
0.10126
0.846758
-0.15353
0.101449
0.848173
-0.158669
0.103893
0.850238
-0.160782
0.105025
0.852525
-0.159521
0.105279
0.854069
-0.153858
0.10432
0.856946
-0.145724
0.102697
0.860795
-0.141387
0.098689
0.864956
-0.138023
0.094766
0.868261
-0.135943
0.0916439
0.870833
-0.133934
0.0905634
0.871286
-0.130969
0.0901184
0.869482
-0.129079
0.0894929
0.867609
-0.127551
0.0890091
0.866977
-0.126611
0.0883783
0.863901
-0.125511
0.0893032
0.860276
-0.122371
0.0905516
0.856783
-0.118087
0.0907009
0.853364
-0.110952
0.0905213
0.850896
-0.10159
0.0897695
0.84958
-0.09086
0.0885112
0.848709
-0.0801269
0.0868073
0.848318
-0.0712206
0.0849442
0.8483
-0.0639294
0.0830993
0.849715
-0.0582543
0.0796136
0.85116
-0.053517
0.0767643
0.852687
-0.0489629
0.0756008
0.853661
-0.0453985
0.0766866
0.852818
-0.0415409
0.0804905
0.850198
-0.0360615
0.0846076
0.847478
-0.0296532
0.0892566
0.843945
-0.0226635
0.0942507
0.839792
-0.0164705
0.0982444
0.836311
-0.0106352
0.101731
0.833019
-0.00480796
0.104169
0.830104
-0.000746934
0.106336
0.827594
0.000797204
0.108502
0.825242
0.00128172
0.107849
0.822609
0.000899826
0.105765
0.821586
-0.00048335
0.103553
0.819631
-0.00179458
0.10074
0.81806
-0.00527398
0.0997461
0.814954
-0.00916181
0.0990117
0.813274
-0.0123669
0.0993611
0.812321
-0.0143596
0.100467
0.812187
-0.0159483
0.101521
0.812704
-0.0165191
0.103248
0.813818
-0.0153333
0.105347
0.815966
-0.0137906
0.106722
0.819191
-0.0128004
0.106795
0.822387
-0.0126159
0.105369
0.827805
-0.0136492
0.10372
0.833173
-0.0152993
0.101075
0.838914
-0.017729
0.0968093
0.846067
-0.0221749
0.0909837
0.853692
-0.0268751
0.0836207
0.860768
-0.0304555
0.0759937
0.867269
-0.0337725
0.067984
0.873043
-0.0375145
0.0627511
0.876502
-0.0445431
0.0595193
0.878713
-0.0543434
0.0577574
0.879972
-0.0623861
0.0572656
0.880956
-0.0711658
0.0570727
0.883478
-0.081124
0.0566472
0.888205
-0.0905366
0.0560008
0.894125
-0.0993138
0.0556376
0.899612
-0.108372
0.0549157
0.904513
-0.115743
0.0549666
0.906248
-0.119053
0.0543766
0.905475
-0.119444
0.0542009
0.902972
-0.120176
0.053499
0.90079
-0.121394
0.0565389
0.899062
-0.123181
0.0585391
0.898424
-0.127786
0.0584631
0.899236
-0.131918
0.0587474
0.901219
-0.134763
0.0588865
0.903639
-0.137317
0.0583296
0.905518
-0.140653
0.0581987
0.906569
-0.142802
0.057332
0.906439
-0.143733
0.0551955
0.905961
-0.14479
0.0542639
0.905447
-0.145784
0.0541698
0.904802
-0.146956
0.0536898
0.904491
-0.147939
0.0525544
0.904402
-0.149413
0.0538968
0.903924
-0.151879
0.0550686
0.903167
-0.154916
0.0551715
0.903583
-0.158489
0.0541886
0.902894
-0.159408
0.0549823
0.90091
-0.158378
0.0535504
0.899584
-0.157357
0.0521412
0.899753
-0.156477
0.0515863
0.900881
-0.163052
0.0509918
0.902559
-0.17189
0.0521184
0.901772
-0.176931
0.0519836
0.903305
-0.18336
0.0516847
0.907891
-0.191713
0.0488836
0.912609
-0.196283
0.0459369
0.917157
-0.191886
0.0424854
0.924307
-0.187712
0.0401838
0.931742
-0.182409
0.0383153
0.937157
-0.174483
0.036201
0.941178
-0.166057
0.0347252
0.942323
-0.155342
0.0368114
0.940961
-0.144454
0.0407114
0.937913
-0.136171
0.045026
0.934944
-0.131274
0.0482825
0.932713
-0.128729
0.0530165
0.930036
-0.127229
0.0583714
0.925522
-0.126516
0.0603546
0.922676
-0.127794
0.0598336
0.923583
-0.134753
0.0544644
0.927385
-0.142908
0.0497724
0.927681
-0.146506
0.0456804
0.925701
-0.14677
0.0416957
0.919551
-0.141213
0.0381894
0.914137
-0.132202
0.036966
0.909356
-0.121752
0.0359853
0.907579
-0.110066
0.0342143
0.907432
-0.100349
0.0336923
0.907859
-0.0941899
0.0316432
0.908983
-0.0903067
0.0298867
0.909452
-0.0866523
0.0286087
0.909327
-0.0813565
0.028119
0.908648
-0.0761748
0.0276656
0.908462
-0.071338
0.028286
0.907809
-0.0672184
0.0289819
0.906531
-0.0634206
0.0298226
0.904263
-0.0596561
0.0311157
0.902557
-0.0558392
0.0317088
0.901019
-0.0524224
0.0328262
0.898748
-0.0491986
0.034581
0.895992
-0.0464936
0.0361452
0.892354
-0.0451653
0.036671
0.890399
-0.0452591
0.0359063
0.890435
-0.0463944
0.0366666
0.890648
-0.0468804
0.0373668
0.890345
-0.0475567
0.0365298
0.890434
-0.0476414
0.0353914
0.891047
-0.0472596
0.0329723
0.891243
-0.0461922
0.0317756
0.889704
-0.0449444
0.0316133
0.888989
-0.0451567
0.0303352
0.889955
-0.0468468
0.0281138
0.892848
-0.0491988
0.0248172
0.895324
-0.0513559
0.0218875
0.897085
-0.0529552
0.0187867
0.897996
-0.0547351
0.0153904
0.898194
-0.0557652
0.0116837
0.898486
-0.0560578
0.00806893
0.899193
-0.0559154
0.00486398
0.900781
-0.0550936
0.00186888
0.90186
-0.0530269
8.76072e-05
0.902354
-0.0517796
-0.000846083
0.90151
-0.0509885
-0.00152532
0.900336
-0.0493904
-0.00340675
0.899818
-0.047538
-0.00487914
0.899262
-0.0459942
-0.00630964
0.900912
-0.0450527
-0.00710073
0.902727
-0.045129
-0.00713387
0.904827
-0.0446119
-0.00806352
0.908341
-0.0435338
-0.00962504
0.91251
-0.0468871
-0.0116814
0.916359
-0.0502553
-0.0133458
0.91899
-0.0532417
-0.0150276
0.922067
-0.0554321
-0.0163523
0.925458
-0.0569468
-0.0178762
0.92899
-0.0586175
-0.0185305
0.932314
-0.0604874
-0.0177303
0.936708
-0.0620151
-0.0195841
0.937343
-0.0619447
-0.0211965
0.938121
-0.0603907
-0.0222655
0.940141
-0.0601819
-0.0239761
0.942641
-0.0626895
-0.0242638
0.945728
-0.0668512
-0.0230619
0.947734
-0.0702734
-0.0216518
0.947609
-0.0725688
-0.0197229
0.946429
-0.0739999
-0.0149398
0.94451
-0.0748445
-0.00834206
0.942201
-0.0756136
-0.00142198
0.93996
-0.076356
0.0059526
0.935788
-0.0756498
0.0134193
0.930742
-0.0756492
0.019949
0.925743
-0.0740134
0.0265296
0.921115
-0.0741849
0.0314209
0.917394
-0.074117
0.0349421
0.912681
-0.0739368
0.0382411
0.909397
-0.0760163
0.0379998
0.908841
-0.0783639
0.0385946
0.910921
-0.0819168
0.0363353
0.914881
-0.0860294
0.0307208
0.918569
-0.0914221
0.0265939
0.919213
-0.0969073
0.0227708
0.91825
-0.101472
0.0188251
0.918038
-0.105838
0.0156427
0.919448
-0.109464
0.0119072
0.921454
-0.111926
0.0087662
0.923786
-0.111484
0.00488998
0.92943
-0.110007
0.000877467
0.939819
-0.109158
-0.00167706
0.950537
-0.109308
-0.00520698
0.953401
-0.107877
-0.00692017
0.956153
-0.107247
-0.00799068
0.961482
-0.106998
-0.00907088
0.966278
-0.108274
-0.00926383
0.969494
-0.1083
-0.0099635
0.972831
-0.109816
-0.0117053
0.977092
-0.116042
-0.0157745
0.9835
-0.122119
-0.0203142
0.991177
-0.126289
-0.0224756
0.99752
-0.128991
-0.0248905
1.0014
-0.130647
-0.0267274
1.00333
-0.132469
-0.0285859
1.0056
-0.135267
-0.0303459
1.01159
-0.139875
-0.0301783
1.01435
-0.143472
-0.0302705
1.00532
-0.142466
-0.0357942
0.992277
-0.139657
-0.0403475
0.986373
-0.137894
-0.0418257
0.981571
-0.135764
-0.0435419
0.975337
-0.133192
-0.0452501
0.968887
-0.131007
-0.0478119
0.962327
-0.123763
-0.0510756
0.956918
-0.106932
-0.0514854
0.955284
-0.0900738
-0.0500827
0.955063
-0.0794468
-0.0496428
0.955175
-0.0692254
-0.0472435
0.954894
-0.0593285
-0.044202
0.954783
-0.050537
-0.0413782
0.954101
-0.0437319
-0.0395134
0.952582
-0.0383429
-0.0377613
0.951349
-0.0334984
-0.0359289
0.950082
-0.0288705
-0.0346914
0.949255
-0.0252194
-0.033877
0.949055
-0.0223862
-0.0329577
0.948992
-0.0196331
-0.0321419
0.948797
-0.0173013
-0.0314901
0.948354
-0.0154191
-0.0307624
0.947474
-0.0142005
-0.0301245
0.946598
-0.0127116
-0.0292752
0.945894
-0.0113173
-0.0290139
0.945032
-0.010257
-0.0289601
0.944367
-0.00971742
-0.0285811
0.943836
-0.00926012
-0.0286384
0.943474
-0.0088156
-0.0301609
0.943476
-0.00775366
-0.031725
0.947303
-0.00546363
-0.0320192
0.95664
-0.00438671
-0.0323189
0.964435
-0.00358217
-0.0328757
0.971031
-0.00316604
-0.033693
0.976233
-0.00348241
-0.0328391
0.982762
-0.00619234
-0.027949
0.988788
-0.0113516
-0.0224906
0.990822
-0.0166986
-0.0189276
0.992521
-0.0234273
-0.0163364
0.994265
-0.0322518
-0.0157257
0.99682
-0.0416422
-0.0189947
1.00011
-0.0502394
-0.0245944
1.00256
-0.0572089
-0.0301613
1.00224
-0.0613941
-0.0331983
1.00099
-0.0619274
-0.0337949
0.999013
-0.0622161
-0.0357449
0.99641
-0.0630227
-0.0370037
0.993552
-0.0634619
-0.0366171
0.989724
-0.0636398
-0.0367348
0.984642
-0.0637558
-0.0365612
0.97991
-0.0636576
-0.0356707
0.97522
-0.0630561
-0.0336891
0.97138
-0.0618378
-0.0316784
0.969273
-0.0607617
-0.0297439
0.968129
-0.0597005
-0.0251052
0.967924
-0.0584466
-0.0227052
0.968227
-0.0572485
-0.0206422
0.96866
-0.0559658
-0.0202229
0.969846
-0.0544423
-0.019241
0.969821
-0.052939
-0.0183638
0.968785
-0.0515743
-0.0172467
0.96704
-0.0505913
-0.0147621
0.964527
-0.0492828
-0.0125379
0.961427
-0.0470142
-0.0104646
0.957709
-0.0443849
-0.00855922
0.955058
-0.0428974
-0.00686723
0.953054
-0.0425202
-0.0049542
0.951283
-0.0442059
-0.00236488
0.949821
-0.046116
-4.12963e-05
0.948268
-0.0479982
0.00193333
0.946244
-0.0503602
0.00425766
0.944409
-0.0538429
0.00552874
0.943475
-0.0579088
0.00652499
0.9423
-0.0611823
0.00821994
0.942294
-0.0631322
0.00993586
0.942809
-0.0664378
0.0131162
0.942063
-0.0691023
0.0158867
0.940983
-0.0727289
0.0186921
0.940056
-0.0768479
0.0221697
0.939465
-0.0799241
0.0248867
0.939298
-0.082753
0.0286032
0.938424
-0.0834087
0.0329847
0.937291
-0.081866
0.0373922
0.936884
-0.0797107
0.0420936
0.935595
-0.0774983
0.0478794
0.934143
-0.0714812
0.0541123
0.931592
-0.0633826
0.0597215
0.926569
-0.0574864
0.0626711
0.91961
-0.0538949
0.0635074
0.911677
-0.0545106
0.0629623
0.90527
-0.0586542
0.059886
0.900873
-0.0645032
0.0551173
0.894948
-0.0695943
0.0502123
0.889834
-0.073581
0.0454525
0.885975
-0.0772105
0.0407903
0.881714
-0.0816131
0.036279
0.87865
-0.0866119
0.0323873
0.876355
-0.0897377
0.0285314
0.874666
-0.0917591
0.0233183
0.87262
-0.093822
0.018835
0.870073
-0.0966866
0.0144923
0.867797
-0.0993025
0.00842562
0.865279
-0.102226
0.00108897
0.863096
-0.10461
-0.00754867
0.861497
-0.108345
-0.0161834
0.860497
-0.111412
-0.0249254
0.860042
-0.113458
-0.0340372
0.859456
-0.114184
-0.03841
0.857606
-0.113087
-0.0403878
0.855903
-0.112137
-0.0450271
0.855478
-0.115112
-0.0509841
0.855845
-0.120687
-0.058166
0.857035
-0.126366
-0.0656045
0.859553
-0.131683
-0.0727149
0.863286
-0.137615
-0.0787403
0.86667
-0.144053
-0.0842625
0.868594
-0.149951
-0.0881497
0.87074
-0.152417
-0.0908484
0.872494
-0.152906
-0.0920898
0.873588
-0.152613
-0.0928732
0.873248
-0.15264
-0.0937438
0.873063
-0.153935
-0.0948203
0.87287
-0.157218
-0.0959599
0.873121
-0.1605
-0.0974641
0.874241
-0.160892
-0.100189
0.87689
-0.158881
-0.103438
0.879451
-0.15501
-0.106381
0.881751
-0.150605
-0.108514
0.884416
-0.144285
-0.109753
0.885878
-0.137425
-0.110459
0.886918
-0.130301
-0.111447
0.887537
-0.122782
-0.10946
0.888303
-0.114469
-0.106382
0.88943
-0.106523
-0.102502
0.890745
-0.098755
-0.09798
0.891684
-0.0910494
-0.0929641
0.89229
-0.0838422
-0.0882458
0.892748
-0.0779363
-0.0842653
0.893072
-0.0730985
-0.0793766
0.893081
-0.0692726
-0.0728704
0.892902
-0.0661461
-0.0642063
0.891224
-0.0622154
-0.0563497
0.889975
-0.0589084
-0.0546141
0.889226
-0.056204
-0.053535
0.888713
-0.0547153
-0.0540874
0.888526
-0.0533534
-0.0558567
0.888333
-0.0521066
-0.0556499
0.890366
-0.0464977
-0.0549092
0.894484
-0.0361434
-0.0530975
0.89766
-0.0258927
-0.0520781
0.899677
-0.01717
-0.0495847
0.900991
-0.0118222
-0.0460966
0.901898
-0.00806625
-0.042403
0.901636
-0.00423981
-0.0394592
0.900457
0.000706513
-0.0361078
0.899501
0.00587085
-0.0323401
0.897821
0.00633847
-0.0290285
0.896631
0.00348361
-0.0226436
0.894601
0.00134166
-0.0145626
0.889876
0.00118356
-0.00604279
0.883663
-0.00109066
0.00256151
0.878685
-0.00531773
0.0107418
0.874845
-0.010718
0.0189279
0.87231
-0.0164577
0.0244494
0.872759
-0.023767
0.0260037
0.878117
-0.0344964
0.0266428
0.882938
-0.0427657
0.0266805
0.886636
-0.0494367
0.0252626
0.890617
-0.0609922
0.0237398
0.892782
-0.0755029
0.0222331
0.895316
-0.0870738
0.0218243
0.897736
-0.0906749
0.0209646
0.898092
-0.0916401
0.0205436
0.898918
-0.0909899
0.0188626
0.89907
-0.0882444
0.0165134
0.900163
-0.0853831
0.0135791
0.902927
-0.0821709
0.0117093
0.905331
-0.0807092
0.0109838
0.906243
-0.0805411
0.00890002
0.907367
-0.081356
0.00632392
0.909476
-0.0831079
0.00382018
0.912703
-0.0826398
0.00123612
0.91606
-0.0801435
-0.00166086
0.919247
-0.0785568
-0.00291681
0.922366
-0.0781254
-0.00343094
0.926005
-0.0782495
-0.00376656
0.929178
-0.0808457
-0.00423216
0.932868
-0.0832405
-0.00405878
0.937379
-0.0842783
-0.0046524
0.942167
-0.0850302
-0.00742936
0.946056
-0.0843932
-0.0102231
0.949323
-0.0804466
-0.0121978
0.95296
-0.0763886
-0.0130943
0.957156
-0.0726359
-0.0136511
0.960631
-0.0685699
-0.0132016
0.963466
-0.0631314
-0.0109326
0.965574
-0.0584813
-0.00852354
0.967869
-0.0560896
-0.00437437
0.969721
-0.0548869
8.89134e-05
0.97087
-0.0535466
0.00451574
0.971277
-0.053069
0.00789719
0.970112
-0.0562021
0.0112429
0.968566
-0.0610669
0.0146184
0.96749
-0.0647458
0.0160476
0.966499
-0.0654936
0.0168128
0.965622
-0.0649318
0.0156552
0.965218
-0.0643087
0.0132776
0.965491
-0.0636436
0.0104527
0.966108
-0.0638324
0.00876261
0.966941
-0.0637355
0.00838312
0.967261
-0.0641616
0.00854936
0.966975
-0.0642015
0.00790836
0.967012
-0.0642084
0.00794012
0.96669
-0.0649355
0.00948695
0.966681
-0.0679241
0.0122911
0.969118
-0.0720435
0.014293
0.972657
-0.0757311
0.0165615
0.976839
-0.0782515
0.0186029
0.981612
-0.0811012
0.0194872
0.987181
-0.0848816
0.0201279
0.993016
-0.0883784
0.0206119
0.997375
-0.0923884
0.021218
0.99892
-0.0971956
0.0205864
0.998231
-0.100015
0.0206467
0.995921
-0.100544
0.0202571
0.994097
-0.101707
0.0208395
0.991259
-0.10559
0.0213304
0.985203
-0.107403
0.0220922
0.979233
-0.108018
0.0230634
0.973221
-0.108647
0.0233076
0.96642
-0.109455
0.0234786
0.959396
-0.110697
0.0226802
0.952292
-0.112868
0.0222059
0.944921
-0.11526
0.0221693
0.936337
-0.119615
0.021932
0.927553
-0.124809
0.023426
0.918592
-0.127401
0.0261371
0.909771
-0.12833
0.0281046
0.8995
-0.129471
0.0281871
0.890127
-0.13154
0.0281796
0.882526
-0.135338
0.0270494
0.875942
-0.140741
0.0241059
0.868383
-0.145747
0.0205728
0.860276
-0.148285
0.0176987
0.852774
-0.148645
0.0127168
0.84619
-0.148264
0.00716864
0.840118
-0.147717
0.000779203
0.835554
-0.147145
-0.00672934
0.832354
-0.146808
-0.0127165
0.830895
-0.142644
-0.0168545
0.830622
-0.135169
-0.0210231
0.832221
-0.128438
-0.0237666
0.834173
-0.122835
-0.0242956
0.836142
-0.115778
-0.0269551
0.839084
-0.108735
-0.0314901
0.843228
-0.102928
-0.0371181
0.848406
-0.0979053
-0.0432957
0.854675
-0.0932344
-0.0468094
0.859769
-0.0873365
-0.048532
0.861752
-0.0824353
-0.0495414
0.86208
-0.0797047
-0.0504591
0.86233
-0.0775664
-0.0528418
0.863422
-0.0759537
-0.0552686
0.864326
-0.0743665
-0.0565255
0.867018
-0.0706198
-0.0583168
0.870619
-0.0651101
-0.0585709
0.875113
-0.0588046
-0.0573778
0.880877
-0.0508061
-0.0554464
0.886259
-0.0441725
-0.0534289
0.890868
-0.0393146
-0.0510318
0.896587
-0.0343249
-0.0470934
0.901833
-0.0296288
-0.0414386
0.904543
-0.0242002
-0.0359459
0.90469
-0.0207947
-0.0309741
0.905008
-0.0189593
-0.0267979
0.905557
-0.0190809
-0.0224506
0.904751
-0.019747
-0.0177942
0.90119
-0.0209147
-0.0130118
0.896917
-0.0220271
-0.00840628
0.89276
-0.0218889
-0.00518251
0.888035
-0.0208296
-0.00197454
0.884934
-0.019293
-0.000555442
0.88336
-0.0182699
-0.000313304
0.883242
-0.016914
-0.000201207
0.882953
-0.0165081
0.000512742
0.880697
-0.0169081
0.00110736
0.876568
-0.019339
0.00212733
0.873412
-0.0225161
0.00335353
0.870068
-0.0255698
0.00544055
0.865406
-0.0283352
0.0077825
0.86068
-0.0306855
0.00891842
0.857964
-0.0315418
0.00885934
0.856009
-0.0312231
0.00879462
0.854721
-0.0306002
0.0079519
0.854247
-0.0312104
0.00796952
0.851984
-0.0334839
0.0103562
0.850687
-0.0344879
0.0143094
0.851423
-0.0355336
0.0191605
0.852882
-0.0363929
0.0289136
0.853935
-0.0360168
0.039541
0.853405
-0.0332032
0.0470649
0.850786
-0.0327488
0.0523916
0.847978
-0.0356831
0.0569325
0.843998
-0.0441773
0.058992
0.84156
-0.0511321
0.0595635
0.840371
-0.0548248
0.0594218
0.840431
-0.0571587
0.0580373
0.845289
-0.0628401
0.0525687
0.854499
-0.0664348
0.0467898
0.863888
-0.0673438
0.0397123
0.873444
-0.0676792
0.0319675
0.883425
-0.0681004
0.024358
0.893436
-0.0667704
0.0172948
0.900867
-0.0626553
0.00935718
0.905861
-0.0574796
0.000699931
0.910735
-0.0529492
-0.007897
0.915381
-0.0468607
-0.0172052
0.918747
-0.0399133
-0.0251251
0.919722
-0.0330283
-0.0308674
0.920229
-0.0251971
-0.0349481
0.920606
-0.016443
-0.038464
0.920209
-0.00781049
-0.0419677
0.919869
-0.00101511
-0.0464051
0.920302
0.00279425
-0.0498258
0.919507
0.00231543
-0.0529716
0.918149
0.00200248
-0.05446
0.916747
0.00202771
-0.0561533
0.91495
0.00112618
-0.0602432
0.914249
-0.000758771
-0.0662025
0.91484
-0.00448097
-0.069962
0.91539
-0.00674476
-0.0736056
0.91557
-0.0102342
-0.0759851
0.915697
-0.0149669
-0.0763881
0.914643
-0.0179693
-0.0793662
0.909756
-0.0217658
-0.0833798
0.904614
-0.0268396
-0.0864108
0.899714
-0.033044
-0.0890188
0.895024
-0.0399422
-0.0918295
0.890408
-0.0470565
-0.0980893
0.886828
-0.054961
-0.105314
0.886184
-0.0660488
-0.112141
0.886452
-0.0780202
-0.114888
0.886051
-0.0868092
-0.11466
0.883702
-0.0932995
-0.110468
0.878807
-0.0976835
-0.104153
0.873016
-0.102225
-0.0979923
0.865008
-0.105519
-0.0929393
0.853508
-0.109396
-0.0881532
0.841363
-0.114721
-0.085216
0.830687
-0.119037
-0.0840988
0.821107
-0.121192
-0.0870614
0.812336
-0.121218
-0.0879447
0.805935
-0.120993
-0.0881106
0.80159
-0.121981
-0.0891155
0.797462
-0.126044
-0.0914164
0.793668
-0.130873
-0.0951513
0.792359
-0.13611
-0.0987784
0.791954
-0.140738
-0.100095
0.79208
-0.143062
-0.100899
0.792697
-0.144514
-0.101755
0.793936
-0.146115
-0.10264
0.794094
-0.147483
-0.103329
0.794143
-0.148883
-0.105603
0.797738
-0.151726
-0.106981
0.803963
-0.15427
-0.108609
0.811362
-0.153504
-0.108923
0.81712
-0.15101
-0.108775
0.822677
-0.146983
-0.108674
0.827219
-0.142074
-0.108852
0.830932
-0.13575
-0.108244
0.833701
-0.126531
-0.107358
0.835567
-0.116662
-0.105555
0.836587
-0.105895
-0.102936
0.836325
-0.0948532
-0.101055
0.835796
-0.0832296
-0.0983546
0.835136
-0.0723033
-0.0976131
0.833767
-0.0648811
-0.0973453
0.833242
-0.0622592
-0.0971307
0.833712
-0.0603124
-0.0974158
0.835626
-0.051651
-0.0964139
0.836224
-0.0395446
-0.0963593
0.837608
-0.0276497
-0.0984643
0.839009
-0.0214739
-0.100042
0.839314
-0.0197633
-0.104978
0.841915
-0.0204482
-0.110673
0.846949
-0.0232816
-0.113889
0.850436
-0.027284
-0.112751
0.852321
-0.0304668
-0.112207
0.851636
-0.0311785
-0.10948
0.851323
-0.0299246
-0.105953
0.848802
-0.0281742
-0.102178
0.844865
-0.028231
-0.0975028
0.842411
-0.0305133
-0.0942398
0.839944
-0.0319243
-0.0909938
0.838562
-0.0324044
-0.0870397
0.838659
-0.0316597
-0.0832305
0.839737
-0.0296581
-0.07886
0.842359
-0.0289816
-0.0749879
0.845933
-0.0298447
-0.0700271
0.851031
-0.03274
-0.0629138
0.855827
-0.0362381
-0.0571015
0.861475
-0.0390107
-0.0502771
0.866106
-0.0398253
-0.0427314
0.86748
-0.0401863
-0.0398255
0.868318
-0.0433476
-0.0393369
0.868965
-0.0520078
-0.0400238
0.871702
-0.0618837
-0.0406764
0.877087
-0.0712779
-0.0432507
0.88082
-0.0790168
-0.044908
0.882144
-0.085633
-0.0460872
0.880659
-0.0918578
-0.0473895
0.877517
-0.0993039
-0.0487805
0.873932
-0.106635
-0.0489595
0.86838
-0.112543
-0.0497865
0.861886
-0.117091
-0.0498655
0.855985
-0.121514
-0.0497653
0.85093
-0.125279
-0.0504614
0.845597
-0.12665
-0.050851
0.83968
-0.126248
-0.050615
0.833908
-0.125601
-0.051544
0.827826
-0.125997
-0.0518313
0.820528
-0.126481
-0.0525908
0.811712
-0.125737
-0.0529147
0.803014
-0.119567
-0.0540388
0.797056
-0.111768
-0.055114
0.794284
-0.102166
-0.0558227
0.794679
-0.0914529
-0.0553389
0.797062
-0.0803652
-0.0533511
0.800661
-0.0687315
-0.0509835
0.806527
-0.0564315
-0.0496795
0.811574
-0.044611
-0.0493609
0.815468
-0.0338574
-0.0488787
0.815859
-0.0299212
-0.0479699
0.81759
-0.0246754
-0.0495773
0.82103
-0.0160143
-0.0510046
0.826249
-0.00798867
-0.051355
0.832776
-0.00219473
-0.0509743
0.839722
0.00259022
-0.046772
0.846883
0.00733572
-0.0442415
0.855433
0.00952659
-0.0432809
0.866652
0.00633448
-0.0407962
0.87902
0.000843235
-0.0363963
0.887999
-0.00434948
-0.0312591
0.891931
-0.0104007
-0.0268351
0.894797
-0.018844
-0.0225951
0.895749
-0.0277087
-0.0221381
0.89393
-0.0379752
-0.0228543
0.892128
-0.048473
-0.0249639
0.890252
-0.0577752
-0.0281666
0.888349
-0.0640121
-0.0306527
0.886203
-0.0685668
-0.0341751
0.883633
-0.0728644
