-0.0174589
0.870196
0.204616
-0.0174393
0.870238
0.204699
-0.0175103
0.870218
0.205039
-0.0175103
0.870217
0.205215
-0.017764
0.870211
0.205426
-0.0181706
0.870226
0.205637
-0.0185324
0.870436
0.205878
-0.0187481
0.870848
0.206027
-0.0205481
0.87362
0.204735
-0.0219098
0.878198
0.198449
-0.0232906
0.882134
0.193122
-0.0248183
0.885515
0.190259
-0.0260346
0.888794
0.188041
-0.0269811
0.891703
0.186018
-0.0278397
0.894166
0.184261
-0.0286701
0.896583
0.182713
-0.0295299
0.898886
0.181412
-0.0304073
0.900977
0.179981
-0.0310786
0.903076
0.178537
-0.0317065
0.90477
0.177701
-0.0321709
0.905428
0.177574
-0.0322849
0.905626
0.177496
-0.0324305
0.90586
0.177476
-0.0325229
0.906087
0.178042
-0.032603
0.906189
0.178451
-0.0326705
0.906537
0.178789
-0.0327836
0.906709
0.179046
-0.0329507
0.906903
0.179264
-0.0330628
0.90705
0.179525
-0.0333888
0.907239
0.179848
-0.0345411
0.907617
0.180035
-0.0350376
0.907849
0.179926
-0.0358992
0.910068
0.176757
-0.037888
0.915411
0.168655
-0.0388675
0.921739
0.161182
-0.0388413
0.927783
0.155253
-0.038767
0.934169
0.151216
-0.0389657
0.938945
0.146658
-0.0389884
0.941309
0.141843
-0.0406224
0.940065
0.13643
-0.0420152
0.939371
0.130448
-0.0427954
0.940232
0.12566
-0.0412114
0.942065
0.120612
-0.0376071
0.944434
0.11461
-0.032836
0.946371
0.108174
-0.0290377
0.948016
0.101557
-0.0280972
0.950989
0.095047
-0.0279791
0.954706
0.0885656
-0.0280194
0.957861
0.0826248
-0.0271592
0.959561
0.0767281
-0.0258918
0.96049
0.0710255
-0.0242774
0.961721
0.0654487
-0.0220427
0.963026
0.0616243
-0.0203956
0.963793
0.0592869
-0.0187444
0.964808
0.0568025
-0.015253
0.965261
0.0540196
-0.0109931
0.964151
0.0511799
-0.0079182
0.961459
0.0482069
-0.00639092
0.95791
0.0446392
-0.00680119
0.95543
0.0400714
-0.0109051
0.953313
0.0352108
-0.0145912
0.952997
0.0304434
-0.0179325
0.95404
0.0252927
-0.0209401
0.956105
0.0193674
-0.0230643
0.958358
0.0136722
-0.0244334
0.960698
0.00918064
-0.0258855
0.964163
0.00494016
-0.0277276
0.968947
-0.000171944
-0.0284726
0.975457
-0.00375057
-0.0283441
0.980046
-0.00165123
-0.0274257
0.984236
0.00486074
-0.0255988
0.98831
0.0127732
-0.0237011
0.991846
0.0209465
-0.0217885
0.994161
0.0289919
-0.0196707
0.993714
0.0382829
-0.0173621
0.9914
0.0473144
-0.014184
0.988217
0.055185
-0.0103166
0.984873
0.0616449
-0.00676965
0.981639
0.0674271
-0.00273976
0.977636
0.0726135
0.000691891
0.972742
0.0769284
0.00379763
0.967932
0.0796222
0.00714306
0.963375
0.0813589
0.0103965
0.958009
0.0801458
0.0141494
0.952497
0.0784606
0.0165082
0.947803
0.0760583
0.0185905
0.944692
0.0722937
0.018617
0.9436
0.0661646
0.0186118
0.946231
0.0574179
0.0188937
0.948731
0.0494855
0.0188798
0.950246
0.0418546
0.0191033
0.951153
0.0336025
0.0198012
0.951257
0.025468
0.0208623
0.949549
0.0179145
0.0218268
0.947265
0.0105783
0.0225001
0.945138
0.00318138
0.0230376
0.943042
-0.00336805
0.0241664
0.941048
-0.0087479
0.0255846
0.93775
-0.0135437
0.0262434
0.93383
-0.0171479
0.0267642
0.931227
-0.019978
0.0266872
0.9292
-0.0237753
0.0257047
0.927945
-0.0283564
0.025349
0.926089
-0.0330962
0.0252793
0.923927
-0.0374199
0.0258711
0.921214
-0.0403769
0.026354
0.918448
-0.0430805
0.0268386
0.915281
-0.0466746
0.027341
0.912695
-0.0512759
0.0271167
0.910566
-0.0545575
0.0299274
0.90858
-0.0570809
0.0330359
0.906222
-0.0598144
0.0349204
0.903786
-0.0631449
0.0355055
0.901013
-0.0668461
0.0358148
0.897446
-0.0711677
0.0342286
0.894527
-0.0765611
0.030806
0.892585
-0.0813799
0.0260324
0.891423
-0.0849672
0.0203013
0.891096
-0.0880936
0.0144385
0.891375
-0.0909168
0.00847302
0.891862
-0.0932845
0.00181036
0.892846
-0.0951674
-0.00442754
0.894064
-0.0966432
-0.0112703
0.894888
-0.0974503
-0.0167636
0.895225
-0.0978322
-0.0220099
0.896072
-0.0980283
-0.0257701
0.896164
-0.0974074
-0.0307673
0.896022
-0.0982323
-0.0361599
0.896834
-0.100274
-0.0421698
0.898469
-0.102927
-0.0478753
0.899057
-0.105736
-0.0533005
0.898896
-0.108367
-0.0584657
0.897094
-0.10956
-0.0634464
0.892396
-0.110625
-0.0685269
0.887289
-0.111411
-0.0716815
0.881104
-0.110429
-0.0729161
0.875536
-0.108646
-0.0739876
0.87106
-0.106263
-0.076068
0.867368
-0.105301
-0.0802642
0.864989
-0.105684
-0.0846767
0.86266
-0.107472
-0.0895763
0.859937
-0.110732
-0.093259
0.857568
-0.113434
-0.0954707
0.855476
-0.111202
-0.0982696
0.85548
-0.104629
-0.101697
0.856983
-0.0981784
-0.103381
0.858596
-0.0919246
-0.103896
0.858419
-0.0865652
-0.104537
0.859284
-0.0826743
-0.104105
0.85919
-0.0800795
-0.0990126
0.859141
-0.0775141
-0.0907765
0.86003
-0.076485
-0.0832074
0.860969
-0.0756074
-0.0800882
0.861732
-0.0731961
-0.0774947
0.859801
-0.0640973
-0.0757782
0.859489
-0.056077
-0.0771063
0.861647
-0.0528341
-0.0780472
0.867236
-0.0511125
-0.0798172
0.874234
-0.0493213
-0.0805232
0.879405
-0.0475955
-0.0780276
0.883544
-0.0459767
-0.0747847
0.886482
-0.0449096
-0.0720849
0.888674
-0.0448767
-0.0684807
0.890511
-0.0450578
-0.0641479
0.890031
-0.0450501
-0.0609303
0.887464
-0.0455605
-0.0561632
0.883591
-0.0462234
-0.0531937
0.880179
-0.0458002
-0.0515361
0.87822
-0.0460411
-0.0498345
0.87732
-0.0474607
-0.0500856
0.876583
-0.0499315
-0.05072
0.876759
-0.0516437
-0.0508596
0.877127
-0.0506176
-0.0520691
0.877202
-0.0483655
-0.0530034
0.877953
-0.0467616
-0.0545039
0.879202
-0.0458286
-0.0561077
0.880719
-0.0450526
-0.0577441
0.881543
-0.0446432
-0.0588502
0.88208
-0.0436224
-0.0597675
0.88242
-0.0423033
-0.0603144
0.881761
-0.0410572
-0.0592397
0.880749
-0.0382206
-0.0584361
0.880022
-0.0363133
-0.0581074
0.880101
-0.0357027
-0.0592311
0.880266
-0.0351455
-0.0595788
0.880571
-0.0347363
-0.0617044
0.880117
-0.0370525
-0.06464
0.880442
-0.0419386
-0.0672855
0.882285
-0.0447299
-0.0706339
0.885183
-0.0465628
-0.0739962
0.890736
-0.0494279
-0.0778968
0.897472
-0.0528198
-0.081663
0.905188
-0.0550956
-0.0840356
0.913142
-0.0561913
-0.0864167
0.921602
-0.0547539
-0.0872332
0.927684
-0.0530371
-0.0877517
0.93226
-0.0507988
-0.0880289
0.936441
-0.0494394
-0.0875909
0.941845
-0.050093
-0.0873164
0.948001
-0.0516886
-0.0871284
0.952952
-0.0539577
-0.0856545
0.954633
-0.0556465
-0.0841663
0.95541
-0.0588482
-0.0828292
0.954953
-0.0644672
-0.0809016
0.953617
-0.0702179
-0.0794055
0.951651
-0.0754712
-0.0785678
0.946387
-0.0775714
-0.0774955
0.93903
-0.0782747
-0.076891
0.932767
-0.0791756
-0.0764916
0.926822
-0.0798809
-0.0777164
0.920798
-0.0800867
-0.0787884
0.914876
-0.0807149
-0.0790416
0.908947
-0.081932
-0.0791743
0.90196
-0.0831267
-0.0794202
0.893983
-0.0839484
-0.0810859
0.88639
-0.0854051
-0.0825425
0.880514
-0.0873606
-0.084385
0.875425
-0.0899835
-0.087227
0.869174
-0.0931567
-0.0893933
0.863153
-0.0956806
-0.0909793
0.857722
-0.0982497
-0.092531
0.852727
-0.100006
-0.0930496
0.848626
-0.100949
-0.0933948
0.84799
-0.0986085
-0.0935553
0.850049
-0.0949101
-0.0930666
0.852209
-0.092547
-0.0929085
0.852966
-0.0903595
-0.0924259
0.852902
-0.0885045
-0.0910703
0.852211
-0.0878688
-0.0899745
0.84989
-0.088582
-0.0884306
0.846637
-0.0893499
-0.0873914
0.840714
-0.0911196
-0.0864791
0.835099
-0.0931424
-0.0875378
0.831085
-0.0944819
-0.0890526
0.828359
-0.0960023
-0.0906333
0.827236
-0.0968397
-0.0925389
0.828902
-0.0969307
-0.0936555
0.828995
-0.0970221
-0.0939878
0.828372
-0.0970747
-0.0934494
0.825231
-0.0970202
-0.0933318
0.822336
-0.0973105
-0.0934925
0.819856
-0.0988122
-0.0935144
0.81773
-0.100246
-0.0934683
0.815665
-0.101362
-0.0932584
0.813259
-0.102413
-0.093689
0.811089
-0.103598
-0.0939863
0.809102
-0.105157
-0.0940018
0.80714
-0.106649
-0.0940278
0.805321
-0.108424
-0.0940465
0.803936
-0.110683
-0.0941226
0.802796
-0.112625
-0.0945734
0.801214
-0.11445
-0.0941889
0.796986
-0.11565
-0.0929986
0.794663
-0.11543
-0.088703
0.793206
-0.115051
-0.0808848
0.792224
-0.116397
-0.0744407
0.792958
-0.11764
-0.0686525
0.793267
-0.117479
-0.0627454
0.793409
-0.116615
-0.0563249
0.792386
-0.11569
-0.0493998
0.791527
-0.114233
-0.0429683
0.790914
-0.112929
-0.0367905
0.790931
-0.111535
-0.030676
0.791464
-0.110528
-0.0244009
0.792464
-0.109428
-0.0182044
0.79312
-0.10839
-0.0125889
0.795076
-0.107528
-0.00704871
0.79823
-0.106625
-0.0019176
0.802916
-0.105672
0.00207943
0.808351
-0.105405
0.00513866
0.814176
-0.105403
0.00725516
0.82017
-0.10479
0.00802254
0.827256
-0.102836
0.0085949
0.83426
-0.0999153
0.00875581
0.840359
-0.0957555
0.00692928
0.845795
-0.0917901
0.00450902
0.852
-0.089283
0.00233272
0.85971
-0.0895086
0.000883894
0.868055
-0.0913515
-8.75841e-05
0.875811
-0.0925544
-0.00172526
0.883089
-0.0934418
-0.00403234
0.888729
-0.0941684
-0.00793121
0.893556
-0.093951
-0.0123092
0.897966
-0.0926271
-0.0168736
0.901342
-0.0901502
-0.0214355
0.905691
-0.087663
-0.0263307
0.90957
-0.0877717
-0.0303673
0.915047
-0.0884083
-0.0351867
0.919859
-0.0888145
-0.0393945
0.923996
-0.0878369
-0.043037
0.925574
-0.0856293
-0.0471172
0.923385
-0.0823812
-0.051027
0.919442
-0.0792265
-0.0538557
0.913699
-0.0758576
-0.0553339
0.905078
-0.0738064
-0.0578153
0.895849
-0.0691927
-0.0596173
0.887047
-0.0645312
-0.0613787
0.880076
-0.0611206
-0.0630474
0.874698
-0.0586353
-0.0627992
0.869054
-0.0578994
-0.0621077
0.863256
-0.0576355
-0.06046
0.85765
-0.0589204
-0.0544717
0.852909
-0.0595995
-0.0471879
0.849256
-0.0599827
-0.0434038
0.846697
-0.0616768
-0.0419347
0.845295
-0.0642263
-0.0381152
0.838812
-0.0663996
-0.0335485
0.828283
-0.0668074
-0.0291967
0.821783
-0.0684152
-0.0219796
0.819007
-0.0702185
-0.0124878
0.820568
-0.0696886
-0.00628929
0.822192
-0.0689761
-0.00747562
0.823278
-0.0675168
-0.0185724
0.824617
-0.06844
-0.0301398
0.827736
-0.0702252
-0.0411161
0.831307
-0.0719228
-0.0476903
0.833492
-0.0716247
-0.0503674
0.834106
-0.0702255
-0.0508493
0.832962
-0.0677506
-0.0495156
0.830613
-0.0650677
-0.0463271
0.828432
-0.0630901
-0.0439217
0.827087
-0.0603452
-0.0420412
0.825962
-0.0551651
-0.0413529
0.825377
-0.0495147
-0.0402829
0.825548
-0.0455496
-0.0393392
0.826308
-0.0421767
-0.0381334
0.826547
-0.0397752
-0.0358666
0.826879
-0.0377794
-0.0326863
0.827472
-0.0355742
-0.0295612
0.828374
-0.0328472
-0.0269007
0.828706
-0.0300903
-0.026752
0.82855
-0.027804
-0.0249104
0.827961
-0.026436
-0.023462
0.827103
-0.0254482
-0.023883
0.827333
-0.0262945
-0.0253994
0.827366
-0.0259993
-0.0264226
0.825527
-0.0248006
-0.0255916
0.824413
-0.0245211
-0.023537
0.823663
-0.0240609
-0.0230625
0.823494
-0.023811
-0.0201667
0.823467
-0.0238638
-0.018367
0.823068
-0.0244687
-0.0161067
0.822835
-0.025068
-0.0129228
0.822538
-0.023769
-0.00966783
0.822905
-0.0219571
-0.00663875
0.823299
-0.0204008
-0.00446062
0.823397
-0.0186318
-0.00224248
0.822583
-0.0166301
0.00317558
0.820824
-0.0146435
0.00746913
0.818843
-0.0133719
0.0110695
0.816792
-0.0112743
0.013223
0.814738
-0.00984542
0.0144384
0.813909
-0.0095943
0.0164406
0.81256
-0.0100268
0.0200544
0.810944
-0.0102112
0.0240656
0.810074
-0.00886732
0.0274684
0.810549
-0.00646242
0.0283187
0.813979
-0.00277078
0.029454
0.818002
0.00120799
0.0327091
0.821074
0.00378609
0.034318
0.823815
0.0066321
0.0343973
0.826692
0.00894669
0.0330246
0.830146
0.0108104
0.0304019
0.833837
0.0116307
0.0288006
0.836186
0.011126
0.0254728
0.839458
0.0111039
0.0230999
0.841769
0.0111424
0.021989
0.843134
0.0116344
0.0212679
0.843222
0.011824
0.0200859
0.842272
0.0123348
0.0173812
0.8412
0.0103267
0.0159798
0.841611
0.00941045
0.0147152
0.842938
0.00848204
0.0140851
0.844576
0.00919907
0.0127268
0.846753
0.0112169
0.0120386
0.849068
0.0133375
0.0125771
0.85209
0.0148703
0.0113364
0.855852
0.01576
0.00885104
0.859869
0.0167343
0.00537206
0.86446
0.0179083
0.00126896
0.868378
0.0165416
-0.00414477
0.872853
0.0140761
-0.0104513
0.87755
0.0115136
-0.0166114
0.880839
0.008499
-0.0248954
0.883849
0.00623549
-0.0352074
0.887301
0.00448098
-0.0439175
0.889306
0.00187249
-0.051822
0.889901
-0.00100887
-0.0609997
0.889461
-0.00315763
-0.069809
0.888361
-0.0048132
-0.0776488
0.885622
-0.00647129
-0.0848834
0.882342
-0.00889481
-0.0907355
0.878615
-0.0115904
-0.0946623
0.873684
-0.0140084
-0.0967767
0.868351
-0.0159458
-0.0987008
0.8624
-0.018441
-0.0994243
0.85546
-0.0209454
-0.0993355
0.849797
-0.022364
-0.0992282
0.847628
-0.0229503
-0.0986093
0.844492
-0.0234343
-0.0951917
0.839983
-0.0241614
-0.0900269
0.834921
-0.0254336
-0.0864819
0.828846
-0.0271494
-0.0832015
0.822211
-0.0289636
-0.0800737
0.815911
-0.0300081
-0.0750113
0.808393
-0.0308676
-0.0710365
0.80159
-0.0319215
-0.0655991
0.798531
-0.0325426
-0.0593301
0.796803
-0.0327879
-0.0540272
0.795479
-0.0334405
-0.0473569
0.79474
-0.0366129
-0.0395805
0.793052
-0.0411699
-0.0324579
0.792892
-0.0446908
-0.0249814
0.794338
-0.0464915
-0.0174355
0.797656
-0.0479717
-0.0102049
0.801932
-0.0490886
-0.00305177
0.806479
-0.0501507
0.00460385
0.812651
-0.0495993
0.0112708
0.81802
-0.0485824
0.0181348
0.824523
-0.0468693
0.0235851
0.830899
-0.0464669
0.0285211
0.835818
-0.0474129
0.0326528
0.839197
-0.0481741
0.0350834
0.841386
-0.0486032
0.0371761
0.844521
-0.0528219
0.0382384
0.846517
-0.0582412
0.038844
0.847171
-0.06279
0.0389612
0.848737
-0.068281
0.0387397
0.850917
-0.0746714
0.0385174
0.855844
-0.0815435
0.0385243
0.860872
-0.0865869
0.0374842
0.867055
-0.0904046
0.0339404
0.87402
-0.0916001
0.0314509
0.880584
-0.0909942
0.0277878
0.889341
-0.0887173
0.0251741
0.898604
-0.087349
0.0221025
0.907368
-0.0853955
0.0182276
0.915092
-0.0836333
0.013105
0.922516
-0.0821875
0.00685341
0.929624
-0.0811165
-0.000389587
0.935171
-0.0819229
-0.00781244
0.939303
-0.0818263
-0.0155864
0.942584
-0.0812375
-0.0224736
0.945422
-0.0798474
-0.0296279
0.947893
-0.0785783
-0.0372783
0.951082
-0.0787918
-0.0457636
0.953861
-0.0800927
-0.0539759
0.955321
-0.0823152
-0.06215
0.955686
-0.084972
-0.070027
0.955692
-0.0873656
-0.077054
0.95488
-0.0881281
-0.0822683
0.951618
-0.0867311
-0.0872668
0.946217
-0.0833628
-0.0929799
0.939877
-0.0804063
-0.0990449
0.933017
-0.0817512
-0.104243
0.926015
-0.083709
-0.106614
0.918584
-0.0840854
-0.106716
0.911197
-0.0820891
-0.103205
0.904046
-0.0789629
-0.0971948
0.89889
-0.0745781
-0.0904054
0.893939
-0.0707739
-0.0840527
0.889556
-0.0674644
-0.0772327
0.885477
-0.0649114
-0.0714548
0.881564
-0.0641785
-0.0656734
0.877614
-0.0642063
-0.0597819
0.873286
-0.0647028
-0.0529377
0.869095
-0.0652412
-0.0454249
0.865356
-0.0666293
-0.0373697
0.861665
-0.067802
-0.0291011
0.858104
-0.0687951
-0.0201539
0.854542
-0.0696906
-0.0118676
0.852528
-0.0700317
-0.00299958
0.850826
-0.0682702
0.00623997
0.848421
-0.0649147
0.0149775
0.847443
-0.0620822
0.0241639
0.846975
-0.0605844
0.0332275
0.848108
-0.0599466
0.0427428
0.851234
-0.0589711
0.0507314
0.856959
-0.0588728
0.0570021
0.865014
-0.059524
0.0610048
0.874265
-0.0614245
0.0634068
0.884293
-0.0643007
0.0653587
0.893643
-0.0677983
0.064914
0.90222
-0.0724965
0.0632595
0.910316
-0.0758091
0.0600764
0.918995
-0.0791072
0.0570656
0.92745
-0.0817516
0.0534163
0.9341
-0.0827109
0.0513205
0.937091
-0.0815355
0.0507661
0.936108
-0.0793663
0.0501822
0.934863
-0.0775715
0.0491074
0.934407
-0.0787832
0.0477484
0.93612
-0.0810831
0.0456936
0.940284
-0.08321
0.0440718
0.947429
-0.0848333
0.042705
0.955337
-0.0848425
0.0400082
0.962559
-0.0833892
0.0375403
0.968647
-0.0807163
0.0338465
0.974335
-0.0771888
0.030826
0.979667
-0.0717954
0.0286283
0.984375
-0.0638773
0.026066
0.987916
-0.0553897
0.023125
0.992049
-0.0482553
0.0200388
0.99709
-0.0425923
0.0174102
1.0022
-0.0397157
0.0160608
1.00558
-0.0368379
0.0155993
1.00744
-0.0322194
0.0186874
1.00791
-0.0273913
0.0205024
1.00788
-0.0241955
0.0207348
1.00735
-0.0233277
0.0198801
1.0085
-0.0240874
0.0138249
1.01465
-0.0273149
0.00708132
1.01969
-0.0298762
-0.000135652
1.02435
-0.0335371
-0.00769437
1.02904
-0.0383758
-0.0140281
1.03176
-0.0421719
-0.0189557
1.03149
-0.0454081
-0.0216749
1.02979
-0.0491343
-0.0233396
1.02765
-0.055104
-0.0245425
1.02601
-0.062307
-0.024956
1.02353
-0.067467
-0.0230592
1.01932
-0.0706784
-0.018437
1.01382
-0.0709887
-0.0128461
1.00858
-0.0714621
-0.00645776
1.00353
-0.0734192
-0.000994215
0.998443
-0.0752577
0.00364417
0.992712
-0.0764137
0.00711408
0.986126
-0.0765459
0.00931638
0.978402
-0.0764947
0.0104116
0.970183
-0.0764454
0.0113094
0.959674
-0.0799848
0.0114913
0.949146
-0.0837466
0.0122003
0.939053
-0.0869897
0.0124491
0.93064
-0.0889584
0.0113582
0.922785
-0.0899158
0.0105798
0.914889
-0.091402
0.0103413
0.90739
-0.0937171
0.0105989
0.900372
-0.0963932
0.0142651
0.893466
-0.0981681
0.0200786
0.887218
-0.0991546
0.0260875
0.881451
-0.0993577
0.0312284
0.875796
-0.0983438
0.03649
0.870647
-0.0964173
0.0417683
0.866755
-0.0947664
0.046449
0.864066
-0.0933073
0.0517455
0.862171
-0.0927484
0.0581349
0.861197
-0.0923539
0.0632795
0.861617
-0.091534
0.0680436
0.862797
-0.0907357
0.0727908
0.86499
-0.0903325
0.0778723
0.866759
-0.0898949
0.0838577
0.867968
-0.0880256
0.091192
0.868934
-0.0856713
0.0984136
0.870094
-0.0835873
0.106203
0.871647
-0.0818832
0.113247
0.873986
-0.0806559
0.120232
0.878375
-0.079653
0.124254
0.885166
-0.0797123
0.125849
0.893547
-0.0806155
0.127478
0.903242
-0.0814614
0.126069
0.912086
-0.0800181
0.122344
0.918745
-0.0772977
0.118575
0.926043
-0.0747032
0.114207
0.933879
-0.0714676
0.109221
0.941078
-0.0681712
0.104404
0.947101
-0.0628947
0.0998035
0.95197
-0.0568347
0.0945728
0.956596
-0.0520572
0.0889993
0.961871
-0.0480911
0.084455
0.967104
-0.0439655
0.079274
0.972338
-0.0407563
0.0720862
0.978076
-0.038997
0.063628
0.984716
-0.0393902
0.0548301
0.991764
-0.0401232
0.0450939
0.99756
-0.0374013
0.0343627
1.00195
-0.0323017
0.0226867
1.00643
-0.0284077
0.0105668
1.01147
-0.0266913
-0.000551135
1.01666
-0.0260069
-0.0103559
1.02278
-0.0273136
-0.0179573
1.02915
-0.0309405
-0.0232546
1.03556
-0.0354065
-0.0261308
1.04109
-0.0409503
-0.0279034
1.04586
-0.0456372
-0.0293976
1.04943
-0.0497084
-0.0277984
1.05152
-0.0531289
-0.0252445
1.05312
-0.0560541
-0.0223666
1.05303
-0.0574586
-0.0191209
1.05065
-0.0577842
-0.0162797
1.04504
-0.0535155
-0.012114
1.03844
-0.0497608
-0.00780893
1.03185
-0.0471287
-0.0026454
1.02353
-0.0450029
0.00350674
1.01326
-0.0432181
0.00956515
1.00409
-0.043355
0.0152164
0.997051
-0.0458761
0.0206451
0.991398
-0.0503709
0.0239116
0.985883
-0.0560589
0.0249492
0.981397
-0.061694
0.0260882
0.975354
-0.0634811
0.0267217
0.96673
-0.0636452
0.0297001
0.956883
-0.0668812
0.0323134
0.947347
-0.073476
0.0362295
0.937784
-0.0799324
0.0397747
0.928993
-0.0849436
0.0427032
0.919654
-0.0881329
0.0458148
0.909929
-0.0904045
0.0495018
0.899971
-0.0916034
0.0530041
0.890148
-0.092825
0.0539149
0.881681
-0.0953589
0.0540215
0.873966
-0.0978488
0.0506558
0.865455
-0.0997544
0.0460595
0.857606
-0.101957
0.0407544
0.853687
-0.104525
0.0337648
0.851779
-0.106955
0.0254158
0.851728
-0.109338
0.0153453
0.852474
-0.109861
0.00487239
0.852418
-0.110625
-0.00524961
0.851967
-0.112747
-0.0148173
0.852413
-0.114709
-0.0233174
0.851757
-0.116402
-0.0276938
0.849172
-0.116083
-0.0305418
0.845096
-0.113394
-0.0347436
0.842168
-0.11204
-0.0413051
0.841848
-0.113166
-0.0483166
0.843225
-0.114858
-0.0549127
0.845789
-0.115619
-0.0612225
0.850238
-0.115185
-0.0662222
0.855747
-0.11324
-0.0703816
0.862718
-0.106465
-0.0745127
0.869396
-0.0989711
-0.0773146
0.875956
-0.0916717
-0.0791246
0.881449
-0.0844303
-0.0745359
0.883681
-0.0765042
-0.0672318
0.884666
-0.0694099
-0.060299
0.885648
-0.0630761
-0.0527596
0.885548
-0.0565215
-0.0452201
0.884014
-0.0504563
-0.0377063
0.881852
-0.0453662
-0.0318663
0.879093
-0.0421701
-0.0277855
0.876374
-0.0403505
-0.0235641
0.873856
-0.0392722
-0.019651
0.872319
-0.0392334
-0.0172682
0.870616
-0.0417067
-0.016176
0.86849
-0.0440769
-0.0156902
0.866993
-0.0457103
-0.0152003
0.866491
-0.0460541
-0.0136768
0.865701
-0.046682
-0.0135253
0.865299
-0.0470416
-0.013732
0.865048
-0.0470683
-0.0138696
0.865154
-0.0460857
-0.0139188
0.864541
-0.0464185
-0.00942376
0.863868
-0.0474129
-0.000705248
0.86103
-0.0480378
0.00427782
0.856612
-0.0507184
0.00924103
0.851892
-0.0558405
0.0140839
0.846988
-0.0637308
0.0175483
0.843137
-0.0685008
0.0213158
0.839981
-0.0706573
0.0244207
0.836229
-0.0759075
0.0263366
0.835629
-0.0858132
0.03107
0.833319
-0.0935684
0.0374205
0.830214
-0.0975855
0.0432111
0.827833
-0.0993824
0.0500919
0.825995
-0.100438
0.0571833
0.824486
-0.100386
0.062963
0.824933
-0.0977908
0.0667885
0.826818
-0.0934687
0.0696535
0.828991
-0.0899977
0.071399
0.832765
-0.0871133
0.0739917
0.838174
-0.0834886
0.0758547
0.841383
-0.0798922
0.0773642
0.844241
-0.0737358
0.0785293
0.845369
-0.0598153
0.075084
0.845865
-0.0479844
0.0742967
0.846304
-0.0410353
0.0738029
0.846865
-0.0386965
0.0730969
0.846291
-0.0384761
0.0726106
0.846633
-0.0371686
0.0716856
0.847793
-0.0333758
0.0708875
0.84938
-0.0291352
0.0704483
0.850817
-0.0259305
0.0707888
0.852091
-0.0238688
0.07093
0.853377
-0.0221152
0.0715075
0.854475
-0.0201142
0.0727445
0.855703
-0.0180355
0.0739203
0.856831
-0.0162749
0.0760093
0.85769
-0.0151628
0.0786928
0.859556
-0.0134802
0.0810494
0.861022
-0.0106028
0.0836764
0.862238
-0.00761817
0.0863011
0.863687
-0.00411437
0.0888447
0.863886
-0.000383459
0.090754
0.861977
0.00320607
0.0947491
0.859498
0.00657349
0.0977382
0.857398
0.00778595
0.0998782
0.856109
0.00884193
0.0996797
0.85418
0.00815983
0.101429
0.852973
0.00694044
0.1001
0.85158
0.00531878
0.0996111
0.848049
0.0039623
0.0989446
0.845013
0.00266636
0.0996482
0.839087
0.000855954
0.100073
0.834491
-0.00105501
0.100023
0.832987
-0.00199859
0.0979155
0.83226
-0.00262307
0.0956075
0.832204
-0.0030561
0.093941
0.831934
-0.00355601
0.0929784
0.830868
-0.00392287
0.0910029
0.829619
-0.00360303
0.0899447
0.826968
-0.00317632
0.0876908
0.824715
-0.00705039
0.0838562
0.825085
-0.0116973
0.0787003
0.827507
-0.0149518
0.073297
0.829867
-0.016066
0.0678423
0.832246
-0.0168666
0.0646665
0.833345
-0.0180674
0.0607445
0.834217
-0.0200853
0.0598312
0.834218
-0.0169687
0.0633177
0.834783
-0.0122319
0.0632941
0.838082
-0.0107537
0.0624797
0.842333
-0.00972728
0.0616728
0.845651
-0.00923284
0.0597095
0.849073
-0.00898254
0.0576395
0.852641
-0.00907274
0.0550907
0.856081
-0.00870964
0.0524776
0.858685
-0.00762671
0.0500467
0.859804
-0.00555199
0.0432453
0.860076
-0.00334538
0.0360018
0.858931
-0.00146631
0.0285913
0.854538
0.000275541
0.0206038
0.849264
6.18214e-05
0.0137406
0.844584
-0.00141442
0.0081725
0.840568
-0.00354271
0.00337157
0.837217
-0.00494321
-0.000136912
0.837496
-0.00567605
-0.00312492
0.838087
-0.00631885
-0.0042845
0.838167
-0.00722848
-0.00489605
0.837609
-0.00783769
-0.00525661
0.836818
-0.00935942
-0.00519209
0.836409
-0.0106894
-0.00493008
0.836131
-0.0114669
-0.00471592
0.835259
-0.0109107
-0.00518803
0.833909
-0.0107813
-0.00775065
0.832908
-0.0127617
-0.0101148
0.834122
-0.016242
-0.0116595
0.83712
-0.0200415
-0.0127293
0.840711
-0.0219788
-0.0175247
0.843827
-0.0232494
-0.021947
0.845679
-0.0232736
-0.0259774
0.846288
-0.0224435
-0.0308251
0.846147
-0.0215156
-0.0358591
0.845855
-0.0202311
-0.0408015
0.845753
-0.0186165
-0.0463298
0.845632
-0.0171925
-0.0531907
0.845391
-0.016947
-0.0607755
0.845148
-0.0177038
-0.0685248
0.844358
-0.0183634
-0.0753601
0.84294
-0.0204586
-0.0825168
0.841498
-0.0215576
-0.0906016
0.840915
-0.0224776
-0.0990894
0.840107
-0.0234817
-0.106291
0.838855
-0.0243432
-0.107966
0.837085
-0.0249066
-0.107041
0.834368
-0.0242876
-0.103982
0.831324
-0.0211973
-0.0980759
0.828817
-0.0176403
-0.092102
0.827546
-0.0142841
-0.0865986
0.827847
-0.0121766
-0.0813161
0.827972
-0.00957559
-0.0754778
0.82827
-0.00719682
-0.0696658
0.829195
-0.00589746
-0.0622032
0.830643
-0.00463072
-0.0547396
0.832253
-0.00315953
-0.0468007
0.833682
-0.00174506
-0.0394672
0.834626
-0.000130482
-0.0325194
0.835738
0.00138422
-0.0256014
0.836333
0.00296301
-0.0188956
0.836811
0.00640144
-0.0121458
0.83626
0.0100962
-0.00580258
0.834529
0.0134721
-0.0014987
0.83338
0.0158483
0.00217758
0.832777
0.0175775
0.00462031
0.831801
0.0180805
0.00588112
0.830895
0.0182466
0.00709033
0.830967
0.0178705
0.00921085
0.8319
0.0171641
0.0110682
0.833597
0.016544
0.013772
0.836867
0.0164195
0.0168977
0.837941
0.0181602
0.0216703
0.83833
0.0203508
0.0255231
0.840173
0.0223255
0.028975
0.842267
0.0233229
0.0272881
0.846725
0.0237382
0.0266112
0.850998
0.0245014
0.0270952
0.853996
0.0262063
0.0285938
0.856104
0.0283369
0.0298941
0.859185
0.0297582
0.0305294
0.861814
0.0311218
0.0311746
0.86282
0.0335372
0.0341497
0.862696
0.0359507
0.0352132
0.862555
0.0355301
0.0346753
0.862843
0.0332752
0.0324294
0.863124
0.0306601
0.0289647
0.863744
0.0271801
0.02544
0.865579
0.0225333
0.0235396
0.869229
0.0170801
0.0225611
0.876372
0.0115412
0.0242444
0.885258
0.00955064
0.0263737
0.895142
0.00983894
0.0281956
0.905262
0.0104624
0.0283532
0.916314
0.00986941
0.0292773
0.927587
0.00800018
0.0305892
0.93798
0.00484232
0.0325103
0.946792
0.000969027
0.0325669
0.95467
-0.00383415
0.0323382
0.960915
-0.0126714
0.0328654
0.966889
-0.0223745
0.0348061
0.970416
-0.030123
0.0378792
0.970886
-0.0341057
0.0387584
0.971309
-0.0352677
0.0397045
0.970549
-0.034093
0.0399441
0.969577
-0.0337015
0.0402255
0.968469
-0.0370398
0.0398704
0.967196
-0.0424001
0.0423134
0.964855
-0.0429845
0.0502351
0.961845
-0.0399657
0.05557
0.962065
-0.0347303
0.0627693
0.963234
-0.0268276
0.0707043
0.96322
-0.0159908
0.0767969
0.961908
-0.00443163
0.0804384
0.959374
0.00646832
0.0783379
0.958219
0.0151724
0.06821
0.958602
0.0224002
0.0568125
0.958794
0.029063
0.0508648
0.956674
0.0365489
0.0488664
0.953685
0.0412402
0.0499892
0.950172
0.0451494
0.0586015
0.945306
0.0473216
0.0679099
0.94195
0.0500689
0.0720629
0.939577
0.0581156
0.0729145
0.936411
0.0687713
0.0726789
0.931829
0.0743628
0.0701221
0.925845
0.0761078
0.067026
0.919371
0.0744722
0.0636546
0.911327
0.0712445
0.0609291
0.900561
0.0675363
0.0561988
0.888509
0.0639276
0.04873
0.882255
0.05883
0.0390506
0.879941
0.0512135
0.0292213
0.879372
0.0417594
0.0186979
0.876212
0.0317276
0.00740733
0.868572
0.0231033
-0.0032545
0.860104
0.0145011
-0.01144
0.85105
0.00831628
-0.0187508
0.841772
0.00414849
-0.0252783
0.834847
0.000670417
-0.0335984
0.832874
-0.00285005
-0.0430892
0.835851
-0.00773712
-0.0519155
0.837429
-0.0122107
-0.0607951
0.835651
-0.0163675
-0.0695726
0.830429
-0.0196134
-0.0773115
0.82471
-0.0229547
-0.0828312
0.820128
-0.0268771
-0.0861219
0.81794
-0.0313885
-0.0907485
0.817445
-0.0363508
-0.0955856
0.818389
-0.0401235
-0.100191
0.820433
-0.0426778
-0.106637
0.823286
-0.0459559
-0.113455
0.826078
-0.0502669
-0.121318
0.829137
-0.0552034
-0.129047
0.832129
-0.0605708
-0.137142
0.835638
-0.0643034
-0.143235
0.839732
-0.0657791
-0.149017
0.84431
-0.0670833
-0.155071
0.851011
-0.0682181
-0.159133
0.857478
-0.068642
-0.161413
0.864983
-0.0693078
-0.163101
0.872739
-0.0696797
-0.160365
0.881267
-0.0697878
-0.156777
0.89016
-0.0702373
-0.153589
0.896926
-0.070557
-0.151003
0.896616
-0.0676171
-0.148377
0.891933
-0.062979
-0.146877
0.891954
-0.0644506
-0.142283
0.895289
-0.0671513
-0.133663
0.895715
-0.0651165
-0.123494
0.893823
-0.0610581
-0.11452
0.893628
-0.0566753
-0.104085
0.894188
-0.0530753
-0.0944921
0.895475
-0.0506749
-0.0845803
0.896131
-0.0482314
-0.07403
0.89561
-0.0453145
-0.0656758
0.89581
-0.0431736
-0.0592569
0.896643
-0.0417883
-0.0533054
0.897754
-0.0408045
-0.045511
0.89994
-0.0400909
-0.0352929
0.901384
-0.0390934
-0.0256013
0.902479
-0.038259
-0.0160233
0.90318
-0.036964
-0.00899966
0.903169
-0.0339873
-0.00407535
0.90189
-0.030289
-0.00131271
0.900594
-0.0281604
0.00168136
0.89935
-0.0267327
0.0038578
0.898119
-0.024965
0.00580114
0.896807
-0.0237061
0.0067559
0.896705
-0.0233079
0.0078869
0.896817
-0.0224297
0.00930675
0.897753
-0.0214843
0.0115215
0.900193
-0.0195256
0.0121299
0.903112
-0.0164558
0.0120173
0.906471
-0.0125264
0.0132244
0.910477
-0.00855105
0.0138595
0.914865
-0.00514986
0.0146362
0.919787
-0.00139756
0.0151628
0.924345
0.00306179
0.0161912
0.927296
0.00898515
0.0198104
0.929448
0.0151221
0.0236585
0.931311
0.0208616
0.0274149
0.93199
0.0258178
0.0313707
0.93214
0.0301683
0.0336939
0.932218
0.0337011
0.0357601
0.932231
0.0363398
0.0375344
0.932409
0.03824
0.0396632
0.933116
0.0378615
0.0424952
0.934091
0.0351014
0.0443483
0.934424
0.0286754
0.0456895
0.935575
0.0214472
0.0462191
0.936591
0.0162449
0.0463175
0.935961
0.0131059
0.0466449
0.932339
0.0106936
0.0464026
0.929385
0.00637593
0.0466229
0.927901
-0.00087142
0.0436728
0.929301
-0.00875406
0.0400861
0.931566
-0.0133767
0.0350883
0.93461
-0.0160422
0.0296906
0.937664
-0.0196759
0.0253971
0.940242
-0.026033
0.0238347
0.940677
-0.0325181
0.0233652
0.939096
-0.0360836
0.0247669
0.937756
-0.041038
0.0265418
0.937542
-0.0474162
0.0281628
0.936345
-0.0517609
0.0310832
0.933169
-0.0527419
0.0343548
0.930563
-0.0551949
0.0381805
0.929455
-0.0597819
0.042563
0.927186
-0.0647557
0.0492992
0.922618
-0.0678937
0.0546596
0.917069
-0.0686017
0.0581826
0.913472
-0.0684248
0.062944
0.911447
-0.0688347
0.0682509
0.908923
-0.0695687
0.0755658
0.906673
-0.0703853
0.0840261
0.904561
-0.0692835
0.0928389
0.902075
-0.0679083
0.101143
0.900021
-0.0669669
0.110017
0.898601
-0.0657035
0.118394
0.896879
-0.0642256
0.125167
0.893533
-0.062063
0.128213
0.888908
-0.0573912
0.128773
0.882667
-0.0523857
0.128892
0.875385
-0.0471744
0.125892
0.868231
-0.0417042
0.122745
0.861556
-0.0351663
0.117898
0.856366
-0.0294078
0.112107
0.853133
-0.0263997
0.105374
0.851614
-0.0254016
0.0971646
0.850298
-0.026641
0.0887731
0.848655
-0.0287384
0.0796444
0.847582
-0.0310689
0.0706788
0.846653
-0.0334998
0.062562
0.845435
-0.0356767
0.0547967
0.845073
-0.0380961
0.0469395
0.846433
-0.0405494
0.0405982
0.846868
-0.0428083
0.0355944
0.846847
-0.0457373
0.0291666
0.848808
-0.0479157
0.0232804
0.850667
-0.0496102
0.0172662
0.85161
-0.0507378
0.0115279
0.852207
-0.0519261
0.00584027
0.852254
-0.0517596
0.00135517
0.85236
-0.0510787
-0.00176288
0.852495
-0.0499245
-0.0062779
0.85272
-0.048995
-0.0137941
0.854795
-0.0503189
-0.0229097
0.858139
-0.0533137
-0.0311104
0.860802
-0.0558575
-0.037047
0.862667
-0.0561402
-0.0437682
0.865633
-0.0530788
-0.051496
0.870134
-0.0518885
-0.0599621
0.87406
-0.0516043
-0.0686211
0.877449
-0.0503001
-0.0755144
0.880887
-0.0478666
-0.0804017
0.885499
-0.044835
-0.086295
0.890657
-0.04173
-0.0898991
0.895789
-0.0386403
-0.091774
0.900967
-0.0356522
-0.0932704
0.905651
-0.0329005
-0.0945717
0.910731
-0.0306852
-0.0945604
0.916948
-0.0295324
