0.18783
0.00641821
-0.0410208
0.187496
0.00652983
-0.0416905
0.185654
0.00664145
-0.0418579
0.184705
0.0068647
-0.0423044
0.18331
0.00719956
-0.0428625
0.181859
0.00736699
-0.0431974
0.180463
0.00770186
-0.0436438
0.179459
0.0079251
-0.0439787
0.178343
0.00831577
-0.0444252
0.176947
0.0084832
-0.0449275
0.175329
0.00876226
-0.045374
0.174213
0.00904131
-0.0458205
0.172817
0.00937617
-0.0462111
0.172148
0.00982266
-0.0467692
0.170083
0.00999009
-0.0472715
0.16919
0.0103808
-0.047718
0.167962
0.0107714
-0.0481645
0.166734
0.0109947
-0.0484436
0.165506
0.0107714
-0.0491133
0.165729
0.0108831
-0.0498946
0.163832
0.0111063
-0.0504527
0.16333
0.0114412
-0.0504527
0.162771
0.0113295
-0.0499504
0.163106
0.0104924
-0.0471041
0.16545
0.0102691
-0.0430299
0.166399
0.0104924
-0.0410766
0.167683
0.0108831
-0.0388441
0.169022
0.0112737
-0.036221
0.170083
0.0113854
-0.032984
0.171478
0.0110505
-0.0287982
0.172706
0.0104924
-0.0260077
0.173878
0.0101575
-0.0231056
0.174268
0.00915293
-0.0194779
0.175887
0.00831577
-0.0170222
0.176947
0.0063624
-0.0141759
0.17918
0.00485552
-0.0125574
0.180631
0.00279053
-0.0101575
0.182863
0.00122783
-0.00831577
0.184593
0.000111621
-0.00736699
0.185933
-0.000558105
-0.00680889
0.186212
-0.000948779
-0.00597173
0.186882
-0.00117202
-0.00552524
0.187384
-0.00167432
-0.00546943
0.187719
-0.00468809
-0.0101017
0.187886
-0.0068647
-0.0154595
0.187663
-0.00842739
-0.0210964
0.187496
-0.00881807
-0.0250031
0.187216
-0.00932036
-0.0299145
0.186937
-0.00982266
-0.0347142
0.18744
-0.0109389
-0.0401278
0.187942
-0.0116086
-0.0451507
0.187886
-0.0121667
-0.0500621
0.187607
-0.0128922
-0.0543037
0.187775
-0.0140084
-0.0597173
0.187161
-0.0154595
-0.0649635
0.186937
-0.0165757
-0.0692051
0.187216
-0.0179152
-0.0735583
0.186937
-0.0190314
-0.0785813
0.187775
-0.0195895
-0.0854459
0.188277
-0.0197011
-0.0910828
0.189114
-0.0209848
-0.0969987
0.191291
-0.0239427
-0.103752
0.194137
-0.0266774
-0.107826
0.196704
-0.0301377
-0.112068
0.199327
-0.0334863
-0.115695
0.202118
-0.0359978
-0.118039
0.204964
-0.0382302
-0.118095
0.207029
-0.0406301
-0.116309
0.20742
-0.0415789
-0.110561
0.208145
-0.041523
-0.104254
0.208536
-0.0406301
-0.0987289
0.208927
-0.0394581
-0.0932036
0.208927
-0.0377279
-0.0878458
0.208369
-0.0358304
-0.0829903
0.20809
-0.032984
-0.0766279
0.207922
-0.0306958
-0.072163
0.207085
-0.0296912
-0.068647
0.207755
-0.0293563
-0.0652425
0.208648
-0.0298586
-0.0625636
0.209429
-0.0303609
-0.0602754
0.210378
-0.0310307
-0.0578755
0.21222
-0.0318678
-0.054806
0.213503
-0.0332631
-0.0528526
0.215401
-0.0349374
-0.0500621
0.216852
-0.0365001
-0.0485552
0.218303
-0.0377279
-0.047439
0.21981
-0.0396813
-0.0460437
0.220256
-0.0416347
-0.0449833
0.22048
-0.0436438
-0.0448159
0.220591
-0.0461553
-0.0441461
0.222656
-0.0481645
-0.043309
0.222824
-0.0487784
-0.0415789
0.221819
-0.0502295
-0.0398487
0.22221
-0.0524619
-0.0378954
0.222098
-0.0546943
-0.0363327
0.221317
-0.0570942
-0.035049
0.22048
-0.0583778
-0.0338212
0.218359
-0.0603312
-0.0325375
0.216015
-0.0617823
-0.0313655
0.213503
-0.0640705
-0.0307516
0.210266
-0.0646286
-0.0303609
0.207755
-0.0648519
-0.0301377
0.205634
-0.064517
-0.0293005
0.203681
-0.0641263
-0.0289099
0.203178
-0.0635124
-0.0296354
0.202118
-0.0628985
-0.0308632
0.201169
-0.0618939
-0.0332631
0.201225
-0.0606103
-0.0356071
0.200053
-0.0594382
-0.0388441
0.200332
-0.0589359
-0.0423044
0.200667
-0.0586011
-0.044481
0.202509
-0.0587685
-0.0476064
0.203792
-0.0599405
-0.0495598
0.204685
-0.0610567
-0.0508434
0.204685
-0.0610009
-0.0520154
0.206415
-0.059494
-0.0538014
0.20569
-0.0593824
-0.0556989
0.206583
-0.0587127
-0.0591592
0.207978
-0.0582662
-0.0631775
0.20848
-0.0586011
-0.0679214
0.209206
-0.0596057
-0.0723863
0.211048
-0.0607219
-0.0781348
0.213503
-0.0617265
-0.08366
0.215568
-0.0629543
-0.0884039
0.217075
-0.0642379
-0.0911944
0.220312
-0.0649635
-0.0932594
0.22221
-0.0658564
-0.0947105
0.22327
-0.0675308
-0.095157
0.224386
-0.0682563
-0.0945989
0.22567
-0.0683679
-0.0931478
0.226898
-0.0693167
-0.0917525
0.227568
-0.0705445
-0.088683
0.228907
-0.0712701
-0.0859482
0.23047
-0.0724979
-0.0827112
0.231474
-0.0743955
-0.07953
0.231977
-0.076014
-0.0760698
0.231865
-0.078079
-0.071884
0.232423
-0.0819299
-0.0675866
0.232479
-0.0867854
-0.0642379
0.232311
-0.0928688
-0.0604986
0.231865
-0.0966081
-0.0580988
0.231307
-0.101296
-0.0549176
0.229521
-0.105649
-0.0517364
0.227791
-0.110226
-0.0483319
0.225614
-0.113742
-0.0449833
0.224777
-0.116811
-0.0404068
0.223717
-0.121555
-0.0358862
0.222712
-0.124569
-0.0333747
0.220535
-0.128867
-0.0301935
0.217801
-0.132104
-0.0277937
0.215512
-0.136792
-0.025617
0.211438
-0.143266
-0.0224917
0.208257
-0.147786
-0.0215429
0.205187
-0.151805
-0.0227149
0.201448
-0.1556
-0.0233288
0.197039
-0.15627
-0.0223242
0.192072
-0.155767
-0.0201476
0.188054
-0.154205
-0.0195337
0.18091
-0.153088
-0.0208731
0.175608
-0.151637
-0.0227149
0.171087
-0.150186
-0.0238869
0.168966
-0.147172
-0.0248915
0.167069
-0.142875
-0.0257845
0.164836
-0.139247
-0.0269565
0.162995
-0.135899
-0.0282401
0.161823
-0.132215
-0.0308074
0.161209
-0.128699
-0.0339886
0.161934
-0.12563
-0.0366117
0.16333
-0.120718
-0.0402394
0.164892
-0.116309
-0.0428067
0.165339
-0.1119
-0.0445926
0.166455
-0.105538
-0.0459879
0.167571
-0.101464
-0.0466576
0.168576
-0.0990637
-0.0467692
0.170418
-0.0955477
-0.0467134
0.172371
-0.0942082
-0.0472157
0.174938
-0.0921432
-0.0486668
0.176892
-0.0897434
-0.049783
0.179012
-0.0872877
-0.0498946
0.181356
-0.0842739
-0.0484994
0.184035
-0.082488
-0.0464902
0.186156
-0.0814834
-0.0442578
0.188947
-0.0809253
-0.0429183
0.1909
-0.080423
-0.0425276
0.193411
-0.07953
-0.0429183
0.194695
-0.0791952
-0.0434206
0.195755
-0.0803114
-0.0441461
0.196816
-0.0823764
-0.0443694
0.198155
-0.0840507
-0.0439229
0.199439
-0.0851669
-0.0431416
0.200165
-0.0873993
-0.0418579
0.201671
-0.0896317
-0.0409091
0.202397
-0.0919758
-0.0401278
0.203346
-0.0938175
-0.0401278
0.203736
-0.0973336
-0.0404068
0.203625
-0.0995102
-0.040072
0.202341
-0.102412
-0.0381186
0.201448
-0.104254
-0.0363885
0.200555
-0.105761
-0.0349932
0.197765
-0.107826
-0.0325375
0.195588
-0.108161
-0.0306958
0.192965
-0.108719
-0.0284076
0.191514
-0.109054
-0.0271797
0.189002
-0.109835
-0.0257845
0.186491
-0.110728
-0.0239985
0.1837
-0.111286
-0.0229939
0.179291
-0.112012
-0.0220452
0.175943
-0.112179
-0.0205383
0.172036
-0.113574
-0.019143
0.168408
-0.113854
-0.0186965
0.166232
-0.11363
-0.0186407
0.163106
-0.112626
-0.0193104
0.159981
-0.110393
-0.0197011
0.155684
-0.108217
-0.0195895
0.153619
-0.106821
-0.0195337
0.150772
-0.105761
-0.0199244
0.148484
-0.104868
-0.0202034
0.146307
-0.104198
-0.0199802
0.144577
-0.10258
-0.0193663
0.143573
-0.100013
-0.0188082
0.14268
-0.0982266
-0.0186407
0.141675
-0.0968313
-0.0189756
0.141284
-0.0953244
-0.020315
0.141452
-0.0945989
-0.0214313
0.141508
-0.0937617
-0.0220452
0.142122
-0.0931478
-0.0223242
0.142568
-0.0922548
-0.0228823
0.142456
-0.0915293
-0.0231056
0.143015
-0.0901898
-0.0230498
0.143182
-0.0895201
-0.02238
0.144466
-0.0879016
-0.0214313
0.144745
-0.0858366
-0.0213754
0.145749
-0.0834368
-0.0215429
0.146531
-0.0803672
-0.0210964
0.147703
-0.0781348
-0.021208
0.148875
-0.0765163
-0.0207057
0.149935
-0.0746745
-0.020036
0.150326
-0.0719956
-0.0199244
0.150382
-0.0698748
-0.0197011
0.150828
-0.0638473
-0.0185849
0.153786
-0.0577081
-0.019143
0.154344
-0.0538572
-0.0197569
0.15546
-0.0498946
-0.020929
0.156353
-0.0463786
-0.0237195
0.157302
-0.0422486
-0.027682
0.158697
-0.0387883
-0.0311981
0.160148
-0.0352723
-0.035942
0.161041
-0.0324817
-0.0394581
0.161376
-0.0269565
-0.0430299
0.162102
-0.0217661
-0.0439787
0.163106
-0.0181942
-0.0436438
0.164167
-0.0149014
-0.041244
0.166846
-0.0121109
-0.0399045
0.16852
-0.00853901
-0.0377837
0.170083
-0.00675308
-0.0357746
0.17131
-0.00513457
-0.0315888
0.171366
-0.00440903
-0.0269565
0.17265
-0.0031812
-0.0238311
0.172203
-0.000948779
-0.0205941
0.170362
0.00128364
-0.018864
0.168855
0.00452065
-0.0173013
0.164892
0.0074228
-0.016799
0.161209
0.00965522
-0.016799
0.159925
0.010325
-0.017078
0.15613
0.0112737
-0.015906
0.152893
0.0113854
-0.0154037
0.149489
0.0111063
-0.0151805
0.147089
0.0103808
-0.0155153
0.143796
0.00892969
-0.0157386
0.14067
0.00697632
-0.0158502
0.137266
0.00457646
-0.0155711
0.135145
0.00200918
-0.0152363
0.133583
-0.000837158
-0.0149014
0.133303
-0.0047439
-0.0142875
0.13308
-0.00703213
-0.0140084
0.132857
-0.0108831
-0.0131155
0.132913
-0.0173013
-0.012669
0.133806
-0.0223242
-0.0120551
0.134364
-0.0280727
-0.013841
0.134141
-0.0322027
-0.0143433
0.134978
-0.0372814
-0.0152363
0.135368
-0.0419137
-0.0171338
0.13548
-0.0452065
-0.0188082
0.136652
-0.0487226
-0.0202592
0.138271
-0.0521271
-0.0220452
0.140615
-0.0550292
-0.0238311
0.14307
-0.0586569
-0.0261193
0.145638
-0.0613358
-0.0278495
0.148875
-0.063624
-0.0292447
0.151219
-0.0646286
-0.0300261
0.153674
-0.0648519
-0.030919
0.155907
-0.0649635
-0.0314213
0.158307
-0.0649077
-0.0335421
0.160483
-0.0638473
-0.0371698
0.162213
-0.0635682
-0.0394022
0.163943
-0.0628985
-0.0410766
0.166567
-0.0621171
-0.0430857
0.168464
-0.0617823
-0.0439229
0.170306
-0.0610567
-0.0452065
0.170752
-0.0607219
-0.0454856
0.171924
-0.0599405
-0.0476064
0.173096
-0.0593824
-0.0493365
0.174268
-0.0593266
-0.0504527
0.174938
-0.0602754
-0.0519596
0.174994
-0.0623404
-0.0536897
0.174659
-0.0664704
-0.0570384
0.17332
-0.0704329
-0.0589359
0.170362
-0.0755117
-0.0588801
0.167404
-0.0799207
-0.0575407
0.163664
-0.0849995
-0.0544153
0.158139
-0.0914177
-0.0485552
0.156967
-0.0956035
-0.0442578
0.154065
-0.100236
-0.0386767
0.151665
-0.10537
-0.0325375
0.147703
-0.108886
-0.0259519
0.145191
-0.11017
-0.0214871
0.141508
-0.112347
-0.0152363
0.137154
-0.114467
-0.0102691
0.134364
-0.117704
-0.00452065
0.132745
-0.119881
-0.00223242
0.129787
-0.123899
-0.00145107
0.126271
-0.128532
-0.00206499
0.122588
-0.131155
-0.00267891
0.118793
-0.133052
-0.00295796
0.114328
-0.133945
-0.00396255
0.111314
-0.133499
-0.00546943
0.108524
-0.132997
-0.00820415
0.104896
-0.132885
-0.010604
0.100766
-0.132327
-0.0144549
0.098087
-0.131992
-0.0212638
0.09485
-0.132383
-0.0305284
0.0921153
-0.132773
-0.038286
0.0903294
-0.132104
-0.0464902
0.0881528
-0.130597
-0.0539688
0.0844693
-0.127974
-0.0596615
0.0811764
-0.12535
-0.0617823
0.0781069
-0.121332
-0.0617823
0.0745908
-0.117649
-0.0613916
0.0718561
-0.113351
-0.0601638
0.0694562
-0.110951
-0.0587127
0.0676703
-0.109389
-0.0568709
0.0649356
-0.107993
-0.0535223
0.0640426
-0.107156
-0.0508992
0.0633171
-0.106319
-0.0487784
0.062145
-0.106542
-0.0459321
0.0601359
-0.105873
-0.0405743
0.0584057
-0.104756
-0.0329282
0.0576244
-0.105315
-0.0284634
0.0566198
-0.106375
-0.0239427
0.0561733
-0.106766
-0.0208173
0.0558943
-0.107882
-0.0184175
0.0560059
-0.1095
-0.0158502
0.0568989
-0.110226
-0.0148456
0.0576802
-0.111454
-0.0149014
0.0583499
-0.112235
-0.015013
0.058908
-0.113407
-0.0157386
0.0604149
-0.114523
-0.0166874
0.0622009
-0.11497
-0.017078
0.0641542
-0.115137
-0.0160734
0.0644333
-0.115695
-0.0151805
0.0651588
-0.115863
-0.0146782
0.0669447
-0.11536
-0.0137852
0.0685074
-0.115472
-0.0126132
0.0706282
-0.115472
-0.0116644
0.0721909
-0.115081
-0.0112737
0.074814
-0.116644
-0.0115528
0.0774371
-0.117314
-0.0146782
0.0797812
-0.117481
-0.0163525
0.0813439
-0.11737
-0.0166315
0.0840786
-0.116477
-0.0170222
0.088376
-0.115193
-0.0173013
0.092506
-0.116756
-0.0162967
0.0951849
-0.117202
-0.0155153
0.096915
-0.118876
-0.0143991
0.0968592
-0.119267
-0.015906
0.0968034
-0.120718
-0.0198127
0.0961337
-0.122002
-0.0226033
0.0937896
-0.12429
-0.0256729
0.0896596
-0.127025
-0.0277937
0.0839112
-0.129592
-0.0298586
0.0818462
-0.130318
-0.0324817
0.0783301
-0.132159
-0.0367792
0.0777162
-0.130318
-0.0416905
0.0782743
-0.126523
-0.0458763
0.0811206
-0.121221
-0.0484994
0.0831298
-0.11536
-0.0503969
0.0838553
-0.107659
-0.0515131
0.0853064
-0.102357
-0.0521829
0.0859761
-0.0975568
-0.0526852
0.0875947
-0.0914735
-0.0524619
0.0887109
-0.0860599
-0.051848
0.0903852
-0.0807579
-0.0508434
0.0916688
-0.0767953
-0.0500063
0.0924502
-0.0702097
-0.0490017
0.0934548
-0.0659123
-0.0481087
0.0946826
-0.0604428
-0.047439
0.0954639
-0.0554199
-0.0471041
0.0958546
-0.0508992
-0.0467134
0.0956314
-0.0459321
-0.045374
0.0963011
-0.0416347
-0.0422486
0.0959662
-0.0372814
-0.036835
0.0971941
-0.0331515
-0.0314213
0.0988126
-0.0298028
-0.0267891
0.100431
-0.0272914
-0.0233288
0.101715
-0.0251706
-0.0205383
0.102552
-0.0225475
-0.0173571
0.103724
-0.0191988
-0.0136736
0.104115
-0.0171338
-0.00937617
0.105733
-0.0154595
-0.00725537
0.108858
-0.0141759
-0.00948779
0.111705
-0.0128922
-0.0159618
0.113826
-0.0119435
-0.0236079
0.116281
-0.0108831
-0.0299145
0.117063
-0.0104924
-0.0372814
0.117453
-0.0102133
-0.0451507
0.116449
-0.0107156
-0.0524619
0.116672
-0.0113854
-0.0592708
0.118179
-0.0122225
-0.0667494
0.11896
-0.0144549
-0.0758465
0.120411
-0.0158502
-0.0808695
0.124262
-0.0170222
-0.0871203
0.12789
-0.0186407
-0.0931478
0.130569
-0.0208731
-0.0979475
0.133024
-0.023273
-0.102636
0.134755
-0.0251147
-0.105984
0.137043
-0.0271797
-0.109221
0.138494
-0.0289657
-0.112849
0.140559
-0.0304726
-0.116923
0.140447
-0.0314213
-0.120383
0.140224
-0.031533
-0.124234
0.139219
-0.0319236
-0.127695
0.137043
-0.0323143
-0.130597
0.137657
-0.0325934
-0.134838
0.137824
-0.0324817
-0.138522
0.137768
-0.0329282
-0.142596
0.13855
-0.0337096
-0.147228
0.138661
-0.0343235
-0.151135
0.139108
-0.03477
-0.154093
0.139498
-0.0352723
-0.15839
0.140112
-0.0352723
-0.160734
0.140726
-0.0348258
-0.162576
0.141842
-0.0346584
-0.163581
0.142568
-0.0343235
-0.164195
0.142959
-0.0344351
-0.164306
0.144298
-0.0341002
-0.164585
0.145303
-0.0330398
-0.163971
0.146977
-0.0296912
-0.161237
0.148261
-0.0259519
-0.156995
0.147982
-0.0229381
-0.14974
0.148596
-0.0214871
-0.145331
0.150382
-0.0218219
-0.142261
0.152893
-0.0228823
-0.139136
0.156465
-0.0237753
-0.135675
0.159758
-0.0239427
-0.132271
0.162492
-0.0238869
-0.126411
0.164725
-0.0236637
-0.120941
0.167683
-0.0229939
-0.115249
0.171924
-0.0227707
-0.112458
0.174771
-0.0233846
-0.107938
0.177003
-0.0225475
-0.101743
0.178454
-0.0220452
-0.0953244
0.181301
-0.0214313
-0.0916967
0.184035
-0.0206499
-0.0865622
0.186044
-0.0180268
-0.0791952
0.187942
-0.0166874
-0.0741164
0.189337
-0.0157944
-0.0680889
0.190565
-0.0142875
-0.0594382
0.192072
-0.0120551
-0.0514015
0.194416
-0.00887388
-0.0431974
0.196481
-0.00569268
-0.0371698
0.197207
-0.0036835
-0.0317004
0.200109
-0.00239985
-0.0264542
0.202118
-0.00184175
-0.0229939
0.205522
-0.00128364
-0.0199244
0.209262
-0.000948779
-0.0186407
0.213503
-0.00111621
-0.0173013
0.216963
-0.000892969
-0.0180268
0.22048
-0.00150688
-0.0202592
0.223158
-0.0026231
-0.0231056
0.228014
-0.0047439
-0.0271239
0.229967
-0.00647402
-0.0298586
0.233428
-0.00870644
-0.0337654
0.236274
-0.00976685
-0.0361652
0.239902
-0.0107714
-0.0404068
0.242581
-0.011497
-0.0439229
0.243864
-0.0122225
-0.0481645
0.244087
-0.0121109
-0.0520712
0.244422
-0.0114412
-0.0572058
0.243418
-0.010325
-0.065689
0.242301
-0.00993428
-0.0717724
0.241688
-0.00976685
-0.0768511
0.241074
-0.00987847
-0.0840507
0.240795
-0.0104366
-0.0893527
0.24085
-0.0113854
-0.097222
0.241576
-0.012669
-0.102524
0.241743
-0.0149572
-0.10844
0.24325
-0.0166315
-0.112737
0.245371
-0.0207057
-0.117202
0.246041
-0.0252822
-0.120941
0.245873
-0.0298586
-0.123899
0.244032
-0.0355513
-0.126523
0.241799
-0.0399604
-0.128253
0.239288
-0.0443694
-0.128867
0.237279
-0.0480529
-0.128308
0.235325
-0.0515689
-0.127527
0.233707
-0.0554199
-0.126411
0.232088
-0.0592708
-0.124848
0.231642
-0.0620613
-0.123676
0.231865
-0.0657448
-0.122895
0.231865
-0.0678656
-0.123341
0.231363
-0.070098
-0.124067
0.231195
-0.071884
-0.123955
0.230972
-0.0736141
-0.123509
0.23086
-0.0767953
-0.121779
0.230805
-0.0793068
-0.119825
0.230972
-0.0823206
-0.115919
0.232032
-0.0856692
-0.1119
0.232646
-0.088683
-0.108328
0.23259
-0.0914177
-0.103529
0.232814
-0.0935385
-0.100403
0.233149
-0.0971104
-0.0947663
0.23326
-0.0994544
-0.0904689
0.232423
-0.102245
-0.0836042
0.231921
-0.10297
-0.0784696
0.231195
-0.104366
-0.0709352
0.23047
-0.103863
-0.0647402
0.230581
-0.103808
-0.0598289
0.230916
-0.104031
-0.0554199
0.230749
-0.104477
-0.0511783
0.230414
-0.104645
-0.0480529
0.230302
-0.104868
-0.0454298
0.230079
-0.105538
-0.0437555
0.230135
-0.10604
-0.0424718
0.230637
-0.1071
-0.0417463
0.231307
-0.109835
-0.0420812
0.232423
-0.113407
-0.0431416
0.234432
-0.118207
-0.0442578
0.23499
-0.123062
-0.0443136
0.233651
-0.126299
-0.0428067
0.232925
-0.127918
-0.0416347
0.230805
-0.130039
-0.0392906
0.227009
-0.131936
-0.0383418
0.222321
-0.133555
-0.0370582
0.218247
-0.135062
-0.0363327
0.213168
-0.13735
-0.0363885
0.207811
-0.139973
-0.0373931
0.200611
-0.14321
-0.0381744
0.1957
-0.145498
-0.0386209
0.189058
-0.146391
-0.0397929
0.182138
-0.147675
-0.042137
0.17371
-0.148065
-0.0454298
0.165953
-0.148065
-0.0472715
0.158195
-0.146168
-0.0463228
0.151274
-0.145219
-0.0425834
0.143405
-0.144494
-0.039179
0.136931
-0.144884
-0.0376721
0.130792
-0.14494
-0.0393464
0.125155
-0.145777
-0.0432532
0.11896
-0.144717
-0.0506202
0.11444
-0.143601
-0.0544153
0.108803
-0.142763
-0.0615032
0.104617
-0.141368
-0.0679214
0.103166
-0.140531
-0.0745629
0.101603
-0.139526
-0.0807021
0.0985893
-0.138243
-0.0862831
0.0965801
-0.135954
-0.0923665
0.0952407
-0.134671
-0.0961058
0.0947942
-0.131378
-0.0991195
0.0944593
-0.128029
-0.101352
0.0939571
-0.125685
-0.102524
0.0938454
-0.123509
-0.10364
0.0937896
-0.121165
-0.103975
0.094571
-0.11843
-0.105315
0.0953523
-0.11603
-0.107324
0.0979196
-0.112793
-0.10844
0.0978638
-0.110226
-0.109835
0.0986451
-0.106598
-0.111286
0.0984777
-0.101631
-0.11123
0.0988684
-0.0968871
-0.110617
0.0999846
-0.0936501
-0.11084
0.100599
-0.09192
-0.111119
0.101715
-0.090134
-0.111342
0.103891
-0.0886272
-0.111342
0.105287
-0.0874551
-0.111509
0.10657
-0.086618
-0.110728
0.107519
-0.0858924
-0.108719
0.108021
-0.0847204
-0.106989
0.108691
-0.0840507
-0.105259
0.108468
-0.0852227
-0.10191
0.10791
-0.0866738
-0.0988963
0.106905
-0.0896317
-0.0933152
0.10657
-0.0928129
-0.0887946
0.106291
-0.0967755
-0.0837158
0.104728
-0.100515
-0.0789719
0.102105
-0.102022
-0.0752884
0.0996497
-0.10364
-0.0680889
0.100431
-0.103808
-0.0628427
0.101771
-0.103529
-0.0591592
0.102943
-0.103417
-0.0568151
0.102775
-0.103863
-0.0558664
0.102329
-0.103919
-0.0555873
0.102161
-0.104645
-0.055978
0.100878
-0.104198
-0.05715
0.0991474
-0.102412
-0.0582104
0.100654
-0.101296
-0.0578755
0.100208
-0.101519
-0.0564245
0.100264
-0.102245
-0.0603312
0.101212
-0.104087
-0.0671959
0.101938
-0.105259
-0.0731118
0.100487
-0.106152
-0.0789161
0.100654
-0.104924
-0.0819857
0.101603
-0.102245
-0.0797533
0.103556
-0.0995102
-0.0749536
0.106403
-0.0973894
-0.070712
0.109361
-0.0970545
-0.0695399
0.114495
-0.0964406
-0.0691493
0.119183
-0.0951012
-0.0708236
0.123258
-0.0965522
-0.0741722
0.127722
-0.0986172
-0.0759023
0.132131
-0.100571
-0.0762372
0.136206
-0.101798
-0.0766279
0.140168
-0.103026
-0.078358
0.143126
-0.10364
-0.0789161
0.145024
-0.105091
-0.0766837
0.145972
-0.105035
-0.0709352
0.147145
-0.103529
-0.0623404
0.144745
-0.101631
-0.0536897
0.14028
-0.0982824
-0.0472715
0.135815
-0.0945431
-0.042416
0.131462
-0.0908038
-0.0378396
0.12655
-0.0860041
-0.031812
0.122699
-0.0815392
-0.0273472
0.119295
-0.0791952
-0.024166
0.116281
-0.0749536
-0.0199802
0.112151
-0.0715491
-0.016799
0.109751
-0.0683679
-0.0143991
0.108245
-0.067754
-0.0136178
0.104952
-0.0629543
-0.0118318
0.10205
-0.0586011
-0.0104366
0.0996497
-0.0534665
-0.00948779
0.0976964
-0.049783
-0.00915293
0.096022
-0.045653
-0.00915293
0.0946268
-0.0410208
-0.0102133
0.0968034
-0.0394022
-0.0125016
0.0968592
-0.0356629
-0.0143991
0.0975289
-0.0315888
-0.0148456
0.0983661
-0.0274588
-0.015906
0.0995939
-0.0237195
-0.0176919
0.100822
-0.0210406
-0.0199244
0.103222
-0.0178594
-0.0226591
0.10724
-0.0150688
-0.0261193
0.1107
-0.0143991
-0.0290215
0.112709
-0.0145666
-0.0323701
0.115332
-0.0154037
-0.038007
0.118904
-0.0157944
-0.0428067
0.123704
-0.0166874
-0.0496714
0.126718
-0.0174687
-0.0553641
0.131797
-0.0189756
-0.0606661
0.132355
-0.0193663
-0.0635682
0.136094
-0.0206499
-0.0687028
0.140447
-0.0215429
-0.0704329
0.14547
-0.022101
-0.0708236
0.149321
-0.0226591
-0.0687028
0.153619
-0.0229381
-0.065689
0.156688
-0.022101
-0.0621729
0.159032
-0.0219894
-0.0591034
0.160986
-0.0215987
-0.0556989
0.162716
-0.0205383
-0.0502295
0.164334
-0.0198127
-0.0463228
0.165841
-0.0189198
-0.0419695
0.167069
-0.0183059
-0.0376163
0.168576
-0.017078
-0.0339886
0.16919
-0.0163525
-0.0298586
0.17025
-0.0149014
-0.0266774
0.172036
-0.0133387
-0.0231614
0.174938
-0.0121667
-0.020315
0.17678
-0.0109947
-0.0173571
0.179459
-0.00937617
-0.0131155
0.183198
-0.0079251
-0.010604
0.185431
-0.00708794
-0.00937617
0.188612
-0.00602754
-0.0089855
0.192295
-0.00468809
-0.00920874
0.197653
-0.00463228
-0.00943198
0.202397
-0.00429741
-0.00959941
0.20608
-0.00658564
-0.010325
0.212387
-0.011776
-0.0162409
0.215568
-0.0133945
-0.0239985
0.216461
-0.0159618
-0.0318678
0.217745
-0.0183617
-0.0370024
0.21808
-0.0215429
-0.0419695
0.218136
-0.024445
-0.0458205
0.217577
-0.0265658
-0.0480529
0.217912
-0.0291889
-0.0511225
0.216517
-0.0313655
-0.0539688
0.214731
-0.0324259
-0.0546943
0.215233
-0.0335979
-0.0550292
0.216071
-0.036835
-0.0558664
0.216908
-0.0411324
-0.0568709
0.217577
-0.0451507
-0.0568151
0.218415
-0.0477738
-0.0565361
0.219754
-0.0512341
-0.0558105
0.22048
-0.0540804
-0.0547501
0.221428
-0.0567593
-0.0515689
0.222768
-0.0597731
-0.0466576
0.224219
-0.0630101
-0.0435322
0.225614
-0.067754
-0.0387883
0.226675
-0.0718282
-0.0366675
0.226786
-0.0803672
-0.0330398
0.225782
-0.0867854
-0.0308632
0.226228
-0.0930362
-0.0287424
0.226619
-0.101129
-0.0261193
0.225837
-0.105873
-0.0238311
0.224107
-0.109724
-0.020929
0.219196
-0.113574
-0.0178036
0.214954
-0.11603
-0.0158502
0.208257
-0.118095
-0.012948
0.203067
-0.119267
-0.0109389
0.198044
-0.120662
-0.00876226
0.191737
-0.121555
-0.0074228
0.185598
-0.122393
-0.00625078
0.180129
-0.122616
-0.00558105
0.176668
-0.122951
-0.00652983
0.173487
-0.124681
-0.0103808
0.17025
-0.126802
-0.0160176
0.166232
-0.129146
-0.0209848
0.16266
-0.130597
-0.0250589
0.159367
-0.131322
-0.0288541
0.155404
-0.131825
-0.0332631
0.152223
-0.131601
-0.0376163
0.146754
-0.131601
-0.041523
0.141619
-0.13082
-0.0470483
0.136931
-0.13015
-0.0500621
0.132857
-0.129704
-0.0537456
0.130457
-0.129536
-0.0556989
0.12722
-0.129648
-0.0575965
0.123816
-0.128643
-0.059494
0.120858
-0.127471
-0.0600521
0.118346
-0.126243
-0.0598847
0.115332
-0.124402
-0.0597173
0.1131
-0.122448
-0.059494
0.110923
-0.120495
-0.059494
0.109361
-0.118932
-0.0580988
0.107575
-0.116811
-0.0560338
0.106068
-0.114467
-0.0544153
0.104394
-0.112961
-0.0536339
0.104226
-0.111119
-0.0535223
0.104673
-0.109221
-0.0530758
0.105956
-0.107547
-0.0519038
0.106849
-0.105928
-0.0500621
0.107128
-0.104645
-0.0479971
0.108245
-0.10325
-0.0453182
0.109863
-0.103026
-0.0431416
0.111091
-0.102357
-0.0402394
0.111091
-0.101017
-0.0377279
0.111928
-0.0997334
-0.035942
0.111816
-0.0985614
-0.0343235
0.112375
-0.0972778
-0.0331515
0.1131
-0.0944314
-0.0315888
0.11416
-0.0922548
-0.0313655
0.114942
-0.0908038
-0.0311981
0.115221
-0.0882923
-0.0315888
0.116393
-0.0862273
-0.0313655
0.118346
-0.0842181
-0.0299703
0.120132
-0.0828229
-0.0296354
0.122532
-0.0805904
-0.0313097
0.125099
-0.0799207
-0.0337096
0.128336
-0.0788045
-0.0367792
0.13068
-0.0771302
-0.0394581
0.132578
-0.0748419
-0.0417463
0.132299
-0.0716049
-0.0436438
0.131183
-0.0684795
-0.0439787
0.130122
-0.0642379
-0.0437555
0.128225
-0.0607777
-0.0434764
0.126606
-0.0569268
-0.0436997
0.123202
-0.0536339
-0.0413556
0.120579
-0.0512899
-0.0378954
0.119016
-0.0494481
-0.0351048
0.117732
-0.046546
-0.0301935
0.117844
-0.0453182
-0.0267333
0.115277
-0.0432532
-0.0225475
0.112542
-0.0412998
-0.020036
0.112765
-0.040072
-0.0199802
0.111537
-0.039179
-0.0239985
0.111928
-0.0391232
-0.0281285
0.109696
-0.0387325
-0.0305284
0.108914
-0.0363327
-0.0285192
0.106124
-0.032984
-0.022101
0.105175
-0.0285192
-0.0162409
0.104449
-0.026231
-0.012948
0.104952
-0.0233288
-0.00731118
0.105956
-0.0226033
-0.00340444
0.107184
-0.0211522
5.58105e-05
0.107073
-0.0197011
0.00273472
0.109584
-0.0181384
0.00379512
0.111537
-0.0169106
0.00412998
0.114216
-0.0162409
0.00284634
0.118737
-0.015906
-0.00519038
0.121639
-0.0159618
-0.0118318
0.124876
-0.0162409
-0.019143
0.127332
-0.016799
-0.0290773
0.128448
-0.0177478
-0.0370024
0.129955
-0.0180826
-0.0418579
0.130904
-0.0191988
-0.0498388
0.133303
-0.0187523
-0.0573732
0.134978
-0.0191988
-0.0675866
0.138271
-0.0193104
-0.0761814
0.139498
-0.0202592
-0.0849995
0.14095
-0.0207057
-0.0903573
0.141787
-0.0202592
-0.0939291
0.143852
-0.0199244
-0.0983382
0.144187
-0.0199244
-0.102189
0.144912
-0.0213196
-0.105147
0.147424
-0.0246125
-0.108328
0.148149
-0.027403
-0.110114
0.14854
-0.0319794
-0.111789
0.147368
-0.0349374
-0.11257
0.146977
-0.0392348
-0.112793
0.146865
-0.0426393
-0.110951
0.146419
-0.0447042
-0.106263
0.144466
-0.0463228
-0.101129
0.141898
-0.0487784
-0.0927013
0.141396
-0.0496714
-0.08779
0.140615
-0.0520712
-0.0805346
0.14067
-0.0548618
-0.0751768
0.141452
-0.0579313
-0.0703771
0.142903
-0.0615032
-0.066582
0.144633
-0.0662471
-0.065689
0.146977
-0.0722189
-0.0669168
0.148428
-0.0774092
-0.0673633
0.150047
-0.0825996
-0.0656332
0.150493
-0.0874551
-0.0618939
0.151051
-0.0927571
-0.0556431
0.150828
-0.0961616
-0.0505085
0.151554
-0.0978917
-0.0473273
0.15306
-0.100682
-0.0413556
0.152837
-0.100403
-0.035942
0.154511
-0.101408
-0.0305842
0.15613
-0.101631
-0.0267891
0.157302
-0.101966
-0.0228265
0.159144
-0.10124
-0.0175245
0.160651
-0.101185
-0.0137852
0.162827
-0.100347
-0.00999009
0.16612
-0.0983382
-0.00680889
0.169971
-0.0961058
-0.0058043
0.175496
-0.0934827
-0.00781348
0.180296
-0.0927571
-0.0120551
0.186491
-0.0905247
-0.0191988
0.190342
-0.0889062
-0.0267333
0.193914
-0.0864505
-0.0336538
0.197095
-0.0841065
-0.0409091
0.200499
-0.0831019
-0.0511225
0.203792
-0.0825996
-0.0638473
0.206248
-0.0818183
-0.0746187
0.207308
-0.0798091
-0.0834368
0.209764
-0.0774092
-0.0922548
0.211606
-0.0752326
-0.098673
0.21328
-0.0725537
-0.104645
0.214843
-0.0706562
-0.109891
0.217131
-0.0688144
-0.115695
0.219252
-0.0669727
-0.123676
0.221093
-0.0660797
-0.12909
0.222154
-0.0650751
-0.136178
0.223382
-0.0644054
-0.14254
0.224219
-0.0636798
-0.147954
0.225335
-0.0623962
-0.155098
0.226563
-0.0618939
-0.159897
0.228293
-0.0610567
-0.164418
0.229577
-0.0605544
-0.167487
0.231865
-0.0597173
-0.170613
0.233874
-0.0588243
-0.172008
0.236553
-0.0582662
-0.173348
0.238562
-0.0577081
-0.173124
0.241688
-0.0579872
-0.17039
0.243529
-0.0586569
-0.169329
0.245873
-0.0598847
-0.167376
0.247492
-0.0604428
-0.165367
0.247324
-0.0608335
-0.161404
0.246487
-0.0611684
-0.157776
0.245985
-0.0622846
-0.153702
0.245539
-0.0631775
-0.147005
0.245818
-0.0635682
-0.141647
0.246152
-0.0640705
-0.138019
0.245539
-0.0651867
-0.131378
0.244366
-0.0659681
-0.126355
0.242748
-0.0673633
-0.119937
0.241353
-0.0679772
-0.115639
0.240125
-0.068926
-0.109668
0.238897
-0.0699864
-0.103696
0.23873
-0.0707678
-0.0985056
0.238283
-0.0718282
-0.0928129
0.238283
-0.0729444
-0.0867296
0.23806
-0.0741164
-0.0809811
0.238339
-0.0750652
-0.0755675
0.238116
-0.0760698
-0.0706562
0.238897
-0.0769627
-0.0649635
0.239399
-0.0775767
-0.0597173
0.239511
-0.0785813
-0.0549734
0.239455
-0.0796975
-0.0512899
0.239455
-0.0810927
-0.047718
0.239232
-0.0835484
-0.0428625
0.238004
-0.0861157
-0.0388441
0.237055
-0.0891853
-0.0348258
0.236999
-0.092199
-0.0314771
0.235772
-0.0949337
-0.0284634
0.234321
-0.100124
-0.0248915
0.2322
-0.103361
-0.0260077
0.231418
-0.10671
-0.0284634
0.230246
-0.110449
-0.031812
0.228963
-0.112347
-0.0346584
0.22673
-0.114077
-0.0390116
0.225168
-0.115305
-0.0427509
0.22327
-0.117091
-0.0496714
0.222265
-0.118151
-0.0558664
0.220759
-0.118932
-0.0621729
0.219419
-0.119658
-0.0672517
0.217856
-0.120328
-0.074228
0.216126
-0.12083
-0.0810369
0.214619
-0.121332
-0.0882365
0.213224
-0.121723
-0.0937059
0.211103
-0.122281
-0.101352
0.208871
-0.122783
-0.107212
0.206415
-0.12323
-0.113128
0.203513
-0.123509
-0.117481
0.198993
-0.12362
-0.120383
0.194249
-0.123062
-0.122002
0.189951
-0.121388
-0.122448
0.186993
-0.12083
-0.1215
0.184928
-0.120495
-0.118709
0.183366
-0.120551
-0.115974
0.181914
-0.120662
-0.111398
0.181914
-0.120607
-0.107938
0.182082
-0.120718
-0.102301
0.183979
-0.120607
-0.0978359
0.185598
-0.120774
-0.091027
0.18677
-0.12083
-0.0860041
0.188221
-0.120886
-0.081595
0.189616
-0.121221
-0.0751768
0.190621
-0.120997
-0.0702097
0.19157
-0.121165
-0.0634008
0.192295
-0.121779
-0.0588801
0.192518
-0.123676
-0.0545269
0.192184
-0.12535
-0.0522387
0.1909
-0.126243
-0.0511225
0.190286
-0.126523
-0.0505644
0.190677
-0.127248
-0.050676
0.190565
-0.128253
-0.0510108
0.190956
-0.129704
-0.0516248
0.1909
-0.130597
-0.0520712
0.190174
-0.131434
-0.0521271
0.188165
-0.131155
-0.0503411
0.188779
-0.131825
-0.0501179
0.18744
-0.13495
-0.0501179
0.189728
-0.135564
-0.0516806
0.190007
-0.137294
-0.0521271
0.190453
-0.13774
-0.0519596
0.187663
-0.138912
-0.0522387
0.184593
-0.139136
-0.0526852
0.181189
-0.138857
-0.0533549
0.174771
-0.138522
-0.0550292
0.169915
-0.138019
-0.0573732
0.164055
-0.137517
-0.0596057
0.157749
-0.137127
-0.0621729
0.151554
-0.13668
-0.0637356
0.146475
-0.135787
-0.0646844
0.141619
-0.134169
-0.0651867
0.137043
-0.133052
-0.0676982
0.134364
-0.132885
-0.0722747
0.132187
-0.133331
-0.0773534
0.127109
-0.132048
-0.0844414
0.123425
-0.126299
-0.0920874
0.119351
-0.122393
-0.0997334
0.117844
-0.119769
-0.106375
0.115946
-0.118095
-0.113742
0.114105
-0.116198
-0.119435
0.111761
-0.113072
-0.122448
0.108635
-0.110282
-0.12323
0.104282
-0.105091
-0.123788
0.101715
-0.102636
-0.125183
0.0998172
-0.102301
-0.126411
0.0983661
-0.101798
-0.127081
0.0955756
-0.101575
-0.125462
0.0933431
-0.100292
-0.120997
0.0918363
-0.100124
-0.116588
0.0915014
-0.0987289
-0.111398
0.0914456
-0.0981149
-0.108552
0.0911665
-0.0988405
-0.105426
0.091613
-0.0985056
-0.100626
0.0915014
-0.0985056
-0.0962174
0.0931199
-0.0978917
-0.0915851
0.0953523
-0.0978917
-0.0870086
0.100543
-0.0972778
-0.0828787
0.10205
-0.0976126
-0.0750652
0.102217
-0.0959941
-0.0673075
0.100599
-0.0932594
-0.0584336
0.100264
-0.0912502
-0.0497272
0.101491
-0.0893527
-0.043309
0.103054
-0.0875109
-0.0363327
0.105733
-0.0863389
-0.0295796
0.108747
-0.0840507
-0.023273
0.110142
-0.0819299
-0.0186407
