0.228126
0.0787487
-0.17904
0.228126
0.0787487
-0.179096
0.228126
0.0786929
-0.178984
0.228014
0.0782464
-0.178761
0.22807
0.0777999
-0.178984
0.228014
0.0773534
-0.179263
0.227902
0.0770186
-0.179208
0.227847
0.0765163
-0.179487
0.227847
0.0761814
-0.179487
0.227679
0.0758465
-0.17971
0.226116
0.0751768
-0.179933
0.222824
0.0724979
-0.178984
0.221428
0.0694841
-0.177198
0.220201
0.0652983
-0.174017
0.219642
0.0640147
-0.172343
0.22221
0.0627311
-0.171004
0.229856
0.0600521
-0.165981
0.231474
0.0588243
-0.16319
0.235883
0.0570942
-0.159172
0.243753
0.0549176
-0.154986
0.251789
0.0538014
-0.151358
0.261165
0.0546943
-0.148735
0.266747
0.0593266
-0.147563
0.272941
0.0654658
-0.146614
0.281871
0.0727211
-0.144159
0.288457
0.0764046
-0.140754
0.292364
0.0805904
-0.137685
0.293424
0.0831019
-0.134782
0.295545
0.0827112
-0.130597
0.293815
0.0779115
-0.126132
0.292364
0.0715491
-0.124904
0.28522
0.066861
-0.125909
0.280085
0.064517
-0.126913
0.274951
0.0614474
-0.125797
0.273779
0.0611125
-0.124848
0.267249
0.0617823
-0.121667
0.269202
0.0636798
-0.118207
0.266802
0.0639589
-0.115416
0.266188
0.0640705
-0.114691
0.265854
0.0673075
-0.114188
0.265351
0.0703771
-0.109444
0.2663
0.0713259
-0.106933
0.266412
0.0724979
-0.106766
0.2711
0.0755117
-0.110561
0.275844
0.0761814
-0.111119
0.280588
0.076293
-0.111175
0.283992
0.0786929
-0.113184
0.284829
0.0814276
-0.114635
0.285276
0.0832135
-0.116253
0.285666
0.0840507
-0.117035
0.286559
0.0843855
-0.11843
0.287731
0.0844972
-0.119993
0.287899
0.0844972
-0.121779
0.290187
0.0855018
-0.12362
0.288792
0.0871761
-0.123174
0.287452
0.0897992
-0.122393
0.288122
0.0935943
-0.118318
0.289238
0.0959941
-0.11536
0.288903
0.0992312
-0.113798
0.288178
0.103529
-0.11776
0.284048
0.108049
-0.122169
0.280643
0.113574
-0.128811
0.278969
0.116867
-0.133499
0.275565
0.119658
-0.138857
0.272328
0.120216
-0.142708
0.267974
0.11843
-0.149126
0.26563
0.116923
-0.156214
0.260607
0.114188
-0.163748
0.257482
0.111677
-0.170334
0.25564
0.108552
-0.175524
0.254747
0.104812
-0.180101
0.255752
0.102412
-0.183728
0.256924
0.0984498
-0.189588
0.259045
0.0952128
-0.193384
0.2639
0.0917525
-0.197179
0.268588
0.0882923
-0.199355
0.273053
0.0851111
-0.200527
0.278523
0.0814834
-0.20142
0.282932
0.0785254
-0.202425
0.288066
0.0752326
-0.203764
0.294763
0.0728886
-0.203708
0.301516
0.0708236
-0.202983
0.305535
0.0678656
-0.201085
0.314297
0.0671959
-0.197737
0.320046
0.0661913
-0.196676
0.325571
0.0659123
-0.194611
0.330761
0.0657448
-0.192044
0.337682
0.0662471
-0.187523
0.343542
0.0669168
-0.182277
0.348509
0.0681447
-0.175245
0.351467
0.0692051
-0.168325
0.35409
0.0714933
-0.1604
0.354648
0.0746187
-0.153479
0.354983
0.0781348
-0.147117
0.354648
0.0828229
-0.14148
0.353755
0.0876226
-0.136959
0.352918
0.0944873
-0.133499
0.350295
0.099566
-0.134559
0.348062
0.104756
-0.137406
0.345049
0.10777
-0.141368
0.341309
0.112681
-0.14734
0.336677
0.115751
-0.153256
0.333496
0.119379
-0.160344
0.329031
0.122504
-0.168994
0.324008
0.123955
-0.176585
0.320715
0.125462
-0.181887
0.31865
0.126802
-0.186575
0.317032
0.128253
-0.192993
0.315302
0.128253
-0.199913
0.31346
0.128197
-0.207336
0.313404
0.128197
-0.21448
0.313906
0.12775
-0.22034
0.314688
0.126969
-0.227986
0.316139
0.12602
-0.234516
0.32038
0.124848
-0.239148
0.320157
0.122616
-0.245901
0.320436
0.120718
-0.250924
0.318874
0.118039
-0.25578
0.311786
0.115528
-0.258012
0.308046
0.111844
-0.255445
0.307377
0.109835
-0.254217
0.306986
0.109389
-0.254664
0.305591
0.109333
-0.257677
0.304251
0.108496
-0.260356
0.303526
0.106821
-0.261751
0.303916
0.105594
-0.261863
0.303693
0.10325
-0.260579
0.303023
0.101185
-0.258905
0.300958
0.0987847
-0.25684
0.299452
0.0976126
-0.25405
0.299005
0.0952128
-0.249138
0.29867
0.0929804
-0.24618
0.297889
0.0911386
-0.24166
0.298782
0.0886272
-0.236079
0.299563
0.0861157
-0.230274
0.3028
0.0838274
-0.224303
0.305479
0.0812602
-0.217829
0.308325
0.07953
-0.211968
0.311339
0.0791952
-0.206722
0.313293
0.0788603
-0.200974
0.314576
0.0781906
-0.195616
0.317813
0.0785813
-0.190091
0.318483
0.0786929
-0.184175
0.317646
0.079251
-0.179208
0.317813
0.0802556
-0.174799
0.315302
0.0830461
-0.169162
0.311228
0.0862273
-0.165534
0.307432
0.0908596
-0.163246
0.306093
0.0935385
-0.161795
0.306874
0.0961058
-0.159841
0.307209
0.0964406
-0.158837
0.307153
0.0953244
-0.156828
0.307432
0.0938175
-0.15599
0.308102
0.0922548
-0.1556
0.311116
0.09192
-0.155656
0.311116
0.0920874
-0.155209
0.312065
0.0925339
-0.154651
0.312958
0.0929246
-0.15426
0.314855
0.0929246
-0.152865
0.316641
0.0924781
-0.149684
0.319041
0.0930362
-0.14187
0.319599
0.0953802
-0.135062
0.320827
0.0973894
-0.132159
0.323841
0.100794
-0.126857
0.328864
0.103529
-0.121834
0.33238
0.107212
-0.115807
0.335059
0.11123
-0.112068
0.335449
0.116253
-0.109444
0.337347
0.123453
-0.106207
0.337961
0.128476
-0.104701
0.339133
0.135006
-0.104812
0.339579
0.13841
-0.107268
0.337012
0.141256
-0.110951
0.334166
0.144159
-0.114858
0.331264
0.147507
-0.119825
0.327636
0.151191
-0.12429
0.323562
0.153591
-0.12775
0.319097
0.15493
-0.132327
0.31586
0.15627
-0.135341
0.313906
0.157609
-0.137573
0.311897
0.159451
-0.140643
0.310725
0.160455
-0.14321
0.308493
0.161181
-0.147061
0.305702
0.161348
-0.151749
0.304251
0.161125
-0.157218
0.302856
0.160455
-0.162297
0.302075
0.159786
-0.166483
0.301796
0.158223
-0.172064
0.301293
0.157497
-0.176026
0.30107
0.156325
-0.182166
0.300903
0.155823
-0.187802
0.303526
0.155209
-0.193104
0.30827
0.155209
-0.197737
0.310223
0.154428
-0.202927
0.314799
0.15387
-0.208676
0.319432
0.153535
-0.21688
0.323171
0.15387
-0.228488
0.323896
0.153814
-0.2358
0.322669
0.15426
-0.242999
0.321441
0.152028
-0.244171
0.320213
0.148623
-0.243334
0.319432
0.146168
-0.241325
0.318427
0.144661
-0.239204
0.317534
0.145554
-0.238032
0.315469
0.147507
-0.239371
0.313125
0.149461
-0.241157
0.313683
0.150242
-0.241436
0.314018
0.151749
-0.241213
0.309832
0.15253
-0.241715
0.306149
0.151916
-0.24032
0.306484
0.152977
-0.238702
0.302689
0.154037
-0.238423
0.299452
0.153591
-0.237027
0.297498
0.153591
-0.237306
0.29454
0.153981
-0.239427
0.291973
0.154651
-0.243501
0.290299
0.155544
-0.246627
0.289015
0.15666
-0.24819
0.285555
0.157776
-0.249082
0.283601
0.159674
-0.246404
0.284104
0.160846
-0.243725
0.284662
0.162855
-0.239092
0.28522
0.165534
-0.234014
0.285052
0.167711
-0.229605
0.287731
0.170445
-0.222461
0.289964
0.172343
-0.215931
0.293368
0.173682
-0.209066
0.297275
0.174854
-0.202034
0.300568
0.176082
-0.19729
0.305926
0.175971
-0.193328
0.307321
0.175413
-0.188584
0.310948
0.175189
-0.183952
0.315469
0.175357
-0.179989
0.31865
0.174799
-0.176696
0.320827
0.174464
-0.17212
0.321552
0.174854
-0.167097
0.325738
0.17625
-0.161516
0.326575
0.177031
-0.15627
0.325124
0.178761
-0.152642
0.322948
0.181384
-0.149237
0.318539
0.185235
-0.145275
0.314241
0.189254
-0.141201
0.311451
0.19316
-0.138019
0.307321
0.198406
-0.133331
0.303693
0.20142
-0.132438
0.298782
0.204546
-0.133387
0.295935
0.20795
-0.136959
0.293703
0.212192
-0.14148
0.287564
0.21794
-0.1484
0.283992
0.222461
-0.154316
0.283043
0.227372
-0.159395
0.282987
0.230665
-0.165813
0.28148
0.23446
-0.173124
0.283434
0.237362
-0.178426
0.286392
0.24166
-0.185458
0.288513
0.245343
-0.191095
0.290745
0.248022
-0.194556
0.29454
0.252096
-0.20036
0.3004
0.25444
-0.204769
0.305479
0.255389
-0.210183
0.309665
0.256617
-0.213754
0.313739
0.256952
-0.218331
0.318148
0.256394
-0.222238
0.321218
0.255054
-0.228712
0.32278
0.253101
-0.235297
0.322557
0.250254
-0.241548
0.320827
0.247855
-0.245845
0.317702
0.244673
-0.248469
0.314185
0.242162
-0.24925
0.31039
0.23965
-0.250254
0.306874
0.235521
-0.25165
0.300512
0.232897
-0.252599
0.295266
0.231949
-0.251482
0.290187
0.23273
-0.250254
0.283992
0.23379
-0.249306
0.278467
0.235465
-0.247631
0.270821
0.237139
-0.246459
0.261835
0.23965
-0.244115
0.25497
0.241827
-0.241102
0.246097
0.243948
-0.237306
0.238172
0.244729
-0.234962
0.233428
0.245008
-0.230553
0.230246
0.245064
-0.224972
0.225726
0.246013
-0.221289
0.223549
0.24791
-0.215987
0.220926
0.249641
-0.209401
0.218247
0.249864
-0.204267
0.217243
0.25031
-0.198072
0.217633
0.250813
-0.191932
0.217187
0.250757
-0.184231
0.216684
0.250534
-0.177143
0.218582
0.250422
-0.172845
0.216796
0.250254
-0.170111
0.217019
0.250199
-0.169608
0.216573
0.25031
-0.168659
0.216294
0.251147
-0.16559
0.217745
0.253101
-0.159451
0.218359
0.25578
-0.155153
0.214173
0.257733
-0.150633
0.214006
0.255389
-0.145945
0.21222
0.252487
-0.144828
0.211048
0.250087
-0.145052
0.210322
0.248301
-0.145442
0.208369
0.245287
-0.14801
0.207476
0.243501
-0.151693
0.208145
0.241046
-0.158335
0.208145
0.239874
-0.162911
0.207755
0.238423
-0.167264
0.205857
0.237585
-0.171059
0.214508
0.236302
-0.171506
0.224163
0.231837
-0.170669
0.231418
0.229605
-0.168939
0.239232
0.227595
-0.169608
0.245483
0.228656
-0.172343
0.252515
0.228935
-0.173906
0.262561
0.229102
-0.175971
0.269035
0.228879
-0.180547
0.275788
0.228098
-0.186407
0.28148
0.228433
-0.191653
0.285778
0.228991
-0.196397
0.289517
0.230888
-0.201364
0.296159
0.232116
-0.204657
0.29867
0.232674
-0.207169
0.301293
0.233065
-0.209792
0.304028
0.234014
-0.211466
0.305033
0.234069
-0.213922
0.304642
0.234683
-0.214926
0.303526
0.235576
-0.216154
0.302633
0.237474
-0.216936
0.30213
0.239427
-0.218331
0.301293
0.24099
-0.219559
0.301237
0.242999
-0.220005
0.299786
0.244562
-0.22101
0.297833
0.247743
-0.221903
0.296382
0.24992
-0.222963
0.294484
0.250589
-0.223968
0.291192
0.251873
-0.225865
0.28762
0.25204
-0.227819
0.283545
0.251482
-0.229046
0.281313
0.248803
-0.230832
0.278523
0.245734
-0.233679
0.276067
0.242385
-0.235576
0.273388
0.236246
-0.236693
0.269593
0.22966
-0.238367
0.26697
0.221791
-0.239483
0.266858
0.212248
-0.237697
0.265128
0.202648
-0.23993
0.264123
0.196007
-0.243222
0.265407
0.188137
-0.246683
0.265965
0.18278
-0.250701
0.267584
0.176529
-0.25444
0.273053
0.17039
-0.255836
0.277685
0.165367
-0.257231
0.281425
0.160567
-0.259854
0.284494
0.155656
-0.263928
0.28801
0.150856
-0.268728
0.292308
0.148065
-0.272914
0.294261
0.146056
-0.277769
0.298112
0.14561
-0.281006
0.300679
0.146614
-0.285024
0.305256
0.147731
-0.287703
0.307209
0.149182
-0.290606
0.307879
0.151526
-0.294791
0.311339
0.155377
-0.297303
0.311674
0.159953
-0.299703
0.314074
0.163246
-0.301544
0.316139
0.168046
-0.302772
0.316585
0.171059
-0.302828
0.316362
0.173124
-0.301265
0.315581
0.172622
-0.296633
0.314353
0.171059
-0.291331
0.313683
0.170557
-0.287648
0.313404
0.169887
-0.286308
0.312679
0.168939
-0.284969
0.3124
0.168548
-0.284243
0.311953
0.168325
-0.283015
0.309832
0.169162
-0.281285
0.306651
0.169608
-0.27855
0.304809
0.167264
-0.274253
0.303358
0.163748
-0.270402
0.301293
0.1604
-0.267333
0.299675
0.157051
-0.263928
0.30001
0.154763
-0.262254
0.299563
0.153535
-0.261249
0.298168
0.152809
-0.260859
0.298503
0.152084
-0.259296
0.301349
0.152586
-0.257175
0.303972
0.157163
-0.258068
0.305144
0.160344
-0.259631
0.306093
0.163469
-0.260579
0.306037
0.165088
-0.261361
0.304977
0.165702
-0.262254
0.303358
0.162855
-0.261082
0.300679
0.160679
-0.260803
0.299061
0.158279
-0.260524
0.298447
0.156325
-0.260747
0.296549
0.154037
-0.262365
0.291973
0.150688
-0.262198
0.290689
0.147507
-0.260468
0.29002
0.145052
-0.259798
0.286615
0.140308
-0.259519
0.283825
0.134448
-0.256673
0.281536
0.128141
-0.253268
0.28042
0.124513
-0.24819
0.279918
0.122169
-0.244339
0.278467
0.119937
-0.238758
0.278523
0.117704
-0.232339
0.278746
0.116309
-0.225865
0.279639
0.115807
-0.220117
0.280699
0.115974
-0.215485
0.27975
0.11497
-0.209792
0.278913
0.111454
-0.204546
0.275006
0.107324
-0.20142
0.27283
0.103138
-0.196286
0.270318
0.100738
-0.193997
0.268086
0.0981149
-0.191319
0.26803
0.0958267
-0.187356
0.268477
0.0947663
-0.18384
0.269258
0.0958825
-0.178203
0.270821
0.0983382
-0.173236
0.270932
0.100292
-0.170501
0.274393
0.102803
-0.166539
0.278188
0.106877
-0.161572
0.277518
0.111063
-0.157888
0.277964
0.114021
-0.153367
0.282708
0.116811
-0.147842
0.286894
0.118207
-0.142931
0.289461
0.12016
-0.136122
0.28935
0.121109
-0.132606
0.292531
0.121667
-0.130764
0.294149
0.120439
-0.12948
0.293368
0.116253
-0.131099
0.294596
0.112402
-0.133499
0.294987
0.109444
-0.136736
0.296605
0.108942
-0.137517
0.297442
0.110003
-0.141424
0.297498
0.110672
-0.143824
0.291861
0.108998
-0.144661
0.284327
0.105426
-0.143824
0.277518
0.101352
-0.142708
0.272049
0.0973336
-0.143545
0.267751
0.0929246
-0.14427
0.265016
0.0884039
-0.147228
0.263175
0.0862831
-0.151916
0.260384
0.0875109
-0.158558
0.258263
0.0865622
-0.16492
0.258431
0.0855576
-0.174575
0.256366
0.0858924
-0.182221
0.250394
0.0865622
-0.189254
0.244869
0.0865063
-0.192435
0.240404
0.086897
-0.195114
0.234934
0.0890178
-0.197067
0.228963
0.0914735
-0.197569
0.223996
0.0945989
-0.196174
0.221317
0.0981149
-0.192156
0.216629
0.101687
-0.186798
0.211829
0.104868
-0.182333
0.207587
0.10777
-0.17625
0.202899
0.109165
-0.170669
0.199216
0.109333
-0.161739
0.196704
0.107826
-0.155377
0.194081
0.106207
-0.146782
0.192184
0.107324
-0.142317
0.18984
0.109165
-0.137406
0.190063
0.11324
-0.130373
0.188388
0.120104
-0.125462
0.187216
0.126969
-0.121723
0.187049
0.131434
-0.119211
0.187607
0.136345
-0.116588
0.187328
0.140475
-0.114467
0.186324
0.144773
-0.111565
0.18571
0.149126
-0.11017
0.185989
0.152809
-0.112012
0.184091
0.154818
-0.113016
0.183589
0.158614
-0.114467
0.179682
0.161683
-0.117816
0.177171
0.164083
-0.118542
0.173543
0.166539
-0.116477
0.176612
0.169497
-0.112347
0.174882
0.172064
-0.10911
0.174492
0.175692
-0.107547
0.175385
0.18211
-0.108272
0.178343
0.187579
-0.107603
0.182863
0.193551
-0.106207
0.184928
0.200862
-0.106431
0.18744
0.208731
-0.107882
0.187328
0.215485
-0.110449
0.185319
0.220452
-0.108998
0.186435
0.225921
-0.105705
0.187161
0.230665
-0.103752
0.191514
0.235186
-0.101687
0.195532
0.239148
-0.101017
0.200388
0.242943
-0.101185
0.206918
0.24618
-0.102468
0.211829
0.250031
-0.105817
0.215122
0.253715
-0.109277
0.217466
0.256394
-0.113742
0.218749
0.258012
-0.118821
0.220033
0.259575
-0.124011
0.217912
0.258012
-0.132327
0.216517
0.255333
-0.141982
0.213559
0.252264
-0.149405
0.212387
0.249417
-0.156437
0.211606
0.245622
-0.161404
0.20915
0.24166
-0.165757
0.206639
0.236469
-0.16972
0.206136
0.229939
-0.171617
0.20608
0.22274
-0.171059
0.205299
0.21554
-0.17039
0.205467
0.209569
-0.165311
0.206415
0.204601
-0.1604
0.208815
0.197793
-0.153312
0.210936
0.192212
-0.148512
0.212889
0.187802
-0.144717
0.215401
0.18278
-0.139359
0.21981
0.178538
-0.133889
0.225447
0.170948
-0.127862
0.230302
0.165981
-0.125239
0.235883
0.158948
-0.122839
0.242469
0.152977
-0.121276
0.247492
0.146224
-0.120718
0.253519
0.139024
-0.121165
0.257928
0.131266
-0.120997
0.265798
0.124737
-0.119881
0.273555
0.115919
-0.122281
0.280253
0.110003
-0.126802
0.289182
0.105147
-0.131769
0.295768
0.100459
-0.135899
0.302242
0.0951012
-0.141145
0.30799
0.0899666
-0.147731
0.311897
0.0854459
-0.156772
0.312288
0.0829345
-0.166706
0.311395
0.0813718
-0.175747
0.3076
0.0791394
-0.18317
0.304474
0.0746187
-0.187858
0.300456
0.0695958
-0.192602
0.295377
0.0670285
-0.1945
0.288457
0.0640147
-0.197569
0.284104
0.063345
-0.199411
0.27869
0.0634566
-0.201811
0.273723
0.0649635
-0.204043
0.270876
0.0670843
-0.204043
0.264235
0.0722189
-0.207504
0.260607
0.0769069
-0.206499
0.257817
0.0802556
-0.204099
0.254636
0.0848878
-0.202927
0.253575
0.088683
-0.200248
0.256142
0.093371
-0.196565
0.253296
0.0987847
-0.193718
0.250171
0.103473
-0.191151
0.252068
0.109947
-0.187021
0.250729
0.114691
-0.181998
0.251845
0.11776
-0.177924
0.253464
0.121611
-0.171171
0.257928
0.123899
-0.163804
0.262951
0.124848
-0.156828
0.265909
0.124792
-0.151861
0.267974
0.124346
-0.146391
0.270709
0.124402
-0.140922
0.274839
0.124123
-0.136457
0.279304
0.123565
-0.131601
0.286559
0.123118
-0.124123
0.292922
0.122337
-0.120551
0.296605
0.121444
-0.118486
0.298
0.121276
-0.117258
0.306707
0.121723
-0.116532
0.311507
0.122169
-0.115695
0.315413
0.123006
-0.115081
0.320325
0.123732
-0.114635
0.324734
0.124067
-0.114244
0.32931
0.125685
-0.112961
0.335338
0.126802
-0.110561
0.33997
0.128308
-0.10844
0.342984
0.129146
-0.10777
0.344156
0.131936
-0.110003
0.34689
0.134838
-0.116086
0.349402
0.138745
-0.124737
0.348453
0.140252
-0.131657
0.350741
0.140252
-0.137127
0.352081
0.139638
-0.140977
0.354146
0.139192
-0.14494
0.359392
0.140922
-0.149963
0.353923
0.143042
-0.15253
0.359783
0.143991
-0.155377
0.361401
0.145107
-0.157553
0.361903
0.147563
-0.158335
0.364582
0.148847
-0.15839
0.365978
0.148568
-0.158725
0.369661
0.148344
-0.158781
0.373289
0.149572
-0.160009
0.37368
0.150019
-0.160009
0.373512
0.150688
-0.160009
0.371503
0.1508
-0.158111
0.37061
0.150298
-0.156716
0.369829
0.148735
-0.155321
0.368433
0.14667
-0.153479
0.366257
0.145554
-0.15147
0.363243
0.144828
-0.149349
0.362796
0.145386
-0.145554
0.363187
0.145833
-0.136847
0.361401
0.148958
-0.126634
0.356769
0.153479
-0.118653
0.352695
0.164976
-0.110114
0.345384
0.175301
-0.106989
0.335449
0.185793
-0.105817
0.326687
0.195783
-0.105594
0.315023
0.206611
-0.105984
0.302186
0.218108
-0.108607
0.287396
0.227261
-0.114914
0.279304
0.236525
-0.118597
0.278969
0.242887
-0.117593
0.272551
0.237362
-0.121779
0.268923
0.23167
-0.125239
0.260161
0.222907
-0.134838
0.253519
0.220005
-0.143377
0.245483
0.220787
-0.150912
0.238172
0.219615
-0.15733
0.229856
0.217326
-0.161404
0.223103
0.215317
-0.164864
0.217745
0.212303
-0.171729
0.210434
0.209959
-0.178929
0.203904
0.206778
-0.187858
0.200499
0.206108
-0.190091
0.205578
0.205104
-0.191486
0.205132
0.20555
-0.194053
0.205857
0.206611
-0.195169
0.204574
0.205271
-0.197402
0.201169
0.202592
-0.198016
0.199272
0.200471
-0.198239
0.199551
0.198909
-0.200416
0.197541
0.196955
-0.204657
0.197095
0.194667
-0.205494
0.192686
0.188416
-0.20449
0.192239
0.185626
-0.204043
0.192463
0.184454
-0.204992
0.192239
0.183114
-0.208731
0.193691
0.182556
-0.211578
0.194583
0.182166
-0.213978
0.194918
0.182166
-0.21515
0.195309
0.182221
-0.215987
0.192518
0.181049
-0.218163
0.190398
0.176752
-0.216545
0.188947
0.168213
-0.216154
0.189058
0.162241
-0.217215
0.187942
0.155711
-0.216768
0.186435
0.149182
-0.217215
0.189226
0.139805
-0.218163
0.191123
0.130708
-0.220284
0.193523
0.124625
-0.222628
0.195588
0.11776
-0.225586
0.199383
0.11084
-0.226368
0.202955
0.103808
-0.224917
0.209429
0.0956035
-0.223912
0.214675
0.0881807
-0.222628
0.21847
0.0816508
-0.223019
0.222935
0.0767395
-0.224024
0.227902
0.0681447
-0.223019
0.231251
0.0597731
-0.221121
0.237279
0.049504
-0.21794
0.24152
0.0413556
-0.214312
0.246264
0.035049
-0.210406
0.246152
0.0280727
-0.204881
0.246655
0.0238311
-0.198462
0.247436
0.0203709
-0.187133
0.245427
0.0233288
-0.179208
0.241074
0.0286866
-0.172064
0.238618
0.0344909
-0.164697
0.235939
0.0416905
-0.156828
0.232758
0.0502853
-0.150688
0.228684
0.0599405
-0.143042
0.226284
0.070991
-0.137182
0.225279
0.0812602
-0.132773
0.224777
0.0889062
-0.132104
0.225503
0.0968871
-0.130318
0.227288
0.105147
-0.128308
0.231418
0.114133
-0.126857
0.237111
0.122616
-0.126411
0.244032
0.131378
-0.128476
0.246152
0.140364
-0.129983
0.251064
0.147172
-0.128476
0.256254
0.15387
-0.125071
0.262672
0.158223
-0.121165
0.273221
0.164809
-0.114579
0.280922
0.168436
-0.110449
0.292196
0.172399
-0.105817
0.299284
0.174408
-0.102691
0.305702
0.175245
-0.0991195
0.312567
0.17491
-0.0957151
0.318762
0.173961
-0.0916967
0.323338
0.170278
-0.08779
0.326854
0.165143
-0.0834926
0.33238
0.160009
-0.0784696
0.338965
0.154707
-0.0750094
0.342872
0.145052
-0.0747861
0.347504
0.134559
-0.0755675
0.348676
0.123732
-0.0775208
0.348062
0.113407
-0.0799765
0.346388
0.10258
-0.0832135
0.345216
0.0958267
-0.085725
0.340807
0.0866738
-0.0918083
0.334947
0.076293
-0.0993986
0.330482
0.0694841
-0.10297
0.321943
0.0596057
-0.113463
0.313683
0.0541362
-0.122448
0.307879
0.0502853
-0.12909
0.303302
0.0479413
-0.137517
0.300624
0.0510667
-0.143824
0.295601
0.0547501
-0.151916
0.29348
0.0577081
-0.15733
0.290745
0.0596057
-0.161125
0.287787
0.0606661
-0.165813
0.287899
0.0615032
-0.168715
0.286783
0.0635682
-0.171729
0.286392
0.0693167
-0.16972
0.286224
0.0762372
-0.170669
0.283601
0.0825996
-0.173794
0.286001
0.0866738
-0.173013
0.288122
0.0944314
-0.174743
0.289461
0.103138
-0.178036
0.288457
0.115249
-0.18317
0.293368
0.124625
-0.184007
0.293647
0.13428
-0.1873
0.289852
0.142931
-0.188249
0.287452
0.152921
-0.181887
0.288066
0.161851
-0.177757
0.284159
0.170836
-0.17865
0.27763
0.184007
-0.18317
0.270821
0.191598
-0.189365
0.265072
0.197067
-0.196453
0.258542
0.201588
-0.202927
0.251845
0.206834
-0.210629
0.242636
0.21208
-0.216154
0.23566
0.216098
-0.2214
0.230805
0.218722
-0.225419
0.226061
0.218945
-0.229939
0.220647
0.218275
-0.235353
0.217856
0.218163
-0.23965
0.215512
0.217215
-0.241995
0.209931
0.214871
-0.24378
0.207029
0.209234
-0.243613
0.204295
0.204211
-0.242608
0.202676
0.199076
-0.238646
0.200332
0.194053
-0.232953
0.198602
0.188807
-0.225196
0.199662
0.185235
-0.218442
0.202285
0.182054
-0.209345
0.206415
0.180994
-0.202592
0.206304
0.179766
-0.196286
0.206862
0.177589
-0.190705
0.208536
0.177533
-0.184342
0.21395
0.177422
-0.175022
0.215345
0.177868
-0.16799
0.219028
0.180324
-0.156828
0.221484
0.182221
-0.151079
0.224386
0.18691
-0.144438
0.227735
0.191319
-0.139582
0.23086
0.198127
-0.134392
0.235381
0.203374
-0.13082
0.239567
0.208397
-0.12775
0.245259
0.212471
-0.125406
0.257426
0.216601
-0.124737
0.26457
0.220173
-0.126188
0.2711
0.222572
-0.127583
0.277295
0.227651
-0.129369
0.282094
0.230274
-0.131211
0.286336
0.236079
-0.135062
0.294373
0.238199
-0.138243
0.304809
0.240432
-0.142987
0.312455
0.245064
-0.149237
0.321943
0.249529
-0.15493
0.328306
0.253212
-0.15973
0.331375
0.256952
-0.166204
0.330259
0.259742
-0.169497
0.333049
0.263984
-0.17558
0.336789
0.269063
-0.180715
0.343653
0.273862
-0.181217
0.350407
0.269844
-0.174129
0.331152
0.261417
-0.176417
0.326073
0.258291
-0.177366
0.320101
0.250813
-0.178315
0.307879
0.239148
-0.181942
0.3028
0.233065
-0.183338
0.298168
0.223075
-0.184956
0.289127
0.216433
-0.187802
0.282876
0.209178
-0.192658
0.279639
0.202425
-0.196788
0.277183
0.196955
-0.199634
0.273221
0.1921
-0.202704
0.268477
0.187691
-0.20689
0.265519
0.184677
-0.210238
0.264123
0.182277
-0.213643
0.263119
0.180491
-0.215931
0.262505
0.177924
-0.219503
0.260663
0.176417
-0.221289
0.262058
0.176082
-0.220954
0.263454
0.176417
-0.222126
0.260775
0.176696
-0.222852
0.261556
0.176752
-0.223298
0.264626
0.176417
-0.224024
0.263398
0.177087
-0.225084
0.264123
0.178761
-0.227093
0.261556
0.179152
-0.229437
0.259547
0.17865
-0.228209
0.256756
0.175245
-0.224247
0.257091
0.173124
-0.222517
0.256756
0.171729
-0.221568
0.256701
0.170501
-0.221624
0.259714
0.167766
-0.222014
0.262561
0.164083
-0.222796
0.259491
0.158055
-0.221177
0.258263
0.148958
-0.219056
0.255863
0.140754
-0.219335
0.252905
0.130318
-0.217047
0.252738
0.119993
-0.21381
0.25324
0.111844
-0.211243
0.252961
0.105649
-0.207671
0.251175
0.10124
-0.202481
0.24911
0.100013
-0.197625
0.24565
0.101631
-0.19316
0.240181
0.104031
-0.189198
0.233651
0.108607
-0.186128
0.228907
0.114691
-0.182612
0.227344
0.120607
-0.179543
0.224554
0.125127
-0.177812
0.220982
0.128922
-0.177533
0.218861
0.134336
-0.177254
0.219475
0.138745
-0.175915
0.220926
0.145386
-0.176361
0.221875
0.151749
-0.17731
0.228963
0.156604
-0.177366
0.23259
0.161516
-0.178817
0.233204
0.164864
-0.179431
0.235827
0.170501
-0.180659
0.239957
0.175747
-0.18624
0.237167
0.180212
-0.192267
0.238451
0.180994
-0.195393
0.241129
0.181161
-0.198295
0.242357
0.1825
-0.200862
0.243864
0.184398
-0.203764
0.247101
0.186854
-0.205773
0.253575
0.190481
-0.207336
0.257761
0.194946
-0.208173
0.265184
0.199969
-0.204601
0.268253
0.20276
-0.198518
0.270263
0.204043
-0.190872
0.272997
0.202369
-0.181831
0.275341
0.199188
-0.173738
0.274504
0.197904
-0.170501
0.274951
0.197402
-0.169776
0.274672
0.196062
-0.163302
0.272383
0.195002
-0.157051
0.269314
0.195337
-0.149516
0.26937
0.197346
-0.143824
0.269704
0.199523
-0.140587
0.269035
0.200137
-0.140252
0.268756
0.201309
-0.139973
0.270597
0.202034
-0.14014
0.268532
0.204267
-0.140977
0.267528
0.206332
-0.143321
0.265407
0.207671
-0.146056
0.264849
0.205941
-0.145889
0.266356
0.201085
-0.143489
0.267751
0.196565
-0.142094
0.267416
0.19076
-0.140196
0.266691
0.184063
-0.139694
0.266914
0.176696
-0.14081
0.268253
0.170055
-0.142205
0.269816
0.161739
-0.144996
0.269872
0.15214
-0.149516
0.271156
0.142261
-0.156158
0.269091
0.136345
-0.163637
0.269816
0.13188
-0.172008
0.27283
0.12842
-0.18451
0.272997
0.129146
-0.194779
0.273053
0.133108
-0.208397
0.274895
0.138131
-0.21727
0.275341
0.140587
-0.222907
0.276011
0.14187
-0.225475
0.277741
0.146614
-0.2286
0.278411
0.151916
-0.230665
0.281592
0.157776
-0.234069
0.282039
0.163637
-0.238702
0.285443
0.171394
-0.243055
0.287117
0.175915
-0.245566
0.287731
0.177143
-0.245678
0.291973
0.179822
-0.24512
0.29521
0.184565
-0.244227
0.296605
0.191095
-0.24099
0.296438
0.197123
-0.236693
0.295601
0.202313
-0.231614
0.294149
0.206387
-0.224972
0.294094
0.209903
-0.21621
0.29588
0.213531
-0.206053
0.298614
0.216657
-0.197681
0.297275
0.217661
-0.192602
0.297498
0.218498
-0.186798
0.297721
0.219503
-0.183282
0.297666
0.219949
-0.181831
0.298893
0.221066
-0.180435
0.302075
0.224526
-0.180101
0.304753
0.225865
-0.179989
0.304586
0.228042
-0.176026
0.303191
0.226758
-0.171394
0.299675
0.223465
-0.16559
0.297331
0.221568
-0.161627
0.293089
0.218777
-0.156437
0.294819
0.217047
-0.151414
0.290187
0.21554
-0.1484
0.287285
0.214592
-0.146614
0.286615
0.214201
-0.144438
0.286057
0.213531
-0.144382
0.284941
0.212694
-0.14388
0.284941
0.211131
-0.142875
0.285108
0.209457
-0.141703
0.28561
0.206778
-0.140531
0.282429
0.201644
-0.140643
0.281648
0.194277
-0.140252
0.276569
0.187021
-0.141033
0.274839
0.179152
-0.137238
0.273332
0.172287
-0.135899
0.273611
0.166036
-0.137852
0.273834
0.157721
-0.141926
0.272607
0.149293
-0.147563
0.272104
0.140977
-0.156046
0.271379
0.135843
-0.161739
0.270374
0.127862
-0.171115
0.270151
0.120048
-0.183338
0.269928
0.112291
-0.19556
0.265965
0.104756
-0.206332
0.265574
0.0984498
-0.21515
0.265295
0.0932594
-0.223354
0.262672
0.0896317
-0.235409
0.261779
0.0903015
-0.244339
0.260272
0.0915851
-0.249027
0.260552
0.0936501
-0.251092
0.256254
0.0929804
-0.249473
0.25218
0.0909154
-0.248413
0.250394
0.0908038
-0.244952
0.246766
0.092199
-0.241548
0.241743
0.0928129
-0.236079
0.233874
0.0908038
-0.232842
0.229465
0.0896875
-0.228767
0.227568
0.0890178
-0.222517
0.231474
0.0890178
-0.215764
0.228907
0.091027
-0.214145
0.224498
0.0928129
-0.210183
0.225949
0.0944314
-0.20209
0.221261
0.0940966
-0.198072
0.220201
0.0917525
-0.189533
0.219866
0.0901898
-0.177533
0.217019
0.0916967
-0.169273
0.213671
0.0963848
-0.164362
0.212554
0.100738
-0.160623
0.212108
0.107156
-0.15666
0.217466
0.116588
-0.15666
0.221373
0.129927
-0.158781
0.22913
0.137573
-0.159562
0.236274
0.143321
-0.163246
0.246934
0.147451
-0.166427
0.255808
0.152753
-0.171617
0.260663
0.157274
-0.17731
0.266802
0.161181
-0.182724
0.270932
0.166092
-0.186575
0.277016
0.168827
-0.188919
0.28349
0.172901
-0.189365
0.288903
0.176585
-0.190147
0.298447
0.180994
-0.18797
0.307153
0.184342
-0.184175
0.317422
0.185235
-0.178259
0.323227
0.183338
-0.172957
0.332045
0.178538
-0.169776
0.340361
0.173069
-0.168157
0.345495
0.166427
-0.166371
0.34823
0.161292
-0.166315
0.346667
0.152809
-0.163302
0.345384
0.144661
-0.160009
0.336845
0.138968
-0.15666
0.330036
0.132215
-0.151749
0.326631
0.127527
-0.148121
0.320827
0.123006
-0.146335
0.314241
0.12362
-0.147675
0.304474
0.128029
-0.148344
0.292084
0.13361
-0.148791
0.281871
0.141201
-0.148903
0.272774
0.147117
-0.146447
0.261054
0.152586
-0.144605
0.249334
0.156772
-0.142149
0.240181
0.161292
-0.141201
0.229465
0.164585
-0.140754
0.220089
0.166985
-0.137685
0.207811
0.166539
-0.135006
0.197374
0.165646
-0.133834
0.186268
0.16252
-0.137796
0.178957
0.160344
-0.141033
0.172538
0.159339
-0.151023
0.167404
0.159004
-0.161906
0.163664
0.157721
-0.173403
0.163162
0.154428
-0.186854
0.163218
0.150186
-0.204657
0.163943
0.145721
-0.220228
